source,event,phase,timestamp_us,replica_pid,peer_pid,gc_marker,sent_us,received_us,start_us,end_us,insert_count,delete_count,detail,client_id,operation,value,status_code,latency_us
server,replica_init,start,1788432298070861,178842684286993612,,,,,,,,,,,,,,
server,persistent_state_fetch,completed,1788432298735134,178842684286993612,,,,,1788432298070896,1788432298735134,,,restored_existing_snapshot,,,,,664238
server,membership_descriptor_write,completed,1788432298198585,178842684286993612,,,,,1788432298071124,1788432298198585,,,"178842684286993612,35.179.101.242:19080,0",,,,,127461
server,membership_directory_read,completed,1788432298319706,178842684286993612,,,,,1788432298198588,1788432298319706,,,init:254 descriptors,,,,,121118
server,replica_init,completed,1788432299465847,178842684286993612,,,,,,,,,,,,,,
server,peer_replication_connection,established,1788432299466298,178842684286993612,178842684426434111,,,,,,,,,,,,,
server,peer_replication_connection,established,1788432299466328,178842684286993612,178842684114092210,,,,,,,,,,,,,
server,peer_replication_connection,established,1788432299466337,178842684286993612,178842683956181211,,,,,,,,,,,,,
server,peer_replication_connection,established,1788432299466345,178842684286993612,178842684426432108,,,,,,,,,,,,,
server,peer_replication_pull_request,sent,1788432299466704,178842684286993612,,,,,,,,,connected_peers=4,,,,,
server,peer_replication_connection,established,1788432299482360,178842684286993612,178842684426436110,,,,,,,,,,,,,
server,peer_replication_connection,established,1788432299482387,178842684286993612,178842684426433111,,,,,,,,,,,,,
server,peer_replication_connection,established,1788432299482428,178842684286993612,178842684426435111,,,,,,,,,,,,,
server,peer_replication_connection,established,1788432299485618,178842684286993612,178842684114093209,,,,,,,,,,,,,
server,peer_replication_connection,established,1788432299485658,178842684286993612,178842684114091211,,,,,,,,,,,,,
server,peer_replication_connection,established,1788432299485667,178842684286993612,178842684114090212,,,,,,,,,,,,,
server,peer_replication_connection,established,1788432299491197,178842684286993612,178842683956182210,,,,,,,,,,,,,
server,peer_replication_connection,established,1788432299491248,178842684286993612,178842683956185212,,,,,,,,,,,,,
server,peer_replication_connection,established,1788432299491271,178842684286993612,178842683956183209,,,,,,,,,,,,,
server,peer_replication_connection,established,1788432299491606,178842684286993612,178842683956184212,,,,,,,,,,,,,
server,peer_replication_connection,established,1788432299521925,178842684286993612,178842683849157812,,,,,,,,,,,,,
server,peer_replication_connection,established,1788432299521948,178842684286993612,178842683849155809,,,,,,,,,,,,,
server,peer_replication_connection,established,1788432299524436,178842684286993612,178842683849158812,,,,,,,,,,,,,
server,peer_replication_connection,established,1788432299524473,178842684286993612,178842683849156812,,,,,,,,,,,,,
server,peer_replication_connection,established,1788432299524540,178842684286993612,178842683849154810,,,,,,,,,,,,,
server,peer_replication_connection,established,1788432299535039,178842684286993612,178842684114094212,,,,,,,,,,,,,
server,peer_replication_merge_delta,completed,1788432299720969,178842684286993612,,53,,1788432299539277,1788432299719906,1788432299720969,,,"delta_len=2491,sent_us=1788432299481257",,,,,1063
server,client_mutation,completed,1788432299723303,178842684286993612,,,,1788432299626369,1788432299626369,1788432299723303,,,http_data_plane,,,,,96934
server,client_mutation,completed,1788432299727818,178842684286993612,,,,1788432299725682,1788432299725682,1788432299727818,,,http_data_plane,,,,,2136
server,client_mutation,completed,1788432299828619,178842684286993612,,,,1788432299826242,1788432299826242,1788432299828619,,,http_data_plane,,,,,2377
server,peer_replication_get_delta,completed,1788432299876498,178842684286993612,178842684114091211,53,,1788432299876329,1788432299876334,1788432299876498,,,"delta_len=9,sent_us=1788432299861247",,,,,164
server,client_mutation,completed,1788432299928131,178842684286993612,,,,1788432299925835,1788432299925836,1788432299928131,,,http_data_plane,,,,,2295
server,client_mutation,completed,1788432300045304,178842684286993612,,,,1788432300033922,1788432300033922,1788432300045304,,,http_data_plane,,,,,11382
server,client_mutation,completed,1788432300129007,178842684286993612,,,,1788432300125872,1788432300125872,1788432300129007,,,http_data_plane,,,,,3135
server,client_mutation,completed,1788432300230773,178842684286993612,,,,1788432300226550,1788432300226550,1788432300230773,,,http_data_plane,,,,,4223
server,client_mutation,completed,1788432300330940,178842684286993612,,,,1788432300328255,1788432300328255,1788432300330940,,,http_data_plane,,,,,2685
server,peer_replication_get_delta,completed,1788432300395717,178842684286993612,178842684426432108,53,,1788432300395441,1788432300395449,1788432300395717,,,"delta_len=20,sent_us=1788432300384144",,,,,268
server,client_mutation,completed,1788432300428880,178842684286993612,,,,1788432300425936,1788432300425936,1788432300428880,,,http_data_plane,,,,,2944
server,peer_replication_pull_request,sent,1788432300466945,178842684286993612,,,,,,,,,connected_peers=20,,,,,
server,peer_replication_merge_delta,completed,1788432300512037,178842684286993612,,53,,1788432300497192,1788432300511937,1788432300512037,,,"delta_len=110,sent_us=1788432300481472",,,,,100
server,client_mutation,completed,1788432300527960,178842684286993612,,,,1788432300525752,1788432300525752,1788432300527960,,,http_data_plane,,,,,2208
server,peer_replication_get_delta,completed,1788432300610182,178842684286993612,178842683956183209,53,,1788432300609997,1788432300610007,1788432300610182,,,"delta_len=38,sent_us=1788432300590937",,,,,175
server,client_mutation,completed,1788432300628821,178842684286993612,,,,1788432300626560,1788432300626560,1788432300628821,,,http_data_plane,,,,,2261
server,client_mutation,completed,1788432300728219,178842684286993612,,,,1788432300725879,1788432300725880,1788432300728219,,,http_data_plane,,,,,2339
server,client_mutation,completed,1788432300828746,178842684286993612,,,,1788432300826551,1788432300826551,1788432300828746,,,http_data_plane,,,,,2195
server,client_mutation,completed,1788432300927764,178842684286993612,,,,1788432300926454,1788432300926454,1788432300927764,,,http_data_plane,,,,,1310
server,client_mutation,completed,1788432301027860,178842684286993612,,,,1788432301026486,1788432301026486,1788432301027860,,,http_data_plane,,,,,1374
server,client_mutation,completed,1788432301127110,178842684286993612,,,,1788432301126159,1788432301126159,1788432301127110,,,http_data_plane,,,,,951
server,peer_replication_connection,established,1788432301142218,178842684286993612,178842684286994612,,,,,,,,,,,,,
server,client_mutation,completed,1788432301227739,178842684286993612,,,,1788432301226669,1788432301226669,1788432301227739,,,http_data_plane,,,,,1070
server,client_mutation,completed,1788432301430704,178842684286993612,,,,1788432301429742,1788432301429742,1788432301430704,,,http_data_plane,,,,,962
server,peer_replication_pull_request,sent,1788432301467607,178842684286993612,,,,,,,,,connected_peers=21,,,,,
server,peer_replication_merge_delta,completed,1788432301579229,178842684286993612,,53,,1788432301536201,1788432301579141,1788432301579229,,,"delta_len=94,sent_us=1788432301523251",,,,,88
server,client_mutation,completed,1788432301626817,178842684286993612,,,,1788432301625687,1788432301625687,1788432301626817,,,http_data_plane,,,,,1130
server,client_mutation,completed,1788432301827467,178842684286993612,,,,1788432301826449,1788432301826450,1788432301827467,,,http_data_plane,,,,,1017
server,client_mutation,completed,1788432302028244,178842684286993612,,,,1788432302027211,1788432302027211,1788432302028244,,,http_data_plane,,,,,1033
server,peer_replication_get_delta,completed,1788432302143926,178842684286993612,178842684286994612,53,,1788432302143745,1788432302143748,1788432302143926,,,"delta_len=109,sent_us=1788432302142960",,,,,178
server,client_mutation,completed,1788432302227651,178842684286993612,,,,1788432302226354,1788432302226354,1788432302227651,,,http_data_plane,,,,,1297
server,client_mutation,completed,1788432302426581,178842684286993612,,,,1788432302425631,1788432302425631,1788432302426581,,,http_data_plane,,,,,950
server,peer_replication_pull_request,sent,1788432302467698,178842684286993612,,,,,,,,,connected_peers=21,,,,,
server,peer_replication_merge_delta,completed,1788432302474279,178842684286993612,,53,,1788432302469652,1788432302474248,1788432302474279,,,"delta_len=23,sent_us=1788432302468708",,,,,31
server,peer_replication_get_delta,completed,1788432302596635,178842684286993612,178842684426435111,53,,1788432302596475,1788432302596480,1788432302596635,,,"delta_len=51,sent_us=1788432302584799",,,,,155
server,client_mutation,completed,1788432302627203,178842684286993612,,,,1788432302626308,1788432302626308,1788432302627203,,,http_data_plane,,,,,895
server,peer_replication_get_delta,completed,1788432302737239,178842684286993612,178842683956185212,53,,1788432302737080,1788432302737090,1788432302737239,,,"delta_len=32,sent_us=1788432302717221",,,,,149
server,client_mutation,completed,1788432302827707,178842684286993612,,,,1788432302826257,1788432302826257,1788432302827707,,,http_data_plane,,,,,1450
server,peer_replication_get_delta,completed,1788432302888973,178842684286993612,178842684114093209,53,,1788432302888787,1788432302888792,1788432302888973,,,"delta_len=95,sent_us=1788432302873639",,,,,181
server,client_mutation,completed,1788432303027347,178842684286993612,,,,1788432303026267,1788432303026267,1788432303027347,,,http_data_plane,,,,,1080
server,peer_replication_get_delta,completed,1788432303085257,178842684286993612,178842684426436110,53,,1788432303085067,1788432303085073,1788432303085257,,,"delta_len=22,sent_us=1788432303070989",,,,,184
server,membership_directory_read,completed,1788432303131788,178842684286993612,,,,,1788432303072088,1788432303131788,,,poll:255 descriptors,,,,,59700
server,peer_replication_connection,established,1788432305508998,178842684286993612,178842684286995611,,,,,,,,,,,,,
server,client_mutation,completed,1788432303227059,178842684286993612,,,,1788432303225574,1788432303225574,1788432303227059,,,http_data_plane,,,,,1485
server,client_mutation,completed,1788432303431165,178842684286993612,,,,1788432303426684,1788432303426684,1788432303431165,,,http_data_plane,,,,,4481
server,client_mutation,completed,1788432303738975,178842684286993612,,,,1788432303729690,1788432303729690,1788432303738975,,,http_data_plane,,,,,9285
server,peer_replication_get_delta,completed,1788432305509269,178842684286993612,178842684114093209,53,,1788432305509110,1788432305509113,1788432305509269,,,"delta_len=9,sent_us=1788432303872683",,,,,156
server,client_mutation,completed,1788432304027068,178842684286993612,,,,1788432304025949,1788432304025949,1788432304027068,,,http_data_plane,,,,,1119
server,client_mutation,completed,1788432304327689,178842684286993612,,,,1788432304326635,1788432304326635,1788432304327689,,,http_data_plane,,,,,1054
server,client_mutation,completed,1788432304626680,178842684286993612,,,,1788432304625718,1788432304625718,1788432304626680,,,http_data_plane,,,,,962
server,client_mutation,completed,1788432304933589,178842684286993612,,,,1788432304928853,1788432304928853,1788432304933589,,,http_data_plane,,,,,4736
server,client_mutation,completed,1788432305227079,178842684286993612,,,,1788432305226016,1788432305226016,1788432305227079,,,http_data_plane,,,,,1063
server,peer_replication_get_delta,completed,1788432305509749,178842684286993612,178842684286995611,53,,1788432305509318,1788432305509320,1788432305509749,,,"delta_len=2665,sent_us=1788432304337352",,,,,429
server,peer_replication_pull_request,sent,1788432305509786,178842684286993612,,,,,,,,,connected_peers=22,,,,,
server,peer_replication_pull_request,sent,1788432305509799,178842684286993612,,,,,,,,,connected_peers=22,,,,,
server,peer_replication_pull_request,sent,1788432305509807,178842684286993612,,,,,,,,,connected_peers=22,,,,,
server,client_mutation,completed,1788432305526729,178842684286993612,,,,1788432305525763,1788432305525763,1788432305526729,,,http_data_plane,,,,,966
server,peer_replication_merge_delta,completed,1788432305614169,178842684286993612,,53,,1788432305594250,1788432305614099,1788432305614169,,,"delta_len=89,sent_us=1788432305574964",,,,,70
server,peer_replication_merge_delta,completed,1788432305670357,178842684286993612,,53,,1788432305639758,1788432305670280,1788432305670357,,,"delta_len=98,sent_us=1788432305598759",,,,,77
server,peer_replication_merge_delta,completed,1788432305689755,178842684286993612,,53,,1788432305670436,1788432305689732,1788432305689755,,,"delta_len=80,sent_us=1788432305598769",,,,,23
server,client_mutation,completed,1788432305826552,178842684286993612,,,,1788432305825602,1788432305825602,1788432305826552,,,http_data_plane,,,,,950
server,peer_replication_connection,established,1788432305878786,178842684286993612,178842684286996610,,,,,,,,,,,,,
server,client_mutation,completed,1788432306227230,178842684286993612,,,,1788432306226086,1788432306226086,1788432306227230,,,http_data_plane,,,,,1144
server,peer_replication_pull_request,sent,1788432306467130,178842684286993612,,,,,,,,,connected_peers=23,,,,,
server,peer_replication_get_delta,completed,1788432306496044,178842684286993612,178842683849157812,53,,1788432306495878,1788432306495884,1788432306496044,,,"delta_len=54,sent_us=1788432306454426",,,,,160
server,peer_replication_merge_delta,completed,1788432306526509,178842684286993612,,53,,1788432306499209,1788432306526444,1788432306526509,,,"delta_len=55,sent_us=1788432306481481",,,,,65
server,client_mutation,completed,1788432306626739,178842684286993612,,,,1788432306625779,1788432306625779,1788432306626739,,,http_data_plane,,,,,960
server,client_mutation,completed,1788432307029067,178842684286993612,,,,1788432307027925,1788432307027925,1788432307029067,,,http_data_plane,,,,,1142
server,peer_replication_get_delta,completed,1788432307157942,178842684286993612,178842684426433111,53,,1788432307157740,1788432307157747,1788432307157942,,,"delta_len=86,sent_us=1788432307145059",,,,,195
server,client_mutation,completed,1788432307426919,178842684286993612,,,,1788432307425582,1788432307425582,1788432307426919,,,http_data_plane,,,,,1337
server,peer_replication_pull_request,sent,1788432307467640,178842684286993612,,,,,,,,,connected_peers=23,,,,,
server,peer_replication_merge_delta,completed,1788432307491079,178842684286993612,,53,,1788432307484561,1788432307491042,1788432307491079,,,"delta_len=49,sent_us=1788432307479604",,,,,37
server,peer_replication_get_delta,completed,1788432307646710,178842684286993612,178842684286994612,53,,1788432307646521,1788432307646526,1788432307646710,,,"delta_len=199,sent_us=1788432307645866",,,,,184
server,client_mutation,completed,1788432307827547,178842684286993612,,,,1788432307826396,1788432307826396,1788432307827547,,,http_data_plane,,,,,1151
server,membership_directory_read,completed,1788432308143621,178842684286993612,,,,,1788432308072781,1788432308143621,,,poll:256 descriptors,,,,,70840
server,client_mutation,completed,1788432308229110,178842684286993612,,,,1788432308226867,1788432308226867,1788432308229110,,,http_data_plane,,,,,2243
server,peer_replication_pull_request,sent,1788432308467471,178842684286993612,,,,,,,,,connected_peers=23,,,,,
server,client_mutation,completed,1788432308630051,178842684286993612,,,,1788432308629150,1788432308629150,1788432308630051,,,http_data_plane,,,,,901
server,client_mutation,completed,1788432309027804,178842684286993612,,,,1788432309025951,1788432309025951,1788432309027804,,,http_data_plane,,,,,1853
server,client_mutation,completed,1788432309426562,178842684286993612,,,,1788432309425566,1788432309425566,1788432309426562,,,http_data_plane,,,,,996
server,peer_replication_get_delta,completed,1788432309436590,178842684286993612,178842684426432108,53,,1788432309436011,1788432309436090,1788432309436590,,,"delta_len=14,sent_us=1788432309383588",,,,,500
server,peer_replication_pull_request,sent,1788432309467190,178842684286993612,,,,,,,,,connected_peers=23,,,,,
server,peer_replication_merge_delta,completed,1788432309491295,178842684286993612,,53,,1788432309483976,1788432309491249,1788432309491295,,,"delta_len=48,sent_us=1788432309480249",,,,,46
server,peer_replication_connection,established,1788432309497814,178842684286993612,178842684286997609,,,,,,,,,,,,,
server,client_mutation,completed,1788432309727124,178842684286993612,,,,1788432309725746,1788432309725746,1788432309727124,,,http_data_plane,,,,,1378
server,peer_replication_merge_delta,completed,1788432309825759,178842684286993612,,53,,1788432309821285,1788432309825721,1788432309825759,,,"delta_len=23,sent_us=1788432309820630",,,,,38
server,client_mutation,completed,1788432310227268,178842684286993612,,,,1788432310226030,1788432310226030,1788432310227268,,,http_data_plane,,,,,1238
server,peer_replication_pull_request,sent,1788432310467640,178842684286993612,,,,,,,,,connected_peers=24,,,,,
server,peer_replication_merge_delta,completed,1788432310612972,178842684286993612,,53,,1788432310604251,1788432310612909,1788432310612972,,,"delta_len=68,sent_us=1788432310562581",,,,,63
server,client_mutation,completed,1788432310726816,178842684286993612,,,,1788432310725567,1788432310725567,1788432310726816,,,http_data_plane,,,,,1249
server,client_mutation,completed,1788432311226601,178842684286993612,,,,1788432311225762,1788432311225762,1788432311226601,,,http_data_plane,,,,,839
server,peer_replication_get_delta,completed,1788432311413269,178842684286993612,178842683849154810,53,,1788432311413098,1788432311413104,1788432311413269,,,"delta_len=55,sent_us=1788432311370417",,,,,165
server,peer_replication_pull_request,sent,1788432311467534,178842684286993612,,,,,,,,,connected_peers=24,,,,,
server,peer_replication_merge_delta,completed,1788432311531784,178842684286993612,,53,,1788432311527163,1788432311531741,1788432311531784,,,"delta_len=43,sent_us=1788432311523340",,,,,43
server,client_mutation,completed,1788432311726651,178842684286993612,,,,1788432311725750,1788432311725750,1788432311726651,,,http_data_plane,,,,,901
server,peer_replication_get_delta,completed,1788432311771349,178842684286993612,178842683849158812,53,,1788432311771172,1788432311771179,1788432311771349,,,"delta_len=84,sent_us=1788432311727126",,,,,170
server,peer_replication_get_delta,completed,1788432312145964,178842684286993612,178842683849156812,53,,1788432312145795,1788432312145802,1788432312145964,,,"delta_len=97,sent_us=1788432312103765",,,,,162
server,client_mutation,completed,1788432312226648,178842684286993612,,,,1788432312225648,1788432312225648,1788432312226648,,,http_data_plane,,,,,1000
server,peer_replication_get_delta,completed,1788432312353526,178842684286993612,178842684426434111,53,,1788432312353343,1788432312353349,1788432312353526,,,"delta_len=37,sent_us=1788432312340596",,,,,177
server,peer_replication_pull_request,sent,1788432312466968,178842684286993612,,,,,,,,,connected_peers=24,,,,,
server,peer_replication_merge_delta,refused_stale_gc,1788432312468828,178842684286993612,,52,1788432312467897,1788432312468826,,,,,"remote_gc_counter=52,current_gc_counter=53,delta_len=28",,,,,2
server,peer_replication_get_delta,completed,1788432312547406,178842684286993612,178842684114094212,53,,1788432312547213,1788432312547224,1788432312547406,,,"delta_len=61,sent_us=1788432312530283",,,,,182
server,client_mutation,completed,1788432312728107,178842684286993612,,,,1788432312725995,1788432312725995,1788432312728107,,,http_data_plane,,,,,2112
server,membership_directory_read,completed,1788432313142951,178842684286993612,,,,,1788432313072272,1788432313142951,,,poll:257 descriptors,,,,,70679
server,client_mutation,completed,1788432313227691,178842684286993612,,,,1788432313225760,1788432313225760,1788432313227691,,,http_data_plane,,,,,1931
server,peer_replication_get_delta,completed,1788432313274982,178842684286993612,178842683956181211,53,,1788432313274821,1788432313274825,1788432313274982,,,"delta_len=3,sent_us=1788432313257675",,,,,157
server,peer_replication_pull_request,sent,1788432313467530,178842684286993612,,,,,,,,,connected_peers=24,,,,,
server,peer_replication_merge_delta,completed,1788432313547396,178842684286993612,,53,,1788432313540910,1788432313547338,1788432313547396,,,"delta_len=42,sent_us=1788432313525197",,,,,58
server,client_mutation,completed,1788432313727671,178842684286993612,,,,1788432313726173,1788432313726173,1788432313727671,,,http_data_plane,,,,,1498
server,client_mutation,completed,1788432314226616,178842684286993612,,,,1788432314225610,1788432314225610,1788432314226616,,,http_data_plane,,,,,1006
server,peer_replication_get_delta,completed,1788432314337749,178842684286993612,178842684286995611,53,,1788432314337538,1788432314337543,1788432314337749,,,"delta_len=448,sent_us=1788432314336836",,,,,206
server,peer_replication_get_delta,completed,1788432314458127,178842684286993612,178842683849154810,53,,1788432314457937,1788432314457943,1788432314458127,,,"delta_len=28,sent_us=1788432314370653",,,,,184
server,peer_replication_pull_request,sent,1788432314467889,178842684286993612,,,,,,,,,connected_peers=24,,,,,
server,peer_replication_merge_delta,completed,1788432314492875,178842684286993612,,53,,1788432314489826,1788432314492856,1788432314492875,,,"delta_len=14,sent_us=1788432314482250",,,,,19
server,client_mutation,completed,1788432314729867,178842684286993612,,,,1788432314728416,1788432314728416,1788432314729867,,,http_data_plane,,,,,1451
server,client_mutation,completed,1788432315226756,178842684286993612,,,,1788432315225607,1788432315225607,1788432315226756,,,http_data_plane,,,,,1149
server,peer_replication_pull_request,sent,1788432315467064,178842684286993612,,,,,,,,,connected_peers=24,,,,,
server,peer_replication_merge_delta,completed,1788432315472277,178842684286993612,,53,,1788432315468842,1788432315472269,1788432315472277,,,"delta_len=4,sent_us=1788432315468005",,,,,8
server,peer_replication_get_delta,completed,1788432315472644,178842684286993612,178842683956182210,53,,1788432315472326,1788432315472329,1788432315472644,,,"delta_len=42,sent_us=1788432315453079",,,,,315
server,client_mutation,completed,1788432315726908,178842684286993612,,,,1788432315725757,1788432315725757,1788432315726908,,,http_data_plane,,,,,1151
server,peer_replication_get_delta,completed,1788432315920833,178842684286993612,178842684114091211,53,,1788432315920667,1788432315920675,1788432315920833,,,"delta_len=14,sent_us=1788432315861278",,,,,158
server,client_mutation,completed,1788432316227635,178842684286993612,,,,1788432316226551,1788432316226552,1788432316227635,,,http_data_plane,,,,,1083
server,peer_replication_pull_request,sent,1788432316466977,178842684286993612,,,,,,,,,connected_peers=24,,,,,
server,peer_replication_merge_delta,completed,1788432316474198,178842684286993612,,53,,1788432316469336,1788432316474170,1788432316474198,,,"delta_len=28,sent_us=1788432316468205",,,,,28
server,peer_replication_get_delta,completed,1788432316599701,178842684286993612,178842684114092210,53,,1788432316599457,1788432316599463,1788432316599701,,,"delta_len=55,sent_us=1788432316583723",,,,,238
server,client_mutation,completed,1788432316727590,178842684286993612,,,,1788432316726153,1788432316726153,1788432316727590,,,http_data_plane,,,,,1437
server,client_mutation,completed,1788432317228185,178842684286993612,,,,1788432317226675,1788432317226675,1788432317228185,,,http_data_plane,,,,,1510
server,peer_replication_get_delta,completed,1788432317320594,178842684286993612,178842683956181211,53,,1788432317320434,1788432317320439,1788432317320594,,,"delta_len=32,sent_us=1788432317257554",,,,,155
server,peer_replication_get_delta,completed,1788432317436159,178842684286993612,178842684426432108,53,,1788432317435991,1788432317435999,1788432317436159,,,"delta_len=58,sent_us=1788432317384016",,,,,160
server,peer_replication_pull_request,sent,1788432317467681,178842684286993612,,,,,,,,,connected_peers=24,,,,,
server,peer_replication_merge_delta,completed,1788432317632528,178842684286993612,,53,,1788432317612649,1788432317632329,1788432317632528,,,"delta_len=211,sent_us=1788432317569163",,,,,199
server,client_mutation,completed,1788432317726778,178842684286993612,,,,1788432317725611,1788432317725611,1788432317726778,,,http_data_plane,,,,,1167
server,membership_directory_read,completed,1788432318148824,178842684286993612,,,,,1788432318072016,1788432318148824,,,poll:257 descriptors,,,,,76808
server,client_mutation,completed,1788432318231673,178842684286993612,,,,1788432318228037,1788432318228037,1788432318231673,,,http_data_plane,,,,,3636
server,peer_replication_pull_request,sent,1788432318466838,178842684286993612,,,,,,,,,connected_peers=24,,,,,
server,peer_replication_get_delta,completed,1788432318472053,178842684286993612,178842683956182210,53,,1788432318471894,1788432318471900,1788432318472053,,,"delta_len=53,sent_us=1788432318452939",,,,,153
server,peer_replication_get_delta,completed,1788432318498496,178842684286993612,178842683849157812,53,,1788432318498311,1788432318498318,1788432318498496,,,"delta_len=68,sent_us=1788432318456262",,,,,178
server,peer_replication_merge_delta,completed,1788432318579428,178842684286993612,,53,,1788432318574764,1788432318579380,1788432318579428,,,"delta_len=31,sent_us=1788432318560887",,,,,48
server,client_mutation,completed,1788432318730527,178842684286993612,,,,1788432318726205,1788432318726205,1788432318730527,,,http_data_plane,,,,,4322
server,peer_replication_get_delta,completed,1788432318823759,178842684286993612,178842683849158812,53,,1788432318823581,1788432318823594,1788432318823759,,,"delta_len=46,sent_us=1788432318726284",,,,,165
server,client_mutation,completed,1788432319227152,178842684286993612,,,,1788432319226049,1788432319226049,1788432319227152,,,http_data_plane,,,,,1103
server,peer_replication_pull_request,sent,1788432319467068,178842684286993612,,,,,,,,,connected_peers=24,,,,,
server,peer_replication_merge_delta,completed,1788432319487961,178842684286993612,,53,,1788432319481878,1788432319487833,1788432319487961,,,"delta_len=61,sent_us=1788432319478061",,,,,128
server,client_mutation,completed,1788432319733318,178842684286993612,,,,1788432319730858,1788432319730858,1788432319733318,,,http_data_plane,,,,,2460
server,peer_replication_get_delta,completed,1788432319820153,178842684286993612,178842683849158812,53,,1788432319819369,1788432319819377,1788432319820153,,,"delta_len=63,sent_us=1788432319726653",,,,,776
server,peer_replication_get_delta,completed,1788432319881237,178842684286993612,178842684286996610,53,,1788432319880797,1788432319880803,1788432319881237,,,"delta_len=775,sent_us=1788432319871824",,,,,434
server,peer_replication_get_delta,completed,1788432320084009,178842684286993612,178842684426436110,53,,1788432320083775,1788432320083784,1788432320084009,,,"delta_len=33,sent_us=1788432320070622",,,,,225
server,peer_replication_get_delta,completed,1788432320145480,178842684286993612,178842684286994612,53,,1788432320144779,1788432320144785,1788432320145480,,,"delta_len=93,sent_us=1788432320143361",,,,,695
server,client_mutation,completed,1788432320226907,178842684286993612,,,,1788432320225916,1788432320225916,1788432320226907,,,http_data_plane,,,,,991
server,peer_replication_pull_request,sent,1788432320471201,178842684286993612,,,,,,,,,connected_peers=24,,,,,
server,peer_replication_merge_delta,completed,1788432320535796,178842684286993612,,53,,1788432320529735,1788432320535749,1788432320535796,,,"delta_len=36,sent_us=1788432320515061",,,,,47
server,peer_replication_get_delta,completed,1788432320547935,178842684286993612,178842684114094212,53,,1788432320547762,1788432320547768,1788432320547935,,,"delta_len=50,sent_us=1788432320529474",,,,,167
server,client_mutation,completed,1788432320726776,178842684286993612,,,,1788432320725636,1788432320725636,1788432320726776,,,http_data_plane,,,,,1140
server,peer_replication_get_delta,completed,1788432320818843,178842684286993612,178842683849158812,53,,1788432320818676,1788432320818683,1788432320818843,,,"delta_len=38,sent_us=1788432320727381",,,,,160
server,peer_replication_get_delta,completed,1788432320889061,178842684286993612,178842684114093209,53,,1788432320888676,1788432320888683,1788432320889061,,,"delta_len=66,sent_us=1788432320873511",,,,,378
server,peer_replication_get_delta,completed,1788432320913058,178842684286993612,178842683956184212,53,,1788432320912083,1788432320912090,1788432320913058,,,"delta_len=66,sent_us=1788432320891138",,,,,968
server,peer_replication_get_delta,completed,1788432320930641,178842684286993612,178842684286996610,53,,1788432320930475,1788432320930482,1788432320930641,,,"delta_len=12,sent_us=1788432320872085",,,,,159
server,peer_replication_get_delta,completed,1788432321145109,178842684286993612,178842684286994612,53,,1788432321144742,1788432321144749,1788432321145109,,,"delta_len=19,sent_us=1788432321142862",,,,,360
server,client_mutation,completed,1788432321227473,178842684286993612,,,,1788432321226180,1788432321226180,1788432321227473,,,http_data_plane,,,,,1293
server,peer_replication_pull_request,sent,1788432321467677,178842684286993612,,,,,,,,,connected_peers=24,,,,,
server,peer_replication_merge_delta,completed,1788432321496666,178842684286993612,,53,,1788432321491785,1788432321496631,1788432321496666,,,"delta_len=35,sent_us=1788432321485322",,,,,35
server,client_mutation,completed,1788432321729536,178842684286993612,,,,1788432321726395,1788432321726395,1788432321729536,,,http_data_plane,,,,,3141
server,peer_replication_get_delta,completed,1788432321889301,178842684286993612,178842684114093209,53,,1788432321888926,1788432321888931,1788432321889301,,,"delta_len=33,sent_us=1788432321873103",,,,,370
server,client_mutation,completed,1788432322229713,178842684286993612,,,,1788432322226867,1788432322226867,1788432322229713,,,http_data_plane,,,,,2846
server,peer_replication_pull_request,sent,1788432322468043,178842684286993612,,,,,,,,,connected_peers=24,,,,,
server,peer_replication_merge_delta,completed,1788432322490672,178842684286993612,,53,,1788432322484939,1788432322490636,1788432322490672,,,"delta_len=44,sent_us=1788432322480015",,,,,36
server,client_mutation,completed,1788432322727073,178842684286993612,,,,1788432322725786,1788432322725786,1788432322727073,,,http_data_plane,,,,,1287
server,membership_directory_read,completed,1788432323139266,178842684286993612,,,,,1788432323072636,1788432323139266,,,poll:257 descriptors,,,,,66630
server,client_mutation,completed,1788432323229958,178842684286993612,,,,1788432323226395,1788432323226395,1788432323229958,,,http_data_plane,,,,,3563
server,peer_replication_pull_request,sent,1788432323467175,178842684286993612,,,,,,,,,connected_peers=24,,,,,
server,peer_replication_merge_delta,completed,1788432323612751,178842684286993612,,53,,1788432323602492,1788432323612202,1788432323612751,,,"delta_len=71,sent_us=1788432323559584",,,,,549
server,client_mutation,completed,1788432323728409,178842684286993612,,,,1788432323726445,1788432323726446,1788432323728409,,,http_data_plane,,,,,1963
server,client_mutation,completed,1788432324227697,178842684286993612,,,,1788432324225599,1788432324225599,1788432324227697,,,http_data_plane,,,,,2098
server,peer_replication_pull_request,sent,1788432324467774,178842684286993612,,,,,,,,,connected_peers=24,,,,,
server,peer_replication_merge_delta,completed,1788432324500011,178842684286993612,,53,,1788432324493982,1788432324499888,1788432324500011,,,"delta_len=41,sent_us=1788432324486864",,,,,123
server,client_mutation,completed,1788432324728106,178842684286993612,,,,1788432324725563,1788432324725563,1788432324728106,,,http_data_plane,,,,,2543
server,peer_replication_get_delta,completed,1788432324951974,178842684286993612,178842683956184212,53,,1788432324951812,1788432324951820,1788432324951974,,,"delta_len=39,sent_us=1788432324890988",,,,,154
server,client_mutation,completed,1788432325230273,178842684286993612,,,,1788432325227916,1788432325227916,1788432325230273,,,http_data_plane,,,,,2357
server,peer_replication_get_delta,completed,1788432325320377,178842684286993612,178842683956181211,53,,1788432325320213,1788432325320220,1788432325320377,,,"delta_len=72,sent_us=1788432325257008",,,,,157
server,peer_replication_pull_request,sent,1788432325466795,178842684286993612,,,,,,,,,connected_peers=24,,,,,
server,peer_replication_merge_delta,completed,1788432325475050,178842684286993612,,53,,1788432325469625,1788432325475001,1788432325475050,,,"delta_len=32,sent_us=1788432325468114",,,,,49
server,peer_replication_get_delta,completed,1788432325639009,178842684286993612,178842684114092210,53,,1788432325638807,1788432325638813,1788432325639009,,,"delta_len=106,sent_us=1788432325582970",,,,,196
server,client_mutation,completed,1788432325728266,178842684286993612,,,,1788432325725929,1788432325725929,1788432325728266,,,http_data_plane,,,,,2337
server,client_mutation,completed,1788432326227867,178842684286993612,,,,1788432326225624,1788432326225624,1788432326227867,,,http_data_plane,,,,,2243
server,peer_replication_pull_request,sent,1788432326467913,178842684286993612,,,,,,,,,connected_peers=24,,,,,
server,peer_replication_merge_delta,completed,1788432326502118,178842684286993612,,53,,1788432326493074,1788432326502034,1788432326502118,,,"delta_len=62,sent_us=1788432326480016",,,,,84
server,client_mutation,completed,1788432326728094,178842684286993612,,,,1788432326725580,1788432326725580,1788432326728094,,,http_data_plane,,,,,2514
server,peer_replication_get_delta,completed,1788432326889541,178842684286993612,178842684114093209,53,,1788432326889349,1788432326889356,1788432326889541,,,"delta_len=65,sent_us=1788432326873648",,,,,185
server,peer_replication_get_delta,completed,1788432326919107,178842684286993612,178842684114091211,53,,1788432326918702,1788432326918708,1788432326919107,,,"delta_len=54,sent_us=1788432326861008",,,,,399
server,peer_replication_get_delta,completed,1788432327083923,178842684286993612,178842684426436110,53,,1788432327083457,1788432327083463,1788432327083923,,,"delta_len=24,sent_us=1788432327070193",,,,,460
server,client_mutation,completed,1788432327228062,178842684286993612,,,,1788432327225837,1788432327225837,1788432327228062,,,http_data_plane,,,,,2225
server,peer_replication_get_delta,completed,1788432327320602,178842684286993612,178842683956181211,53,,1788432327320307,1788432327320314,1788432327320602,,,"delta_len=90,sent_us=1788432327257830",,,,,288
server,peer_replication_pull_request,sent,1788432327471787,178842684286993612,,,,,,,,,connected_peers=24,,,,,
server,peer_replication_merge_delta,completed,1788432327582801,178842684286993612,,53,,1788432327573009,1788432327582749,1788432327582801,,,"delta_len=42,sent_us=1788432327558267",,,,,52
server,client_mutation,completed,1788432327727865,178842684286993612,,,,1788432327725767,1788432327725767,1788432327727865,,,http_data_plane,,,,,2098
server,peer_replication_get_delta,completed,1788432327918818,178842684286993612,178842684114091211,53,,1788432327918650,1788432327918656,1788432327918818,,,"delta_len=29,sent_us=1788432327861816",,,,,162
server,membership_directory_read,completed,1788432328130594,178842684286993612,,,,,1788432328072798,1788432328130594,,,poll:257 descriptors,,,,,57796
server,peer_replication_get_delta,completed,1788432328144140,178842684286993612,178842683849156812,53,,1788432328143967,1788432328143975,1788432328144140,,,"delta_len=57,sent_us=1788432328101858",,,,,165
server,client_mutation,completed,1788432328228289,178842684286993612,,,,1788432328225966,1788432328225966,1788432328228289,,,http_data_plane,,,,,2323
server,peer_replication_pull_request,sent,1788432328467277,178842684286993612,,,,,,,,,connected_peers=24,,,,,
server,peer_replication_merge_delta,completed,1788432328498823,178842684286993612,,53,,1788432328491436,1788432328498770,1788432328498823,,,"delta_len=45,sent_us=1788432328485242",,,,,53
server,client_mutation,completed,1788432328728229,178842684286993612,,,,1788432328725585,1788432328725585,1788432328728229,,,http_data_plane,,,,,2644
server,peer_replication_get_delta,completed,1788432328888859,178842684286993612,178842684114093209,53,,1788432328888687,1788432328888694,1788432328888859,,,"delta_len=58,sent_us=1788432328873488",,,,,165
server,client_mutation,completed,1788432329228549,178842684286993612,,,,1788432329226229,1788432329226229,1788432329228549,,,http_data_plane,,,,,2320
server,peer_replication_get_delta,completed,1788432329341266,178842684286993612,178842684286995611,53,,1788432329341054,1788432329341060,1788432329341266,,,"delta_len=153,sent_us=1788432329338612",,,,,206
server,peer_replication_pull_request,sent,1788432329467218,178842684286993612,,,,,,,,,connected_peers=24,,,,,
server,peer_replication_get_delta,completed,1788432329472805,178842684286993612,178842683956182210,53,,1788432329472634,1788432329472641,1788432329472805,,,"delta_len=45,sent_us=1788432329453424",,,,,164
server,peer_replication_merge_delta,completed,1788432329577701,178842684286993612,,53,,1788432329572746,1788432329577662,1788432329577701,,,"delta_len=20,sent_us=1788432329558381",,,,,39
server,client_mutation,completed,1788432329729197,178842684286993612,,,,1788432329726005,1788432329726005,1788432329729197,,,http_data_plane,,,,,3192
server,client_mutation,completed,1788432330228359,178842684286993612,,,,1788432330225679,1788432330225679,1788432330228359,,,http_data_plane,,,,,2680
server,peer_replication_pull_request,sent,1788432330467293,178842684286993612,,,,,,,,,connected_peers=24,,,,,
server,peer_replication_merge_delta,completed,1788432330491723,178842684286993612,,53,,1788432330483939,1788432330491665,1788432330491723,,,"delta_len=45,sent_us=1788432330480177",,,,,58
server,client_mutation,completed,1788432330727938,178842684286993612,,,,1788432330725658,1788432330725658,1788432330727938,,,http_data_plane,,,,,2280
server,client_mutation,completed,1788432331227591,178842684286993612,,,,1788432331225557,1788432331225557,1788432331227591,,,http_data_plane,,,,,2034
server,peer_replication_pull_request,sent,1788432331467790,178842684286993612,,,,,,,,,connected_peers=24,,,,,
server,peer_replication_merge_delta,completed,1788432331515653,178842684286993612,,53,,1788432331506377,1788432331515489,1788432331515653,,,"delta_len=75,sent_us=1788432331486808",,,,,164
server,client_mutation,completed,1788432331727740,178842684286993612,,,,1788432331725591,1788432331725591,1788432331727740,,,http_data_plane,,,,,2149
server,client_mutation,completed,1788432332227832,178842684286993612,,,,1788432332225579,1788432332225579,1788432332227832,,,http_data_plane,,,,,2253
server,peer_replication_get_delta,completed,1788432332320578,178842684286993612,178842683956181211,53,,1788432332320413,1788432332320418,1788432332320578,,,"delta_len=40,sent_us=1788432332257667",,,,,160
server,peer_replication_get_delta,completed,1788432332352747,178842684286993612,178842684426434111,53,,1788432332352585,1788432332352591,1788432332352747,,,"delta_len=23,sent_us=1788432332340826",,,,,156
server,peer_replication_pull_request,sent,1788432332467594,178842684286993612,,,,,,,,,connected_peers=24,,,,,
server,peer_replication_get_delta,completed,1788432332468118,178842684286993612,178842683849154810,53,,1788432332467959,1788432332467965,1788432332468118,,,"delta_len=23,sent_us=1788432332370781",,,,,153
server,peer_replication_merge_delta,completed,1788432332488681,178842684286993612,,53,,1788432332484333,1788432332488667,1788432332488681,,,"delta_len=10,sent_us=1788432332480599",,,,,14
server,peer_replication_get_delta,completed,1788432332596897,178842684286993612,178842684426435111,53,,1788432332596724,1788432332596739,1788432332596897,,,"delta_len=17,sent_us=1788432332584016",,,,,158
server,client_mutation,completed,1788432332727817,178842684286993612,,,,1788432332725544,1788432332725544,1788432332727817,,,http_data_plane,,,,,2273
server,peer_replication_get_delta,completed,1788432332791652,178842684286993612,178842683956185212,53,,1788432332791473,1788432332791479,1788432332791652,,,"delta_len=64,sent_us=1788432332716956",,,,,173
server,peer_replication_get_delta,completed,1788432332888875,178842684286993612,178842684114093209,53,,1788432332888707,1788432332888713,1788432332888875,,,"delta_len=32,sent_us=1788432332873598",,,,,162
server,membership_directory_read,completed,1788432333133230,178842684286993612,,,,,1788432333072338,1788432333133230,,,poll:257 descriptors,,,,,60892
server,client_mutation,completed,1788432333227936,178842684286993612,,,,1788432333225608,1788432333225608,1788432333227936,,,http_data_plane,,,,,2328
server,peer_replication_pull_request,sent,1788432333467375,178842684286993612,,,,,,,,,connected_peers=24,,,,,
server,peer_replication_merge_delta,completed,1788432333477054,178842684286993612,,53,,1788432333469458,1788432333477034,1788432333477054,,,"delta_len=18,sent_us=1788432333468434",,,,,20
server,client_mutation,completed,1788432333727888,178842684286993612,,,,1788432333725586,1788432333725586,1788432333727888,,,http_data_plane,,,,,2302
server,peer_replication_get_delta,completed,1788432333918793,178842684286993612,178842684114091211,53,,1788432333918624,1788432333918631,1788432333918793,,,"delta_len=34,sent_us=1788432333860997",,,,,162
server,client_mutation,completed,1788432334228813,178842684286993612,,,,1788432334225940,1788432334225940,1788432334228813,,,http_data_plane,,,,,2873
server,peer_replication_pull_request,sent,1788432334467808,178842684286993612,,,,,,,,,connected_peers=24,,,,,
server,peer_replication_merge_delta,completed,1788432334563255,178842684286993612,,53,,1788432334554264,1788432334563176,1788432334563255,,,"delta_len=67,sent_us=1788432334535057",,,,,79
server,client_mutation,completed,1788432334728246,178842684286993612,,,,1788432334725610,1788432334725610,1788432334728246,,,http_data_plane,,,,,2636
server,peer_replication_get_delta,completed,1788432334888533,178842684286993612,178842684114093209,53,,1788432334888370,1788432334888376,1788432334888533,,,"delta_len=39,sent_us=1788432334873228",,,,,157
server,peer_replication_get_delta,completed,1788432334951969,178842684286993612,178842683956184212,53,,1788432334951805,1788432334951811,1788432334951969,,,"delta_len=39,sent_us=1788432334891363",,,,,158
server,client_mutation,completed,1788432335228173,178842684286993612,,,,1788432335225666,1788432335225666,1788432335228173,,,http_data_plane,,,,,2507
server,peer_replication_get_delta,completed,1788432335320510,178842684286993612,178842683956181211,53,,1788432335320341,1788432335320347,1788432335320510,,,"delta_len=37,sent_us=1788432335257003",,,,,163
server,peer_replication_get_delta,completed,1788432335338295,178842684286993612,178842684286995611,53,,1788432335338103,1788432335338111,1788432335338295,,,"delta_len=127,sent_us=1788432335337462",,,,,184
server,peer_replication_pull_request,sent,1788432335467832,178842684286993612,,,,,,,,,connected_peers=24,,,,,
server,peer_replication_merge_delta,completed,1788432335475589,178842684286993612,,53,,1788432335469360,1788432335475460,1788432335475589,,,"delta_len=45,sent_us=1788432335468654",,,,,129
server,client_mutation,completed,1788432335731799,178842684286993612,,,,1788432335725716,1788432335725716,1788432335731799,,,http_data_plane,,,,,6083
server,peer_replication_get_delta,completed,1788432336144362,178842684286993612,178842683849156812,53,,1788432336143889,1788432336143895,1788432336144362,,,"delta_len=78,sent_us=1788432336101342",,,,,467
server,client_mutation,completed,1788432336228205,178842684286993612,,,,1788432336226150,1788432336226150,1788432336228205,,,http_data_plane,,,,,2055
server,peer_replication_pull_request,sent,1788432336467722,178842684286993612,,,,,,,,,connected_peers=24,,,,,
server,peer_replication_merge_delta,completed,1788432336569396,178842684286993612,,53,,1788432336557209,1788432336569301,1788432336569396,,,"delta_len=111,sent_us=1788432336513129",,,,,95
server,peer_replication_get_delta,completed,1788432336638780,178842684286993612,178842684426435111,53,,1788432336638530,1788432336638542,1788432336638780,,,"delta_len=145,sent_us=1788432336584851",,,,,238
server,client_mutation,completed,1788432336729326,178842684286993612,,,,1788432336727223,1788432336727223,1788432336729326,,,http_data_plane,,,,,2103
server,peer_replication_get_delta,completed,1788432336818188,178842684286993612,178842683849158812,53,,1788432336818013,1788432336818020,1788432336818188,,,"delta_len=88,sent_us=1788432336726390",,,,,168
server,peer_replication_get_delta,completed,1788432336890026,178842684286993612,178842684114093209,53,,1788432336889845,1788432336889851,1788432336890026,,,"delta_len=79,sent_us=1788432336873704",,,,,175
server,peer_replication_get_delta,completed,1788432336952175,178842684286993612,178842683956184212,53,,1788432336951722,1788432336951727,1788432336952175,,,"delta_len=81,sent_us=1788432336891658",,,,,448
server,client_mutation,completed,1788432337227968,178842684286993612,,,,1788432337225735,1788432337225736,1788432337227968,,,http_data_plane,,,,,2232
server,peer_replication_get_delta,completed,1788432337320474,178842684286993612,178842683956181211,53,,1788432337320303,1788432337320309,1788432337320474,,,"delta_len=85,sent_us=1788432337257670",,,,,165
server,peer_replication_get_delta,completed,1788432337337988,178842684286993612,178842684286995611,53,,1788432337337782,1788432337337789,1788432337337988,,,"delta_len=115,sent_us=1788432337336742",,,,,199
server,peer_replication_get_delta,completed,1788432337352699,178842684286993612,178842684426434111,53,,1788432337352520,1788432337352527,1788432337352699,,,"delta_len=120,sent_us=1788432337340708",,,,,172
server,peer_replication_pull_request,sent,1788432337467120,178842684286993612,,,,,,,,,connected_peers=24,,,,,
server,peer_replication_merge_delta,completed,1788432337497565,178842684286993612,,53,,1788432337490860,1788432337497514,1788432337497565,,,"delta_len=41,sent_us=1788432337484604",,,,,51
server,client_mutation,completed,1788432337728075,178842684286993612,,,,1788432337725611,1788432337725612,1788432337728075,,,http_data_plane,,,,,2463
server,peer_replication_get_delta,completed,1788432337823898,178842684286993612,178842683849158812,53,,1788432337823734,1788432337823741,1788432337823898,,,"delta_len=29,sent_us=1788432337725987",,,,,157
server,peer_replication_get_delta,completed,1788432337874632,178842684286993612,178842684286996610,53,,1788432337874291,1788432337874298,1788432337874632,,,"delta_len=613,sent_us=1788432337872613",,,,,334
server,membership_directory_read,completed,1788432338143049,178842684286993612,,,,,1788432338072271,1788432338143049,,,poll:257 descriptors,,,,,70778
server,client_mutation,completed,1788432338231455,178842684286993612,,,,1788432338226116,1788432338226116,1788432338231455,,,http_data_plane,,,,,5339
server,peer_replication_pull_request,sent,1788432338466882,178842684286993612,,,,,,,,,connected_peers=24,,,,,
server,peer_replication_get_delta,completed,1788432338472326,178842684286993612,178842683956182210,53,,1788432338472160,1788432338472166,1788432338472326,,,"delta_len=20,sent_us=1788432338453017",,,,,160
server,peer_replication_merge_delta,completed,1788432338489791,178842684286993612,,53,,1788432338483913,1788432338489759,1788432338489791,,,"delta_len=39,sent_us=1788432338478746",,,,,32
server,client_mutation,completed,1788432338731866,178842684286993612,,,,1788432338728561,1788432338728561,1788432338731866,,,http_data_plane,,,,,3305
server,peer_replication_get_delta,completed,1788432339157899,178842684286993612,178842684426433111,53,,1788432339157718,1788432339157725,1788432339157899,,,"delta_len=93,sent_us=1788432339144347",,,,,174
server,client_mutation,completed,1788432339229678,178842684286993612,,,,1788432339227121,1788432339227121,1788432339229678,,,http_data_plane,,,,,2557
server,peer_replication_pull_request,sent,1788432339467638,178842684286993612,,,,,,,,,connected_peers=24,,,,,
server,peer_replication_merge_delta,completed,1788432339494736,178842684286993612,,53,,1788432339488175,1788432339494655,1788432339494736,,,"delta_len=37,sent_us=1788432339482326",,,,,81
server,client_mutation,completed,1788432339728225,178842684286993612,,,,1788432339725878,1788432339725878,1788432339728225,,,http_data_plane,,,,,2347
server,client_mutation,completed,1788432340228303,178842684286993612,,,,1788432340225999,1788432340225999,1788432340228303,,,http_data_plane,,,,,2304
server,peer_replication_pull_request,sent,1788432340467160,178842684286993612,,,,,,,,,connected_peers=24,,,,,
server,peer_replication_merge_delta,completed,1788432340492515,178842684286993612,,53,,1788432340484362,1788432340492461,1788432340492515,,,"delta_len=55,sent_us=1788432340480029",,,,,54
server,peer_replication_get_delta,completed,1788432340494769,178842684286993612,178842683849157812,53,,1788432340494493,1788432340494501,1788432340494769,,,"delta_len=64,sent_us=1788432340453684",,,,,268
server,client_mutation,completed,1788432340727904,178842684286993612,,,,1788432340725677,1788432340725677,1788432340727904,,,http_data_plane,,,,,2227
server,client_mutation,completed,1788432341229110,178842684286993612,,,,1788432341226406,1788432341226406,1788432341229110,,,http_data_plane,,,,,2704
server,peer_replication_pull_request,sent,1788432341468567,178842684286993612,,,,,,,,,connected_peers=24,,,,,
server,peer_replication_get_delta,completed,1788432341473292,178842684286993612,178842683956182210,53,,1788432341472956,1788432341472962,1788432341473292,,,"delta_len=49,sent_us=1788432341453905",,,,,330
server,peer_replication_merge_delta,completed,1788432341551855,178842684286993612,,53,,1788432341542472,1788432341551806,1788432341551855,,,"delta_len=42,sent_us=1788432341535009",,,,,49
server,client_mutation,completed,1788432341730113,178842684286993612,,,,1788432341727739,1788432341727739,1788432341730113,,,http_data_plane,,,,,2374
server,client_mutation,completed,1788432342230107,178842684286993612,,,,1788432342227607,1788432342227607,1788432342230107,,,http_data_plane,,,,,2500
server,peer_replication_pull_request,sent,1788432342467054,178842684286993612,,,,,,,,,connected_peers=24,,,,,
server,peer_replication_merge_delta,completed,1788432342494268,178842684286993612,,53,,1788432342487158,1788432342494226,1788432342494268,,,"delta_len=49,sent_us=1788432342481542",,,,,42
server,client_mutation,completed,1788432342727737,178842684286993612,,,,1788432342725643,1788432342725644,1788432342727737,,,http_data_plane,,,,,2093
server,peer_replication_get_delta,completed,1788432342919059,178842684286993612,178842684114091211,53,,1788432342918873,1788432342918880,1788432342919059,,,"delta_len=18,sent_us=1788432342861673",,,,,179
server,membership_directory_read,completed,1788432343134891,178842684286993612,,,,,1788432343073925,1788432343134891,,,poll:257 descriptors,,,,,60966
server,client_mutation,completed,1788432343242170,178842684286993612,,,,1788432343240158,1788432343240158,1788432343242170,,,http_data_plane,,,,,2012
server,peer_replication_pull_request,sent,1788432343467294,178842684286993612,,,,,,,,,connected_peers=24,,,,,
server,peer_replication_merge_delta,completed,1788432343492567,178842684286993612,,53,,1788432343487396,1788432343492540,1788432343492567,,,"delta_len=25,sent_us=1788432343481662",,,,,27
server,client_mutation,completed,1788432343727893,178842684286993612,,,,1788432343725648,1788432343725648,1788432343727893,,,http_data_plane,,,,,2245
server,peer_replication_get_delta,completed,1788432343818663,178842684286993612,178842683849158812,53,,1788432343818495,1788432343818502,1788432343818663,,,"delta_len=33,sent_us=1788432343726077",,,,,161
server,client_mutation,completed,1788432344227720,178842684286993612,,,,1788432344225729,1788432344225729,1788432344227720,,,http_data_plane,,,,,1991
server,peer_replication_pull_request,sent,1788432344467033,178842684286993612,,,,,,,,,connected_peers=24,,,,,
server,peer_replication_merge_delta,completed,1788432344505389,178842684286993612,,53,,1788432344496454,1788432344505317,1788432344505389,,,"delta_len=76,sent_us=1788432344481287",,,,,72
server,client_mutation,completed,1788432344729774,178842684286993612,,,,1788432344727672,1788432344727672,1788432344729774,,,http_data_plane,,,,,2102
server,client_mutation,completed,1788432345228799,178842684286993612,,,,1788432345225944,1788432345225944,1788432345228799,,,http_data_plane,,,,,2855
server,peer_replication_get_delta,completed,1788432345320631,178842684286993612,178842683956181211,53,,1788432345320457,1788432345320462,1788432345320631,,,"delta_len=43,sent_us=1788432345257065",,,,,169
server,peer_replication_pull_request,sent,1788432345467098,178842684286993612,,,,,,,,,connected_peers=24,,,,,
server,peer_replication_merge_delta,completed,1788432345529709,178842684286993612,,53,,1788432345524209,1788432345529665,1788432345529709,,,"delta_len=32,sent_us=1788432345510585",,,,,44
server,peer_replication_get_delta,completed,1788432345610594,178842684286993612,178842683956183209,53,,1788432345610073,1788432345610080,1788432345610594,,,"delta_len=41,sent_us=1788432345590789",,,,,514
server,client_mutation,completed,1788432345728928,178842684286993612,,,,1788432345726003,1788432345726003,1788432345728928,,,http_data_plane,,,,,2925
server,client_mutation,completed,1788432346227888,178842684286993612,,,,1788432346225612,1788432346225612,1788432346227888,,,http_data_plane,,,,,2276
server,peer_replication_pull_request,sent,1788432346467009,178842684286993612,,,,,,,,,connected_peers=24,,,,,
server,peer_replication_merge_delta,completed,1788432346527833,178842684286993612,,53,,1788432346523556,1788432346527826,1788432346527833,,,"delta_len=2,sent_us=1788432346510095",,,,,7
server,client_mutation,completed,1788432346727951,178842684286993612,,,,1788432346725629,1788432346725629,1788432346727951,,,http_data_plane,,,,,2322
server,client_mutation,completed,1788432347227750,178842684286993612,,,,1788432347225532,1788432347225532,1788432347227750,,,http_data_plane,,,,,2218
server,peer_replication_pull_request,sent,1788432347467704,178842684286993612,,,,,,,,,connected_peers=24,,,,,
server,peer_replication_merge_delta,completed,1788432347557473,178842684286993612,,53,,1788432347552245,1788432347557435,1788432347557473,,,"delta_len=42,sent_us=1788432347545336",,,,,38
server,client_mutation,completed,1788432347728043,178842684286993612,,,,1788432347725894,1788432347725894,1788432347728043,,,http_data_plane,,,,,2149
server,membership_directory_read,completed,1788432348127270,178842684286993612,,,,,1788432348072601,1788432348127270,,,poll:257 descriptors,,,,,54669
server,client_mutation,completed,1788432348227867,178842684286993612,,,,1788432348225592,1788432348225592,1788432348227867,,,http_data_plane,,,,,2275
server,peer_replication_pull_request,sent,1788432348466988,178842684286993612,,,,,,,,,connected_peers=24,,,,,
server,peer_replication_get_delta,completed,1788432348473230,178842684286993612,178842683956182210,53,,1788432348473070,1788432348473078,1788432348473230,,,"delta_len=7,sent_us=1788432348454043",,,,,152
server,peer_replication_merge_delta,completed,1788432348500360,178842684286993612,,53,,1788432348492273,1788432348500317,1788432348500360,,,"delta_len=63,sent_us=1788432348479898",,,,,43
server,client_mutation,completed,1788432348727833,178842684286993612,,,,1788432348725595,1788432348725595,1788432348727833,,,http_data_plane,,,,,2238
server,peer_replication_get_delta,completed,1788432348877778,178842684286993612,178842684114091211,53,,1788432348877604,1788432348877611,1788432348877778,,,"delta_len=65,sent_us=1788432348861642",,,,,167
server,client_mutation,completed,1788432349227831,178842684286993612,,,,1788432349225631,1788432349225631,1788432349227831,,,http_data_plane,,,,,2200
server,peer_replication_pull_request,sent,1788432349467256,178842684286993612,,,,,,,,,connected_peers=24,,,,,
server,peer_replication_merge_delta,completed,1788432349513381,178842684286993612,,53,,1788432349502367,1788432349513280,1788432349513381,,,"delta_len=122,sent_us=1788432349484565",,,,,101
server,client_mutation,completed,1788432349730830,178842684286993612,,,,1788432349726861,1788432349726861,1788432349730830,,,http_data_plane,,,,,3969
server,peer_replication_get_delta,completed,1788432349888839,178842684286993612,178842684114093209,53,,1788432349888656,1788432349888663,1788432349888839,,,"delta_len=125,sent_us=1788432349873554",,,,,176
server,client_mutation,completed,1788432350229303,178842684286993612,,,,1788432350227350,1788432350227350,1788432350229303,,,http_data_plane,,,,,1953
server,peer_replication_get_delta,completed,1788432350399531,178842684286993612,178842684426432108,53,,1788432350399301,1788432350399306,1788432350399531,,,"delta_len=26,sent_us=1788432350384062",,,,,225
server,peer_replication_pull_request,sent,1788432350466906,178842684286993612,,,,,,,,,connected_peers=24,,,,,
server,peer_replication_merge_delta,completed,1788432350475896,178842684286993612,,53,,1788432350469308,1788432350475857,1788432350475896,,,"delta_len=40,sent_us=1788432350467996",,,,,39
server,peer_replication_get_delta,completed,1788432350545985,178842684286993612,178842684114094212,53,,1788432350545702,1788432350545708,1788432350545985,,,"delta_len=58,sent_us=1788432350529714",,,,,277
server,client_mutation,completed,1788432350727711,178842684286993612,,,,1788432350725690,1788432350725690,1788432350727711,,,http_data_plane,,,,,2021
server,client_mutation,completed,1788432351228012,178842684286993612,,,,1788432351225883,1788432351225883,1788432351228012,,,http_data_plane,,,,,2129
server,peer_replication_pull_request,sent,1788432351466987,178842684286993612,,,,,,,,,connected_peers=24,,,,,
server,peer_replication_merge_delta,completed,1788432351498935,178842684286993612,,53,,1788432351493059,1788432351498880,1788432351498935,,,"delta_len=26,sent_us=1788432351485855",,,,,55
server,client_mutation,completed,1788432351727851,178842684286993612,,,,1788432351725573,1788432351725573,1788432351727851,,,http_data_plane,,,,,2278
server,client_mutation,completed,1788432352228328,178842684286993612,,,,1788432352226220,1788432352226220,1788432352228328,,,http_data_plane,,,,,2108
server,peer_replication_pull_request,sent,1788432352468512,178842684286993612,,,,,,,,,connected_peers=24,,,,,
server,peer_replication_merge_delta,completed,1788432352544533,178842684286993612,,53,,1788432352537082,1788432352544480,1788432352544533,,,"delta_len=61,sent_us=1788432352533168",,,,,53
server,client_mutation,completed,1788432352727916,178842684286993612,,,,1788432352725598,1788432352725599,1788432352727916,,,http_data_plane,,,,,2317
server,membership_directory_read,completed,1788432353137307,178842684286993612,,,,,1788432353072847,1788432353137307,,,poll:257 descriptors,,,,,64460
server,client_mutation,completed,1788432353229025,178842684286993612,,,,1788432353225777,1788432353225777,1788432353229025,,,http_data_plane,,,,,3248
server,peer_replication_pull_request,sent,1788432353466973,178842684286993612,,,,,,,,,connected_peers=24,,,,,
server,peer_replication_merge_delta,completed,1788432353539126,178842684286993612,,53,,1788432353531067,1788432353539070,1788432353539126,,,"delta_len=59,sent_us=1788432353525237",,,,,56
server,client_mutation,completed,1788432353731055,178842684286993612,,,,1788432353727335,1788432353727335,1788432353731055,,,http_data_plane,,,,,3720
server,client_mutation,completed,1788432354227805,178842684286993612,,,,1788432354225619,1788432354225619,1788432354227805,,,http_data_plane,,,,,2186
server,peer_replication_get_delta,completed,1788432354337948,178842684286993612,178842684286995611,53,,1788432354337786,1788432354337792,1788432354337948,,,"delta_len=53,sent_us=1788432354337123",,,,,156
server,peer_replication_pull_request,sent,1788432354468229,178842684286993612,,,,,,,,,connected_peers=24,,,,,
server,peer_replication_get_delta,completed,1788432354523288,178842684286993612,178842683956182210,53,,1788432354523033,1788432354523040,1788432354523288,,,"delta_len=48,sent_us=1788432354453776",,,,,248
server,peer_replication_merge_delta,completed,1788432354546473,178842684286993612,,53,,1788432354541878,1788432354546454,1788432354546473,,,"delta_len=18,sent_us=1788432354535041",,,,,19
server,client_mutation,completed,1788432354728201,178842684286993612,,,,1788432354725844,1788432354725844,1788432354728201,,,http_data_plane,,,,,2357
server,client_mutation,completed,1788432355228117,178842684286993612,,,,1788432355225710,1788432355225710,1788432355228117,,,http_data_plane,,,,,2407
server,peer_replication_pull_request,sent,1788432355466838,178842684286993612,,,,,,,,,connected_peers=24,,,,,
server,peer_replication_get_delta,completed,1788432355473170,178842684286993612,178842683956182210,53,,1788432355472382,1788432355472388,1788432355473170,,,"delta_len=19,sent_us=1788432355452876",,,,,782
server,peer_replication_merge_delta,completed,1788432355501339,178842684286993612,,53,,1788432355489560,1788432355501184,1788432355501339,,,"delta_len=100,sent_us=1788432355478557",,,,,155
server,peer_replication_get_delta,completed,1788432355659522,178842684286993612,178842684114092210,53,,1788432355659149,1788432355659157,1788432355659522,,,"delta_len=88,sent_us=1788432355583800",,,,,365
server,client_mutation,completed,1788432355729963,178842684286993612,,,,1788432355727253,1788432355727253,1788432355729963,,,http_data_plane,,,,,2710
server,client_mutation,completed,1788432356227698,178842684286993612,,,,1788432356225629,1788432356225629,1788432356227698,,,http_data_plane,,,,,2069
server,peer_replication_pull_request,sent,1788432356466951,178842684286993612,,,,,,,,,connected_peers=24,,,,,
server,client_mutation,completed,1788432356728058,178842684286993612,,,,1788432356726010,1788432356726010,1788432356728058,,,http_data_plane,,,,,2048
server,peer_replication_get_delta,completed,1788432357084341,178842684286993612,178842684426436110,53,,1788432357084171,1788432357084177,1788432357084341,,,"delta_len=30,sent_us=1788432357070536",,,,,164
server,client_mutation,completed,1788432357228880,178842684286993612,,,,1788432357226437,1788432357226437,1788432357228880,,,http_data_plane,,,,,2443
server,peer_replication_get_delta,completed,1788432357337755,178842684286993612,178842684286995611,53,,1788432357337587,1788432357337593,1788432357337755,,,"delta_len=73,sent_us=1788432357336953",,,,,162
server,peer_replication_pull_request,sent,1788432357467141,178842684286993612,,,,,,,,,connected_peers=24,,,,,
server,peer_replication_merge_delta,completed,1788432357498963,178842684286993612,,53,,1788432357492787,1788432357498926,1788432357498963,,,"delta_len=44,sent_us=1788432357486001",,,,,37
server,peer_replication_get_delta,completed,1788432357499768,178842684286993612,178842684286997609,53,,1788432357499458,1788432357499463,1788432357499768,,,"delta_len=554,sent_us=1788432357498634",,,,,305
server,peer_replication_get_delta,completed,1788432357639061,178842684286993612,178842684114092210,53,,1788432357638875,1788432357638880,1788432357639061,,,"delta_len=43,sent_us=1788432357582860",,,,,181
server,client_mutation,completed,1788432357728091,178842684286993612,,,,1788432357725836,1788432357725836,1788432357728091,,,http_data_plane,,,,,2255
server,peer_replication_get_delta,completed,1788432357876224,178842684286993612,178842684114091211,53,,1788432357876056,1788432357876062,1788432357876224,,,"delta_len=46,sent_us=1788432357860967",,,,,162
server,membership_directory_read,completed,1788432358134653,178842684286993612,,,,,1788432358072732,1788432358134653,,,poll:258 descriptors,,,,,61921
server,client_mutation,completed,1788432358227842,178842684286993612,,,,1788432358225598,1788432358225598,1788432358227842,,,http_data_plane,,,,,2244
server,peer_replication_pull_request,sent,1788432358467312,178842684286993612,,,,,,,,,connected_peers=24,,,,,
server,peer_replication_merge_delta,completed,1788432358498297,178842684286993612,,53,,1788432358493704,1788432358498264,1788432358498297,,,"delta_len=15,sent_us=1788432358485993",,,,,33
server,peer_replication_get_delta,completed,1788432358611183,178842684286993612,178842683956183209,53,,1788432358610696,1788432358610704,1788432358611183,,,"delta_len=68,sent_us=1788432358591194",,,,,479
server,client_mutation,completed,1788432358727869,178842684286993612,,,,1788432358725605,1788432358725605,1788432358727869,,,http_data_plane,,,,,2264
server,gc_observed,start,1788432359115452,178842684286993612,,54,,,,,,,,,,,,
server,gc_observed,completed,1788432360311896,178842684286993612,,54,,,,,,,,,,,,
server,peer_replication_merge_delta,completed,1788432360319340,178842684286993612,,54,,1788432359115450,1788432360319326,1788432360319340,,,"delta_len=16,sent_us=1788432359109743",,,,,14
server,client_mutation,completed,1788432360313325,178842684286993612,,,,1788432359229541,1788432359229541,1788432360313325,,,http_data_plane,,,,,1083784
server,client_mutation,completed,1788432360314385,178842684286993612,,,,1788432359729577,1788432359729578,1788432360314385,,,http_data_plane,,,,,584807
server,client_mutation,completed,1788432360315689,178842684286993612,,,,1788432360226995,1788432360226995,1788432360315689,,,http_data_plane,,,,,88694
server,peer_replication_get_delta,completed,1788432360319817,178842684286993612,178842683849155809,54,,1788432360319421,1788432360319422,1788432360319817,,,"delta_len=41,sent_us=1788432359499900",,,,,395
server,peer_replication_get_delta,completed,1788432360320219,178842684286993612,178842684114093209,54,,1788432360320071,1788432360320077,1788432360320219,,,"delta_len=116,sent_us=1788432359873444",,,,,142
server,peer_replication_pull_request,sent,1788432360320294,178842684286993612,,,,,,,,,connected_peers=24,,,,,
server,peer_replication_merge_delta,refused_stale_gc,1788432360407923,178842684286993612,,53,1788432360365091,1788432360407921,,,,,"remote_gc_counter=53,current_gc_counter=54,delta_len=131",,,,,2
server,peer_replication_pull_request,sent,1788432360467278,178842684286993612,,,,,,,,,connected_peers=24,,,,,
server,peer_replication_get_delta,completed,1788432360490210,178842684286993612,178842683956185212,54,,1788432360489945,1788432360489951,1788432360490210,,,"delta_len=19,sent_us=1788432360470822",,,,,259
server,peer_replication_merge_delta,refused_stale_gc,1788432360498061,178842684286993612,,53,1788432360481816,1788432360498059,,,,,"remote_gc_counter=53,current_gc_counter=54,delta_len=92",,,,,2
server,client_mutation,completed,1788432360728249,178842684286993612,,,,1788432360726907,1788432360726908,1788432360728249,,,http_data_plane,,,,,1341
server,client_mutation,completed,1788432361238987,178842684286993612,,,,1788432361225718,1788432361225718,1788432361238987,,,http_data_plane,,,,,13269
server,peer_replication_pull_request,sent,1788432361467181,178842684286993612,,,,,,,,,connected_peers=24,,,,,
server,peer_replication_merge_delta,completed,1788432361559992,178842684286993612,,54,,1788432361550869,1788432361559939,1788432361559992,,,"delta_len=66,sent_us=1788432361509772",,,,,53
server,client_mutation,completed,1788432361727785,178842684286993612,,,,1788432361725609,1788432361725609,1788432361727785,,,http_data_plane,,,,,2176
server,client_mutation,completed,1788432362228100,178842684286993612,,,,1788432362225577,1788432362225578,1788432362228100,,,http_data_plane,,,,,2522
server,peer_replication_get_delta,completed,1788432362248017,178842684286993612,178842683849158812,54,,1788432362247862,1788432362247867,1788432362248017,,,"delta_len=20,sent_us=1788432362149600",,,,,150
server,peer_replication_pull_request,sent,1788432362467528,178842684286993612,,,,,,,,,connected_peers=24,,,,,
server,client_mutation,completed,1788432362727466,178842684286993612,,,,1788432362725567,1788432362725567,1788432362727466,,,http_data_plane,,,,,1899
server,membership_directory_read,completed,1788432363141697,178842684286993612,,,,,1788432363072787,1788432363141697,,,poll:262 descriptors,,,,,68910
server,peer_replication_get_delta,completed,1788432364614335,178842684286993612,178842684114093209,54,,1788432364614175,1788432364614182,1788432364614335,,,"delta_len=42,sent_us=1788432363371180",,,,,153
server,client_mutation,completed,1788432363228219,178842684286993612,,,,1788432363225796,1788432363225796,1788432363228219,,,http_data_plane,,,,,2423
server,client_mutation,completed,1788432363728238,178842684286993612,,,,1788432363726030,1788432363726030,1788432363728238,,,http_data_plane,,,,,2208
server,client_mutation,completed,1788432364228555,178842684286993612,,,,1788432364225823,1788432364225823,1788432364228555,,,http_data_plane,,,,,2732
server,peer_replication_merge_delta,completed,1788432364625019,178842684286993612,,54,,1788432364614513,1788432364624978,1788432364625019,,,"delta_len=79,sent_us=1788432363746203",,,,,41
server,peer_replication_pull_request,sent,1788432364625199,178842684286993612,,,,,,,,,connected_peers=21,,,,,
server,peer_replication_pull_request,sent,1788432364625253,178842684286993612,,,,,,,,,connected_peers=21,,,,,
server,peer_replication_merge_delta,completed,1788432364687771,178842684286993612,,54,,1788432364681030,1788432364687697,1788432364687771,,,"delta_len=51,sent_us=1788432364667544",,,,,74
server,client_mutation,completed,1788432364728717,178842684286993612,,,,1788432364726310,1788432364726310,1788432364728717,,,http_data_plane,,,,,2407
server,peer_replication_get_delta,completed,1788432364781476,178842684286993612,178842683956185212,54,,1788432364781306,1788432364781312,1788432364781476,,,"delta_len=32,sent_us=1788432364716945",,,,,164
server,peer_replication_merge_delta,completed,1788432365073493,178842684286993612,,54,,1788432365063422,1788432365073416,1788432365073493,,,"delta_len=77,sent_us=1788432365047642",,,,,77
server,client_mutation,completed,1788432365227767,178842684286993612,,,,1788432365225532,1788432365225532,1788432365227767,,,http_data_plane,,,,,2235
server,peer_replication_pull_request,sent,1788432365467719,178842684286993612,,,,,,,,,connected_peers=21,,,,,
server,client_mutation,completed,1788432365728434,178842684286993612,,,,1788432365726135,1788432365726135,1788432365728434,,,http_data_plane,,,,,2299
server,peer_replication_get_delta,completed,1788432365977533,178842684286993612,178842683849156812,54,,1788432365977358,1788432365977365,1788432365977533,,,"delta_len=72,sent_us=1788432365935206",,,,,168
server,client_mutation,completed,1788432366227752,178842684286993612,,,,1788432366225592,1788432366225592,1788432366227752,,,http_data_plane,,,,,2160
server,peer_replication_pull_request,sent,1788432366467710,178842684286993612,,,,,,,,,connected_peers=21,,,,,
server,peer_replication_merge_delta,completed,1788432366526978,178842684286993612,,54,,1788432366506673,1788432366526930,1788432366526978,,,"delta_len=79,sent_us=1788432366486890",,,,,48
server,peer_replication_get_delta,completed,1788432366527192,178842684286993612,178842684114092210,54,,1788432366527039,1788432366527042,1788432366527192,,,"delta_len=175,sent_us=1788432366505591",,,,,150
server,client_mutation,completed,1788432366727754,178842684286993612,,,,1788432366725625,1788432366725625,1788432366727754,,,http_data_plane,,,,,2129
server,client_mutation,completed,1788432367228689,178842684286993612,,,,1788432367226299,1788432367226300,1788432367228689,,,http_data_plane,,,,,2389
server,peer_replication_get_delta,completed,1788432367285314,178842684286993612,178842684114090212,54,,1788432367285121,1788432367285131,1788432367285314,,,"delta_len=172,sent_us=1788432367270033",,,,,183
server,peer_replication_get_delta,completed,1788432367320807,178842684286993612,178842683956181211,54,,1788432367320490,1788432367320495,1788432367320807,,,"delta_len=28,sent_us=1788432367257466",,,,,312
server,peer_replication_pull_request,sent,1788432367467291,178842684286993612,,,,,,,,,connected_peers=21,,,,,
server,peer_replication_merge_delta,completed,1788432367501093,178842684286993612,,54,,1788432367497198,1788432367501060,1788432367501093,,,"delta_len=16,sent_us=1788432367481739",,,,,33
server,client_mutation,completed,1788432367727097,178842684286993612,,,,1788432367725932,1788432367725932,1788432367727097,,,http_data_plane,,,,,1165
server,peer_replication_get_delta,completed,1788432367889349,178842684286993612,178842684114093209,54,,1788432367889104,1788432367889111,1788432367889349,,,"delta_len=40,sent_us=1788432367873648",,,,,238
server,membership_directory_read,completed,1788432368138597,178842684286993612,,,,,1788432368071826,1788432368138597,,,poll:262 descriptors,,,,,66771
server,client_mutation,completed,1788432368226553,178842684286993612,,,,1788432368225483,1788432368225483,1788432368226553,,,http_data_plane,,,,,1070
server,peer_replication_pull_request,sent,1788432368467454,178842684286993612,,,,,,,,,connected_peers=21,,,,,
server,peer_replication_merge_delta,completed,1788432368491274,178842684286993612,,54,,1788432368487391,1788432368491238,1788432368491274,,,"delta_len=30,sent_us=1788432368481832",,,,,36
server,client_mutation,completed,1788432368726684,178842684286993612,,,,1788432368725539,1788432368725539,1788432368726684,,,http_data_plane,,,,,1145
server,peer_replication_get_delta,completed,1788432368781615,178842684286993612,178842683956185212,54,,1788432368781454,1788432368781460,1788432368781615,,,"delta_len=21,sent_us=1788432368717213",,,,,155
server,peer_replication_get_delta,completed,1788432368951987,178842684286993612,178842683956184212,54,,1788432368951826,1788432368951832,1788432368951987,,,"delta_len=20,sent_us=1788432368890903",,,,,155
server,client_mutation,completed,1788432369226663,178842684286993612,,,,1788432369225594,1788432369225595,1788432369226663,,,http_data_plane,,,,,1068
server,peer_replication_pull_request,sent,1788432369466903,178842684286993612,,,,,,,,,connected_peers=21,,,,,
server,peer_replication_get_delta,completed,1788432369472410,178842684286993612,178842683956182210,54,,1788432369472192,1788432369472199,1788432369472410,,,"delta_len=21,sent_us=1788432369453015",,,,,211
server,peer_replication_get_delta,completed,1788432369499072,178842684286993612,178842684286997609,54,,1788432369498851,1788432369498857,1788432369499072,,,"delta_len=291,sent_us=1788432369498072",,,,,215
server,peer_replication_merge_delta,completed,1788432369530468,178842684286993612,,54,,1788432369525148,1788432369530426,1788432369530468,,,"delta_len=53,sent_us=1788432369511669",,,,,42
server,client_mutation,completed,1788432369726781,178842684286993612,,,,1788432369725589,1788432369725589,1788432369726781,,,http_data_plane,,,,,1192
server,client_mutation,completed,1788432370226902,178842684286993612,,,,1788432370225674,1788432370225674,1788432370226902,,,http_data_plane,,,,,1228
server,peer_replication_get_delta,completed,1788432370320455,178842684286993612,178842683956181211,54,,1788432370320288,1788432370320296,1788432370320455,,,"delta_len=16,sent_us=1788432370257444",,,,,159
server,peer_replication_pull_request,sent,1788432370466932,178842684286993612,,,,,,,,,connected_peers=21,,,,,
server,peer_replication_merge_delta,completed,1788432370490330,178842684286993612,,54,,1788432370487213,1788432370490319,1788432370490330,,,"delta_len=5,sent_us=1788432370481389",,,,,11
server,client_mutation,completed,1788432370726750,178842684286993612,,,,1788432370725664,1788432370725664,1788432370726750,,,http_data_plane,,,,,1086
server,peer_replication_get_delta,completed,1788432371143051,178842684286993612,178842684286994612,54,,1788432371142889,1788432371142896,1788432371143051,,,"delta_len=35,sent_us=1788432371142280",,,,,155
server,client_mutation,completed,1788432371229485,178842684286993612,,,,1788432371225717,1788432371225717,1788432371229485,,,http_data_plane,,,,,3768
server,peer_replication_get_delta,completed,1788432371338232,178842684286993612,178842684286995611,54,,1788432371338044,1788432371338055,1788432371338232,,,"delta_len=36,sent_us=1788432371337071",,,,,177
server,peer_replication_pull_request,sent,1788432371467712,178842684286993612,,,,,,,,,connected_peers=21,,,,,
server,peer_replication_get_delta,completed,1788432371498762,178842684286993612,178842684286997609,54,,1788432371498566,1788432371498575,1788432371498762,,,"delta_len=62,sent_us=1788432371497787",,,,,187
server,client_mutation,completed,1788432371727670,178842684286993612,,,,1788432371726214,1788432371726214,1788432371727670,,,http_data_plane,,,,,1456
server,client_mutation,completed,1788432372226663,178842684286993612,,,,1788432372225586,1788432372225587,1788432372226663,,,http_data_plane,,,,,1076
server,peer_replication_pull_request,sent,1788432372467746,178842684286993612,,,,,,,,,connected_peers=21,,,,,
server,peer_replication_merge_delta,completed,1788432372477541,178842684286993612,,54,,1788432372470488,1788432372477475,1788432372477541,,,"delta_len=81,sent_us=1788432372469514",,,,,66
server,client_mutation,completed,1788432372726669,178842684286993612,,,,1788432372725600,1788432372725600,1788432372726669,,,http_data_plane,,,,,1069
server,membership_directory_read,completed,1788432373137145,178842684286993612,,,,,1788432373072727,1788432373137145,,,poll:262 descriptors,,,,,64418
server,client_mutation,completed,1788432373226669,178842684286993612,,,,1788432373225702,1788432373225702,1788432373226669,,,http_data_plane,,,,,967
server,peer_replication_pull_request,sent,1788432373467787,178842684286993612,,,,,,,,,connected_peers=21,,,,,
server,client_mutation,completed,1788432373726644,178842684286993612,,,,1788432373725617,1788432373725617,1788432373726644,,,http_data_plane,,,,,1027
server,peer_replication_get_delta,completed,1788432373889199,178842684286993612,178842684114093209,54,,1788432373889027,1788432373889033,1788432373889199,,,"delta_len=5,sent_us=1788432373873711",,,,,166
server,client_mutation,completed,1788432374226444,178842684286993612,,,,1788432374225582,1788432374225582,1788432374226444,,,http_data_plane,,,,,862
server,peer_replication_get_delta,completed,1788432374320493,178842684286993612,178842683956181211,54,,1788432374320321,1788432374320327,1788432374320493,,,"delta_len=6,sent_us=1788432374257594",,,,,166
server,peer_replication_get_delta,completed,1788432374338150,178842684286993612,178842684286995611,54,,1788432374337980,1788432374337986,1788432374338150,,,"delta_len=10,sent_us=1788432374336964",,,,,164
server,peer_replication_pull_request,sent,1788432374467557,178842684286993612,,,,,,,,,connected_peers=21,,,,,
server,peer_replication_merge_delta,completed,1788432374508133,178842684286993612,,54,,1788432374497129,1788432374508012,1788432374508133,,,"delta_len=151,sent_us=1788432374481871",,,,,121
server,client_mutation,completed,1788432374726735,178842684286993612,,,,1788432374725547,1788432374725547,1788432374726735,,,http_data_plane,,,,,1188
server,peer_replication_get_delta,completed,1788432374781854,178842684286993612,178842683956185212,54,,1788432374781626,1788432374781632,1788432374781854,,,"delta_len=21,sent_us=1788432374716827",,,,,222
server,peer_replication_get_delta,completed,1788432374873856,178842684286993612,178842684286996610,54,,1788432374873667,1788432374873675,1788432374873856,,,"delta_len=205,sent_us=1788432374872236",,,,,181
server,client_mutation,completed,1788432375226902,178842684286993612,,,,1788432375225639,1788432375225639,1788432375226902,,,http_data_plane,,,,,1263
server,peer_replication_pull_request,sent,1788432375467046,178842684286993612,,,,,,,,,connected_peers=21,,,,,
server,peer_replication_merge_delta,completed,1788432375498713,178842684286993612,,54,,1788432375493201,1788432375498676,1788432375498713,,,"delta_len=47,sent_us=1788432375486152",,,,,37
server,client_mutation,completed,1788432375726726,178842684286993612,,,,1788432375725589,1788432375725589,1788432375726726,,,http_data_plane,,,,,1137
server,peer_replication_get_delta,completed,1788432375818127,178842684286993612,178842683849158812,54,,1788432375817961,1788432375817968,1788432375818127,,,"delta_len=48,sent_us=1788432375726490",,,,,159
server,client_mutation,completed,1788432376226747,178842684286993612,,,,1788432376225602,1788432376225602,1788432376226747,,,http_data_plane,,,,,1145
server,peer_replication_pull_request,sent,1788432376467163,178842684286993612,,,,,,,,,connected_peers=21,,,,,
server,peer_replication_merge_delta,completed,1788432376532105,178842684286993612,,54,,1788432376525339,1788432376532083,1788432376532105,,,"delta_len=23,sent_us=1788432376510733",,,,,22
server,client_mutation,completed,1788432376726742,178842684286993612,,,,1788432376725646,1788432376725646,1788432376726742,,,http_data_plane,,,,,1096
server,peer_replication_get_delta,completed,1788432376873538,178842684286993612,178842684286996610,54,,1788432376873359,1788432376873365,1788432376873538,,,"delta_len=74,sent_us=1788432376872642",,,,,173
server,client_mutation,completed,1788432377226698,178842684286993612,,,,1788432377225653,1788432377225653,1788432377226698,,,http_data_plane,,,,,1045
server,peer_replication_get_delta,completed,1788432377338107,178842684286993612,178842684286995611,54,,1788432377337933,1788432377337940,1788432377338107,,,"delta_len=75,sent_us=1788432377337116",,,,,167
server,peer_replication_pull_request,sent,1788432377467593,178842684286993612,,,,,,,,,connected_peers=21,,,,,
server,peer_replication_merge_delta,completed,1788432377493567,178842684286993612,,54,,1788432377488292,1788432377493527,1788432377493567,,,"delta_len=30,sent_us=1788432377482205",,,,,40
server,client_mutation,completed,1788432377727252,178842684286993612,,,,1788432377725952,1788432377725952,1788432377727252,,,http_data_plane,,,,,1300
server,membership_directory_read,completed,1788432378138484,178842684286993612,,,,,1788432378072465,1788432378138484,,,poll:262 descriptors,,,,,66019
server,client_mutation,completed,1788432378226782,178842684286993612,,,,1788432378225696,1788432378225697,1788432378226782,,,http_data_plane,,,,,1085
server,peer_replication_pull_request,sent,1788432378467771,178842684286993612,,,,,,,,,connected_peers=21,,,,,
server,peer_replication_merge_delta,completed,1788432378498857,178842684286993612,,54,,1788432378491045,1788432378498742,1788432378498857,,,"delta_len=55,sent_us=1788432378485053",,,,,115
server,peer_replication_get_delta,completed,1788432378540802,178842684286993612,178842683849155809,54,,1788432378540622,1788432378540628,1788432378540802,,,"delta_len=66,sent_us=1788432378499764",,,,,174
server,client_mutation,completed,1788432378727050,178842684286993612,,,,1788432378725640,1788432378725640,1788432378727050,,,http_data_plane,,,,,1410
server,client_mutation,completed,1788432379227087,178842684286993612,,,,1788432379225895,1788432379225895,1788432379227087,,,http_data_plane,,,,,1192
server,peer_replication_pull_request,sent,1788432379466939,178842684286993612,,,,,,,,,connected_peers=21,,,,,
server,peer_replication_merge_delta,completed,1788432379495790,178842684286993612,,54,,1788432379492598,1788432379495770,1788432379495790,,,"delta_len=15,sent_us=1788432379485585",,,,,20
server,client_mutation,completed,1788432379727238,178842684286993612,,,,1788432379725638,1788432379725638,1788432379727238,,,http_data_plane,,,,,1600
server,client_mutation,completed,1788432380226969,178842684286993612,,,,1788432380225951,1788432380225951,1788432380226969,,,http_data_plane,,,,,1018
server,peer_replication_pull_request,sent,1788432380467431,178842684286993612,,,,,,,,,connected_peers=21,,,,,
server,peer_replication_merge_delta,completed,1788432380477708,178842684286993612,,54,,1788432380469832,1788432380477630,1788432380477708,,,"delta_len=71,sent_us=1788432380468986",,,,,78
server,peer_replication_get_delta,completed,1788432380610464,178842684286993612,178842683956183209,54,,1788432380610296,1788432380610304,1788432380610464,,,"delta_len=17,sent_us=1788432380591219",,,,,160
server,client_mutation,completed,1788432380726958,178842684286993612,,,,1788432380725899,1788432380725899,1788432380726958,,,http_data_plane,,,,,1059
server,peer_replication_get_delta,completed,1788432380873022,178842684286993612,178842684286996610,54,,1788432380872833,1788432380872839,1788432380873022,,,"delta_len=28,sent_us=1788432380872032",,,,,183
server,client_mutation,completed,1788432381226578,178842684286993612,,,,1788432381225606,1788432381225606,1788432381226578,,,http_data_plane,,,,,972
server,peer_replication_pull_request,sent,1788432381467396,178842684286993612,,,,,,,,,connected_peers=21,,,,,
server,peer_replication_merge_delta,completed,1788432381516565,178842684286993612,,54,,1788432381506974,1788432381516418,1788432381516565,,,"delta_len=82,sent_us=1788432381487127",,,,,147
server,client_mutation,completed,1788432381729218,178842684286993612,,,,1788432381727755,1788432381727756,1788432381729218,,,http_data_plane,,,,,1462
server,peer_replication_get_delta,completed,1788432381873455,178842684286993612,178842684286996610,54,,1788432381873289,1788432381873295,1788432381873455,,,"delta_len=31,sent_us=1788432381872541",,,,,160
server,peer_replication_get_delta,completed,1788432381919159,178842684286993612,178842684114091211,54,,1788432381918989,1788432381918995,1788432381919159,,,"delta_len=52,sent_us=1788432381861521",,,,,164
server,client_mutation,completed,1788432382226731,178842684286993612,,,,1788432382225588,1788432382225588,1788432382226731,,,http_data_plane,,,,,1143
server,peer_replication_pull_request,sent,1788432382467085,178842684286993612,,,,,,,,,connected_peers=21,,,,,
server,peer_replication_merge_delta,completed,1788432382476562,178842684286993612,,54,,1788432382469573,1788432382476545,1788432382476562,,,"delta_len=13,sent_us=1788432382468322",,,,,17
server,peer_replication_get_delta,completed,1788432382639067,178842684286993612,178842684114092210,54,,1788432382638859,1788432382638867,1788432382639067,,,"delta_len=76,sent_us=1788432382582858",,,,,200
server,client_mutation,completed,1788432382726951,178842684286993612,,,,1788432382725660,1788432382725660,1788432382726951,,,http_data_plane,,,,,1291
server,peer_replication_get_delta,completed,1788432382781654,178842684286993612,178842683956185212,54,,1788432382781478,1788432382781485,1788432382781654,,,"delta_len=62,sent_us=1788432382717299",,,,,169
server,peer_replication_get_delta,completed,1788432382889402,178842684286993612,178842684114093209,54,,1788432382889222,1788432382889232,1788432382889402,,,"delta_len=77,sent_us=1788432382873643",,,,,170
server,membership_directory_read,completed,1788432383136438,178842684286993612,,,,,1788432383072070,1788432383136438,,,poll:262 descriptors,,,,,64368
server,client_mutation,completed,1788432383226587,178842684286993612,,,,1788432383225582,1788432383225582,1788432383226587,,,http_data_plane,,,,,1005
server,peer_replication_pull_request,sent,1788432383467394,178842684286993612,,,,,,,,,connected_peers=21,,,,,
server,peer_replication_merge_delta,completed,1788432383494616,178842684286993612,,54,,1788432383487621,1788432383494575,1788432383494616,,,"delta_len=41,sent_us=1788432383481878",,,,,41
server,peer_replication_get_delta,completed,1788432383499386,178842684286993612,178842684286997609,54,,1788432383499200,1788432383499206,1788432383499386,,,"delta_len=105,sent_us=1788432383498269",,,,,180
server,client_mutation,completed,1788432383726531,178842684286993612,,,,1788432383725615,1788432383725615,1788432383726531,,,http_data_plane,,,,,916
server,peer_replication_get_delta,completed,1788432383876950,178842684286993612,178842684114091211,54,,1788432383876782,1788432383876788,1788432383876950,,,"delta_len=47,sent_us=1788432383861672",,,,,162
server,peer_replication_get_delta,completed,1788432383911226,178842684286993612,178842683956184212,54,,1788432383910960,1788432383910966,1788432383911226,,,"delta_len=64,sent_us=1788432383891477",,,,,260
server,peer_replication_get_delta,completed,1788432384078840,178842684286993612,178842684114090212,54,,1788432384078518,1788432384078590,1788432384078840,,,"delta_len=18,sent_us=1788432384063294",,,,,250
server,client_mutation,completed,1788432384226557,178842684286993612,,,,1788432384225558,1788432384225558,1788432384226557,,,http_data_plane,,,,,999
server,peer_replication_get_delta,completed,1788432384337855,178842684286993612,178842684286995611,54,,1788432384337685,1788432384337691,1788432384337855,,,"delta_len=43,sent_us=1788432384336720",,,,,164
server,peer_replication_pull_request,sent,1788432384467266,178842684286993612,,,,,,,,,connected_peers=21,,,,,
server,peer_replication_merge_delta,completed,1788432384533114,178842684286993612,,54,,1788432384530531,1788432384533105,1788432384533114,,,"delta_len=2,sent_us=1788432384524949",,,,,9
server,client_mutation,completed,1788432384726602,178842684286993612,,,,1788432384725602,1788432384725602,1788432384726602,,,http_data_plane,,,,,1000
server,peer_replication_get_delta,completed,1788432384872885,178842684286993612,178842684286996610,54,,1788432384872718,1788432384872723,1788432384872885,,,"delta_len=25,sent_us=1788432384871761",,,,,162
server,client_mutation,completed,1788432385227270,178842684286993612,,,,1788432385225687,1788432385225687,1788432385227270,,,http_data_plane,,,,,1583
server,peer_replication_pull_request,sent,1788432385467252,178842684286993612,,,,,,,,,connected_peers=21,,,,,
server,peer_replication_merge_delta,completed,1788432385531089,178842684286993612,,54,,1788432385525414,1788432385531041,1788432385531089,,,"delta_len=47,sent_us=1788432385511965",,,,,48
server,peer_replication_get_delta,completed,1788432385536943,178842684286993612,178842683849157812,54,,1788432385536734,1788432385536740,1788432385536943,,,"delta_len=22,sent_us=1788432385453943",,,,,203
server,client_mutation,completed,1788432385727002,178842684286993612,,,,1788432385725840,1788432385725841,1788432385727002,,,http_data_plane,,,,,1161
server,client_mutation,completed,1788432386227854,178842684286993612,,,,1788432386225732,1788432386225732,1788432386227854,,,http_data_plane,,,,,2122
server,peer_replication_pull_request,sent,1788432386467112,178842684286993612,,,,,,,,,connected_peers=21,,,,,
server,peer_replication_merge_delta,completed,1788432386499216,178842684286993612,,54,,1788432386493981,1788432386499194,1788432386499216,,,"delta_len=24,sent_us=1788432386486157",,,,,22
server,peer_replication_get_delta,completed,1788432386499470,178842684286993612,178842683849157812,54,,1788432386499277,1788432386499281,1788432386499470,,,"delta_len=26,sent_us=1788432386453867",,,,,189
server,client_mutation,completed,1788432386726715,178842684286993612,,,,1788432386725605,1788432386725605,1788432386726715,,,http_data_plane,,,,,1110
server,peer_replication_get_delta,completed,1788432386878082,178842684286993612,178842684114091211,54,,1788432386877908,1788432386877914,1788432386878082,,,"delta_len=51,sent_us=1788432386861892",,,,,168
server,peer_replication_get_delta,completed,1788432386961813,178842684286993612,178842683956184212,54,,1788432386961649,1788432386961655,1788432386961813,,,"delta_len=50,sent_us=1788432386891609",,,,,158
server,client_mutation,completed,1788432387226751,178842684286993612,,,,1788432387225701,1788432387225701,1788432387226751,,,http_data_plane,,,,,1050
server,peer_replication_pull_request,sent,1788432387467723,178842684286993612,,,,,,,,,connected_peers=21,,,,,
server,peer_replication_merge_delta,completed,1788432387499200,178842684286993612,,54,,1788432387493469,1788432387499154,1788432387499200,,,"delta_len=63,sent_us=1788432387486643",,,,,46
server,peer_replication_get_delta,completed,1788432387540612,178842684286993612,178842683849155809,54,,1788432387540233,1788432387540241,1788432387540612,,,"delta_len=123,sent_us=1788432387499284",,,,,371
server,client_mutation,completed,1788432387727428,178842684286993612,,,,1788432387726369,1788432387726369,1788432387727428,,,http_data_plane,,,,,1059
server,peer_replication_get_delta,completed,1788432387872775,178842684286993612,178842684286996610,54,,1788432387872608,1788432387872615,1788432387872775,,,"delta_len=57,sent_us=1788432387871755",,,,,160
server,membership_directory_read,completed,1788432388135352,178842684286993612,,,,,1788432388072302,1788432388135352,,,poll:262 descriptors,,,,,63050
server,client_mutation,completed,1788432388226743,178842684286993612,,,,1788432388225640,1788432388225640,1788432388226743,,,http_data_plane,,,,,1103
server,peer_replication_pull_request,sent,1788432388466920,178842684286993612,,,,,,,,,connected_peers=21,,,,,
server,peer_replication_merge_delta,completed,1788432388495634,178842684286993612,,54,,1788432388493399,1788432388495627,1788432388495634,,,"delta_len=2,sent_us=1788432388486191",,,,,7
server,peer_replication_get_delta,completed,1788432388544802,178842684286993612,178842683849155809,54,,1788432388544542,1788432388544550,1788432388544802,,,"delta_len=4,sent_us=1788432388500400",,,,,252
server,client_mutation,completed,1788432388726663,178842684286993612,,,,1788432388725518,1788432388725518,1788432388726663,,,http_data_plane,,,,,1145
server,client_mutation,completed,1788432389227690,178842684286993612,,,,1788432389225724,1788432389225724,1788432389227690,,,http_data_plane,,,,,1966
server,peer_replication_pull_request,sent,1788432389467667,178842684286993612,,,,,,,,,connected_peers=21,,,,,
server,peer_replication_merge_delta,completed,1788432389513430,178842684286993612,,54,,1788432389506331,1788432389513368,1788432389513430,,,"delta_len=86,sent_us=1788432389486718",,,,,62
server,peer_replication_get_delta,completed,1788432389540352,178842684286993612,178842683849155809,54,,1788432389539987,1788432389540125,1788432389540352,,,"delta_len=65,sent_us=1788432389499201",,,,,227
server,client_mutation,completed,1788432389726711,178842684286993612,,,,1788432389725601,1788432389725601,1788432389726711,,,http_data_plane,,,,,1110
server,client_mutation,completed,1788432390226925,178842684286993612,,,,1788432390225578,1788432390225578,1788432390226925,,,http_data_plane,,,,,1347
server,peer_replication_pull_request,sent,1788432390467249,178842684286993612,,,,,,,,,connected_peers=21,,,,,
server,peer_replication_get_delta,completed,1788432390495435,178842684286993612,178842683849157812,54,,1788432390495272,1788432390495280,1788432390495435,,,"delta_len=18,sent_us=1788432390454438",,,,,155
server,peer_replication_merge_delta,completed,1788432390526752,178842684286993612,,54,,1788432390523228,1788432390526736,1788432390526752,,,"delta_len=14,sent_us=1788432390509733",,,,,16
server,peer_replication_get_delta,completed,1788432390659301,178842684286993612,178842684114092210,54,,1788432390658846,1788432390658854,1788432390659301,,,"delta_len=54,sent_us=1788432390583684",,,,,447
server,client_mutation,completed,1788432390727007,178842684286993612,,,,1788432390725783,1788432390725784,1788432390727007,,,http_data_plane,,,,,1223
server,peer_replication_get_delta,completed,1788432390873646,178842684286993612,178842684286996610,54,,1788432390873476,1788432390873482,1788432390873646,,,"delta_len=77,sent_us=1788432390872741",,,,,164
server,peer_replication_get_delta,completed,1788432391145419,178842684286993612,178842683849156812,54,,1788432391145146,1788432391145152,1788432391145419,,,"delta_len=47,sent_us=1788432391102488",,,,,267
server,client_mutation,completed,1788432391226890,178842684286993612,,,,1788432391225586,1788432391225586,1788432391226890,,,http_data_plane,,,,,1304
server,peer_replication_pull_request,sent,1788432391467345,178842684286993612,,,,,,,,,connected_peers=21,,,,,
server,peer_replication_merge_delta,completed,1788432391478652,178842684286993612,,54,,1788432391469933,1788432391478562,1788432391478652,,,"delta_len=85,sent_us=1788432391468751",,,,,90
server,client_mutation,completed,1788432391727082,178842684286993612,,,,1788432391725593,1788432391725593,1788432391727082,,,http_data_plane,,,,,1489
server,peer_replication_get_delta,completed,1788432391888335,178842684286993612,178842684114093209,54,,1788432391888175,1788432391888181,1788432391888335,,,"delta_len=23,sent_us=1788432391872923",,,,,154
server,client_mutation,completed,1788432392226863,178842684286993612,,,,1788432392225627,1788432392225627,1788432392226863,,,http_data_plane,,,,,1236
server,peer_replication_get_delta,completed,1788432392320686,178842684286993612,178842683956181211,54,,1788432392320513,1788432392320519,1788432392320686,,,"delta_len=25,sent_us=1788432392257908",,,,,167
server,peer_replication_pull_request,sent,1788432392467216,178842684286993612,,,,,,,,,connected_peers=21,,,,,
server,peer_replication_merge_delta,completed,1788432392526895,178842684286993612,,54,,1788432392523121,1788432392526877,1788432392526895,,,"delta_len=17,sent_us=1788432392509661",,,,,18
server,client_mutation,completed,1788432392726967,178842684286993612,,,,1788432392725558,1788432392725558,1788432392726967,,,http_data_plane,,,,,1409
server,membership_directory_read,completed,1788432393137970,178842684286993612,,,,,1788432393072828,1788432393137970,,,poll:262 descriptors,,,,,65142
server,client_mutation,completed,1788432393226793,178842684286993612,,,,1788432393225560,1788432393225560,1788432393226793,,,http_data_plane,,,,,1233
server,peer_replication_get_delta,completed,1788432393320470,178842684286993612,178842683956181211,54,,1788432393320300,1788432393320306,1788432393320470,,,"delta_len=15,sent_us=1788432393257897",,,,,164
server,peer_replication_pull_request,sent,1788432393466824,178842684286993612,,,,,,,,,connected_peers=21,,,,,
server,peer_replication_get_delta,completed,1788432393473454,178842684286993612,178842683956182210,54,,1788432393473209,1788432393473215,1788432393473454,,,"delta_len=37,sent_us=1788432393453917",,,,,239
server,peer_replication_merge_delta,completed,1788432393491479,178842684286993612,,54,,1788432393487150,1788432393491434,1788432393491479,,,"delta_len=29,sent_us=1788432393481367",,,,,45
server,peer_replication_get_delta,completed,1788432393499058,178842684286993612,178842684286997609,54,,1788432393498776,1788432393498782,1788432393499058,,,"delta_len=101,sent_us=1788432393497824",,,,,276
server,client_mutation,completed,1788432393727782,178842684286993612,,,,1788432393726117,1788432393726117,1788432393727782,,,http_data_plane,,,,,1665
server,client_mutation,completed,1788432394226955,178842684286993612,,,,1788432394225620,1788432394225620,1788432394226955,,,http_data_plane,,,,,1335
server,peer_replication_pull_request,sent,1788432394466851,178842684286993612,,,,,,,,,connected_peers=21,,,,,
server,client_mutation,completed,1788432394726675,178842684286993612,,,,1788432394725602,1788432394725602,1788432394726675,,,http_data_plane,,,,,1073
server,client_mutation,completed,1788432395227263,178842684286993612,,,,1788432395225599,1788432395225599,1788432395227263,,,http_data_plane,,,,,1664
server,peer_replication_pull_request,sent,1788432395467276,178842684286993612,,,,,,,,,connected_peers=21,,,,,
server,peer_replication_merge_delta,completed,1788432395492279,178842684286993612,,54,,1788432395487257,1788432395492236,1788432395492279,,,"delta_len=23,sent_us=1788432395481638",,,,,43
server,client_mutation,completed,1788432395729118,178842684286993612,,,,1788432395726504,1788432395726504,1788432395729118,,,http_data_plane,,,,,2614
server,client_mutation,completed,1788432396230373,178842684286993612,,,,1788432396226584,1788432396226584,1788432396230373,,,http_data_plane,,,,,3789
server,peer_replication_pull_request,sent,1788432396468247,178842684286993612,,,,,,,,,connected_peers=21,,,,,
server,peer_replication_merge_delta,completed,1788432396498426,178842684286993612,,54,,1788432396490709,1788432396498196,1788432396498426,,,"delta_len=42,sent_us=1788432396482608",,,,,230
server,peer_replication_get_delta,completed,1788432396498833,178842684286993612,178842683849157812,54,,1788432396498504,1788432396498508,1788432396498833,,,"delta_len=59,sent_us=1788432396453771",,,,,325
server,peer_replication_get_delta,completed,1788432396500124,178842684286993612,178842684286997609,54,,1788432396499792,1788432396499795,1788432396500124,,,"delta_len=47,sent_us=1788432396498699",,,,,329
server,client_mutation,completed,1788432396728136,178842684286993612,,,,1788432396725704,1788432396725704,1788432396728136,,,http_data_plane,,,,,2432
server,peer_replication_get_delta,completed,1788432396962120,178842684286993612,178842683956184212,54,,1788432396961948,1788432396961953,1788432396962120,,,"delta_len=37,sent_us=1788432396891822",,,,,167
server,client_mutation,completed,1788432397229947,178842684286993612,,,,1788432397226245,1788432397226245,1788432397229947,,,http_data_plane,,,,,3702
server,peer_replication_get_delta,completed,1788432397340253,178842684286993612,178842684286995611,54,,1788432397338749,1788432397338756,1788432397340253,,,"delta_len=49,sent_us=1788432397337203",,,,,1497
server,peer_replication_pull_request,sent,1788432397467703,178842684286993612,,,,,,,,,connected_peers=21,,,,,
server,peer_replication_merge_delta,completed,1788432397482484,178842684286993612,,54,,1788432397473042,1788432397482379,1788432397482484,,,"delta_len=73,sent_us=1788432397471316",,,,,105
server,peer_replication_get_delta,completed,1788432397498703,178842684286993612,178842683849157812,54,,1788432397497007,1788432397497017,1788432397498703,,,"delta_len=47,sent_us=1788432397454789",,,,,1686
server,peer_replication_get_delta,completed,1788432397500100,178842684286993612,178842684286997609,54,,1788432397499928,1788432397499934,1788432397500100,,,"delta_len=29,sent_us=1788432397498679",,,,,166
server,peer_replication_get_delta,completed,1788432397639285,178842684286993612,178842684114092210,54,,1788432397638861,1788432397638886,1788432397639285,,,"delta_len=86,sent_us=1788432397582879",,,,,399
server,client_mutation,completed,1788432397731636,178842684286993612,,,,1788432397727275,1788432397727275,1788432397731636,,,http_data_plane,,,,,4361
server,membership_directory_read,completed,1788432398133600,178842684286993612,,,,,1788432398071869,1788432398133600,,,poll:262 descriptors,,,,,61731
server,client_mutation,completed,1788432398237816,178842684286993612,,,,1788432398227876,1788432398227876,1788432398237816,,,http_data_plane,,,,,9940
server,peer_replication_pull_request,sent,1788432398466956,178842684286993612,,,,,,,,,connected_peers=21,,,,,
server,peer_replication_merge_delta,completed,1788432398472979,178842684286993612,,54,,1788432398468990,1788432398472962,1788432398472979,,,"delta_len=11,sent_us=1788432398468067",,,,,17
server,client_mutation,completed,1788432398727935,178842684286993612,,,,1788432398725569,1788432398725570,1788432398727935,,,http_data_plane,,,,,2365
server,peer_replication_get_delta,completed,1788432399078333,178842684286993612,178842684114090212,54,,1788432399078164,1788432399078171,1788432399078333,,,"delta_len=78,sent_us=1788432399062364",,,,,162
server,client_mutation,completed,1788432399227802,178842684286993612,,,,1788432399225601,1788432399225601,1788432399227802,,,http_data_plane,,,,,2201
server,peer_replication_pull_request,sent,1788432399467861,178842684286993612,,,,,,,,,connected_peers=21,,,,,
server,peer_replication_merge_delta,completed,1788432399483400,178842684286993612,,54,,1788432399471425,1788432399483329,1788432399483400,,,"delta_len=115,sent_us=1788432399469729",,,,,71
server,peer_replication_get_delta,completed,1788432399500640,178842684286993612,178842684286997609,54,,1788432399500395,1788432399500402,1788432399500640,,,"delta_len=28,sent_us=1788432399498385",,,,,238
server,client_mutation,completed,1788432399728091,178842684286993612,,,,1788432399725652,1788432399725652,1788432399728091,,,http_data_plane,,,,,2439
server,client_mutation,completed,1788432400227743,178842684286993612,,,,1788432400225613,1788432400225613,1788432400227743,,,http_data_plane,,,,,2130
server,peer_replication_pull_request,sent,1788432400467721,178842684286993612,,,,,,,,,connected_peers=21,,,,,
server,peer_replication_merge_delta,completed,1788432400498233,178842684286993612,,54,,1788432400492350,1788432400498198,1788432400498233,,,"delta_len=44,sent_us=1788432400485977",,,,,35
server,client_mutation,completed,1788432400727941,178842684286993612,,,,1788432400725601,1788432400725602,1788432400727941,,,http_data_plane,,,,,2339
server,client_mutation,completed,1788432401228104,178842684286993612,,,,1788432401225850,1788432401225850,1788432401228104,,,http_data_plane,,,,,2254
server,peer_replication_pull_request,sent,1788432401467019,178842684286993612,,,,,,,,,connected_peers=21,,,,,
server,peer_replication_merge_delta,completed,1788432401496000,178842684286993612,,54,,1788432401487782,1788432401495964,1788432401496000,,,"delta_len=38,sent_us=1788432401481658",,,,,36
server,client_mutation,completed,1788432401727854,178842684286993612,,,,1788432401725682,1788432401725682,1788432401727854,,,http_data_plane,,,,,2172
server,peer_replication_get_delta,completed,1788432401791997,178842684286993612,178842683956185212,54,,1788432401791783,1788432401791789,1788432401791997,,,"delta_len=55,sent_us=1788432401716925",,,,,208
server,client_mutation,completed,1788432402227744,178842684286993612,,,,1788432402225690,1788432402225691,1788432402227744,,,http_data_plane,,,,,2053
server,peer_replication_pull_request,sent,1788432402468761,178842684286993612,,,,,,,,,connected_peers=21,,,,,
server,peer_replication_merge_delta,completed,1788432402532839,178842684286993612,,54,,1788432402525998,1788432402532787,1788432402532839,,,"delta_len=32,sent_us=1788432402512447",,,,,52
server,client_mutation,completed,1788432402728629,178842684286993612,,,,1788432402725821,1788432402725821,1788432402728629,,,http_data_plane,,,,,2808
server,peer_replication_get_delta,completed,1788432403079186,178842684286993612,178842684114090212,54,,1788432403078638,1788432403078643,1788432403079186,,,"delta_len=10,sent_us=1788432403062887",,,,,543
server,membership_directory_read,completed,1788432403139196,178842684286993612,,,,,1788432403071860,1788432403139196,,,poll:262 descriptors,,,,,67336
server,client_mutation,completed,1788432403229643,178842684286993612,,,,1788432403227279,1788432403227279,1788432403229643,,,http_data_plane,,,,,2364
server,peer_replication_pull_request,sent,1788432403467179,178842684286993612,,,,,,,,,connected_peers=21,,,,,
server,peer_replication_get_delta,completed,1788432403495453,178842684286993612,178842683849157812,54,,1788432403495185,1788432403495191,1788432403495453,,,"delta_len=78,sent_us=1788432403453735",,,,,262
server,peer_replication_get_delta,completed,1788432403500026,178842684286993612,178842684286997609,54,,1788432403499463,1788432403499469,1788432403500026,,,"delta_len=61,sent_us=1788432403498005",,,,,557
server,peer_replication_merge_delta,completed,1788432403536484,178842684286993612,,54,,1788432403527791,1788432403536455,1788432403536484,,,"delta_len=16,sent_us=1788432403509586",,,,,29
server,client_mutation,completed,1788432403729191,178842684286993612,,,,1788432403725852,1788432403725852,1788432403729191,,,http_data_plane,,,,,3339
server,peer_replication_get_delta,completed,1788432403873344,178842684286993612,178842684286996610,54,,1788432403873018,1788432403873026,1788432403873344,,,"delta_len=117,sent_us=1788432403871781",,,,,318
server,client_mutation,completed,1788432404231155,178842684286993612,,,,1788432404226277,1788432404226278,1788432404231155,,,http_data_plane,,,,,4877
server,peer_replication_pull_request,sent,1788432404466993,178842684286993612,,,,,,,,,connected_peers=21,,,,,
server,peer_replication_merge_delta,completed,1788432404500434,178842684286993612,,54,,1788432404492234,1788432404500395,1788432404500434,,,"delta_len=52,sent_us=1788432404486249",,,,,39
server,client_mutation,completed,1788432404727895,178842684286993612,,,,1788432404725618,1788432404725618,1788432404727895,,,http_data_plane,,,,,2277
server,peer_replication_get_delta,completed,1788432404873529,178842684286993612,178842684286996610,54,,1788432404873353,1788432404873358,1788432404873529,,,"delta_len=42,sent_us=1788432404872148",,,,,171
server,client_mutation,completed,1788432405228103,178842684286993612,,,,1788432405225646,1788432405225646,1788432405228103,,,http_data_plane,,,,,2457
server,peer_replication_pull_request,sent,1788432405475707,178842684286993612,,,,,,,,,connected_peers=21,,,,,
server,peer_replication_merge_delta,completed,1788432405508521,178842684286993612,,54,,1788432405499891,1788432405508501,1788432405508521,,,"delta_len=19,sent_us=1788432405493504",,,,,20
server,peer_replication_get_delta,completed,1788432405612607,178842684286993612,178842683956183209,54,,1788432405612433,1788432405612439,1788432405612607,,,"delta_len=43,sent_us=1788432405590977",,,,,168
server,client_mutation,completed,1788432405731145,178842684286993612,,,,1788432405729177,1788432405729177,1788432405731145,,,http_data_plane,,,,,1968
server,peer_replication_get_delta,completed,1788432405782568,178842684286993612,178842683956185212,54,,1788432405781781,1788432405781788,1788432405782568,,,"delta_len=43,sent_us=1788432405717442",,,,,780
server,peer_replication_get_delta,completed,1788432406144833,178842684286993612,178842684286994612,54,,1788432406144093,1788432406144100,1788432406144833,,,"delta_len=35,sent_us=1788432406143106",,,,,733
server,client_mutation,completed,1788432406231090,178842684286993612,,,,1788432406228698,1788432406228698,1788432406231090,,,http_data_plane,,,,,2392
server,peer_replication_get_delta,completed,1788432406338391,178842684286993612,178842684286995611,54,,1788432406338214,1788432406338221,1788432406338391,,,"delta_len=35,sent_us=1788432406337452",,,,,170
server,peer_replication_pull_request,sent,1788432406466875,178842684286993612,,,,,,,,,connected_peers=21,,,,,
server,peer_replication_merge_delta,completed,1788432406540432,178842684286993612,,54,,1788432406527666,1788432406539959,1788432406540432,,,"delta_len=50,sent_us=1788432406513508",,,,,473
server,client_mutation,completed,1788432406728260,178842684286993612,,,,1788432406725754,1788432406725754,1788432406728260,,,http_data_plane,,,,,2506
server,client_mutation,completed,1788432407228336,178842684286993612,,,,1788432407226167,1788432407226167,1788432407228336,,,http_data_plane,,,,,2169
server,peer_replication_pull_request,sent,1788432407467563,178842684286993612,,,,,,,,,connected_peers=21,,,,,
server,peer_replication_merge_delta,completed,1788432407476367,178842684286993612,,54,,1788432407469339,1788432407476214,1788432407476367,,,"delta_len=39,sent_us=1788432407468340",,,,,153
server,client_mutation,completed,1788432407731239,178842684286993612,,,,1788432407728448,1788432407728448,1788432407731239,,,http_data_plane,,,,,2791
server,membership_directory_read,completed,1788432408143783,178842684286993612,,,,,1788432408072738,1788432408143783,,,poll:262 descriptors,,,,,71045
server,client_mutation,completed,1788432408228497,178842684286993612,,,,1788432408226165,1788432408226165,1788432408228497,,,http_data_plane,,,,,2332
server,peer_replication_pull_request,sent,1788432408467684,178842684286993612,,,,,,,,,connected_peers=21,,,,,
server,peer_replication_merge_delta,completed,1788432408485612,178842684286993612,,54,,1788432408470905,1788432408485556,1788432408485612,,,"delta_len=51,sent_us=1788432408469417",,,,,56
server,client_mutation,completed,1788432408728175,178842684286993612,,,,1788432408726081,1788432408726081,1788432408728175,,,http_data_plane,,,,,2094
server,peer_replication_get_delta,completed,1788432408875797,178842684286993612,178842684286996610,54,,1788432408875626,1788432408875632,1788432408875797,,,"delta_len=30,sent_us=1788432408872662",,,,,165
server,peer_replication_get_delta,completed,1788432408889731,178842684286993612,178842684114093209,54,,1788432408889140,1788432408889147,1788432408889731,,,"delta_len=71,sent_us=1788432408873639",,,,,584
server,peer_replication_get_delta,completed,1788432408919849,178842684286993612,178842684114091211,54,,1788432408919662,1788432408919671,1788432408919849,,,"delta_len=74,sent_us=1788432408861165",,,,,178
server,peer_replication_get_delta,completed,1788432408953889,178842684286993612,178842683956184212,54,,1788432408953162,1788432408953168,1788432408953889,,,"delta_len=93,sent_us=1788432408890954",,,,,721
server,peer_replication_get_delta,completed,1788432409081607,178842684286993612,178842684114090212,54,,1788432409081432,1788432409081440,1788432409081607,,,"delta_len=70,sent_us=1788432409062567",,,,,167
server,client_mutation,completed,1788432409228871,178842684286993612,,,,1788432409226560,1788432409226560,1788432409228871,,,http_data_plane,,,,,2311
server,peer_replication_get_delta,completed,1788432409332148,178842684286993612,178842683956181211,54,,1788432409331757,1788432409331766,1788432409332148,,,"delta_len=71,sent_us=1788432409257816",,,,,382
server,peer_replication_get_delta,completed,1788432409338010,178842684286993612,178842684286995611,54,,1788432409337780,1788432409337787,1788432409338010,,,"delta_len=47,sent_us=1788432409337028",,,,,223
server,peer_replication_pull_request,sent,1788432409468184,178842684286993612,,,,,,,,,connected_peers=21,,,,,
server,peer_replication_merge_delta,completed,1788432409534519,178842684286993612,,54,,1788432409525684,1788432409534260,1788432409534519,,,"delta_len=30,sent_us=1788432409510735",,,,,259
server,peer_replication_get_delta,completed,1788432409541332,178842684286993612,178842683849155809,54,,1788432409541122,1788432409541129,1788432409541332,,,"delta_len=87,sent_us=1788432409499836",,,,,203
server,client_mutation,completed,1788432409739171,178842684286993612,,,,1788432409736929,1788432409736929,1788432409739171,,,http_data_plane,,,,,2242
server,peer_replication_get_delta,completed,1788432410092477,178842684286993612,178842684114090212,54,,1788432410092210,1788432410092219,1788432410092477,,,"delta_len=11,sent_us=1788432410062373",,,,,258
server,client_mutation,completed,1788432410229517,178842684286993612,,,,1788432410226493,1788432410226493,1788432410229517,,,http_data_plane,,,,,3024
server,client_mutation,completed,1788432410729318,178842684286993612,,,,1788432410726122,1788432410726122,1788432410729318,,,http_data_plane,,,,,3196
server,client_mutation,completed,1788432411228111,178842684286993612,,,,1788432411225904,1788432411225904,1788432411228111,,,http_data_plane,,,,,2207
server,peer_replication_pull_request,sent,1788432411466916,178842684286993612,,,,,,,,,connected_peers=20,,,,,
server,peer_replication_merge_delta,completed,1788432411509513,178842684286993612,,54,,1788432411496804,1788432411509464,1788432411509513,,,"delta_len=67,sent_us=1788432411481496",,,,,49
server,client_mutation,completed,1788432411731625,178842684286993612,,,,1788432411729209,1788432411729209,1788432411731625,,,http_data_plane,,,,,2416
server,peer_replication_get_delta,completed,1788432411771754,178842684286993612,178842683849158812,54,,1788432411771492,1788432411771592,1788432411771754,,,"delta_len=30,sent_us=1788432411726638",,,,,162
server,peer_replication_get_delta,completed,1788432412197961,178842684286993612,178842683849156812,54,,1788432412197784,1788432412197790,1788432412197961,,,"delta_len=26,sent_us=1788432412101182",,,,,171
server,client_mutation,completed,1788432412228867,178842684286993612,,,,1788432412226360,1788432412226360,1788432412228867,,,http_data_plane,,,,,2507
server,peer_replication_get_delta,completed,1788432412342822,178842684286993612,178842684286995611,54,,1788432412342530,1788432412342536,1788432412342822,,,"delta_len=47,sent_us=1788432412337748",,,,,286
server,peer_replication_pull_request,sent,1788432412467458,178842684286993612,,,,,,,,,connected_peers=20,,,,,
server,peer_replication_merge_delta,completed,1788432412496251,178842684286993612,,54,,1788432412487705,1788432412496203,1788432412496251,,,"delta_len=38,sent_us=1788432412481912",,,,,48
server,client_mutation,completed,1788432412728313,178842684286993612,,,,1788432412725981,1788432412725982,1788432412728313,,,http_data_plane,,,,,2331
server,membership_directory_read,completed,1788432413136274,178842684286993612,,,,,1788432413073274,1788432413136274,,,poll:262 descriptors,,,,,63000
server,peer_replication_get_delta,completed,1788432413144801,178842684286993612,178842683849156812,54,,1788432413144014,1788432413144020,1788432413144801,,,"delta_len=28,sent_us=1788432413101524",,,,,781
server,client_mutation,completed,1788432413228462,178842684286993612,,,,1788432413226155,1788432413226155,1788432413228462,,,http_data_plane,,,,,2307
server,peer_replication_get_delta,completed,1788432413340277,178842684286993612,178842684286995611,54,,1788432413339831,1788432413339838,1788432413340277,,,"delta_len=17,sent_us=1788432413337397",,,,,439
server,peer_replication_pull_request,sent,1788432413470495,178842684286993612,,,,,,,,,connected_peers=20,,,,,
server,peer_replication_get_delta,completed,1788432413500570,178842684286993612,178842684286997609,54,,1788432413500122,1788432413500129,1788432413500570,,,"delta_len=30,sent_us=1788432413498009",,,,,441
server,peer_replication_merge_delta,completed,1788432413550614,178842684286993612,,54,,1788432413545064,1788432413550479,1788432413550614,,,"delta_len=25,sent_us=1788432413538175",,,,,135
server,client_mutation,completed,1788432413730089,178842684286993612,,,,1788432413727773,1788432413727773,1788432413730089,,,http_data_plane,,,,,2316
server,client_mutation,completed,1788432414228345,178842684286993612,,,,1788432414226115,1788432414226115,1788432414228345,,,http_data_plane,,,,,2230
server,peer_replication_get_delta,completed,1788432414338986,178842684286993612,178842684286995611,54,,1788432414338671,1788432414338691,1788432414338986,,,"delta_len=27,sent_us=1788432414337435",,,,,295
server,peer_replication_pull_request,sent,1788432414467662,178842684286993612,,,,,,,,,connected_peers=20,,,,,
server,peer_replication_merge_delta,completed,1788432414499588,178842684286993612,,54,,1788432414492716,1788432414499435,1788432414499588,,,"delta_len=59,sent_us=1788432414486560",,,,,153
server,client_mutation,completed,1788432414728721,178842684286993612,,,,1788432414725693,1788432414725693,1788432414728721,,,http_data_plane,,,,,3028
server,peer_replication_get_delta,completed,1788432414873194,178842684286993612,178842684286996610,54,,1788432414873019,1788432414873025,1788432414873194,,,"delta_len=84,sent_us=1788432414872142",,,,,169
server,client_mutation,completed,1788432415227793,178842684286993612,,,,1788432415225678,1788432415225679,1788432415227793,,,http_data_plane,,,,,2114
server,peer_replication_pull_request,sent,1788432415467704,178842684286993612,,,,,,,,,connected_peers=20,,,,,
server,peer_replication_merge_delta,completed,1788432415474933,178842684286993612,,54,,1788432415469499,1788432415474887,1788432415474933,,,"delta_len=30,sent_us=1788432415468689",,,,,46
server,client_mutation,completed,1788432415728309,178842684286993612,,,,1788432415726002,1788432415726002,1788432415728309,,,http_data_plane,,,,,2307
server,peer_replication_get_delta,completed,1788432415769487,178842684286993612,178842683849158812,54,,1788432415769211,1788432415769219,1788432415769487,,,"delta_len=91,sent_us=1788432415726600",,,,,268
server,peer_replication_get_delta,completed,1788432416144142,178842684286993612,178842683849156812,54,,1788432416143848,1788432416143853,1788432416144142,,,"delta_len=66,sent_us=1788432416101868",,,,,289
server,client_mutation,completed,1788432416229244,178842684286993612,,,,1788432416226316,1788432416226316,1788432416229244,,,http_data_plane,,,,,2928
server,peer_replication_pull_request,sent,1788432416467318,178842684286993612,,,,,,,,,connected_peers=20,,,,,
server,peer_replication_merge_delta,completed,1788432416501392,178842684286993612,,54,,1788432416493068,1788432416501349,1788432416501392,,,"delta_len=59,sent_us=1788432416486181",,,,,43
server,peer_replication_get_delta,completed,1788432416501603,178842684286993612,178842684286997609,54,,1788432416501451,1788432416501454,1788432416501603,,,"delta_len=62,sent_us=1788432416498345",,,,,149
server,peer_replication_get_delta,completed,1788432416651691,178842684286993612,178842683956183209,54,,1788432416651419,1788432416651427,1788432416651691,,,"delta_len=130,sent_us=1788432416591428",,,,,264
server,client_mutation,completed,1788432416727778,178842684286993612,,,,1788432416725512,1788432416725512,1788432416727778,,,http_data_plane,,,,,2266
server,peer_replication_get_delta,completed,1788432416781745,178842684286993612,178842683956185212,54,,1788432416781578,1788432416781584,1788432416781745,,,"delta_len=40,sent_us=1788432416717321",,,,,161
server,peer_replication_get_delta,completed,1788432417147047,178842684286993612,178842684286994612,54,,1788432417146590,1788432417146596,1788432417147047,,,"delta_len=56,sent_us=1788432417143320",,,,,451
server,client_mutation,completed,1788432417228070,178842684286993612,,,,1788432417225602,1788432417225602,1788432417228070,,,http_data_plane,,,,,2468
server,peer_replication_pull_request,sent,1788432417467727,178842684286993612,,,,,,,,,connected_peers=20,,,,,
server,peer_replication_merge_delta,completed,1788432417494427,178842684286993612,,54,,1788432417488079,1788432417494393,1788432417494427,,,"delta_len=32,sent_us=1788432417482246",,,,,34
server,peer_replication_get_delta,completed,1788432417500669,178842684286993612,178842684286997609,54,,1788432417500500,1788432417500507,1788432417500669,,,"delta_len=24,sent_us=1788432417498217",,,,,162
server,client_mutation,completed,1788432417727753,178842684286993612,,,,1788432417725660,1788432417725660,1788432417727753,,,http_data_plane,,,,,2093
server,membership_directory_read,completed,1788432418132650,178842684286993612,,,,,1788432418071984,1788432418132650,,,poll:262 descriptors,,,,,60666
server,client_mutation,completed,1788432418228262,178842684286993612,,,,1788432418225971,1788432418225971,1788432418228262,,,http_data_plane,,,,,2291
server,peer_replication_pull_request,sent,1788432418467311,178842684286993612,,,,,,,,,connected_peers=20,,,,,
server,peer_replication_merge_delta,completed,1788432418497704,178842684286993612,,54,,1788432418487741,1788432418497139,1788432418497704,,,"delta_len=26,sent_us=1788432418481847",,,,,565
server,peer_replication_get_delta,completed,1788432418541888,178842684286993612,178842683849155809,54,,1788432418541700,1788432418541713,1788432418541888,,,"delta_len=35,sent_us=1788432418499747",,,,,175
server,peer_replication_get_delta,completed,1788432418545381,178842684286993612,178842684114094212,54,,1788432418545225,1788432418545230,1788432418545381,,,"delta_len=4,sent_us=1788432418529585",,,,,151
server,client_mutation,completed,1788432418727674,178842684286993612,,,,1788432418725595,1788432418725595,1788432418727674,,,http_data_plane,,,,,2079
server,client_mutation,completed,1788432419227729,178842684286993612,,,,1788432419225607,1788432419225607,1788432419227729,,,http_data_plane,,,,,2122
server,peer_replication_pull_request,sent,1788432419467785,178842684286993612,,,,,,,,,connected_peers=20,,,,,
server,peer_replication_get_delta,completed,1788432419473146,178842684286993612,178842683956182210,54,,1788432419472993,1788432419472999,1788432419473146,,,"delta_len=6,sent_us=1788432419453915",,,,,147
server,peer_replication_merge_delta,completed,1788432419499114,178842684286993612,,54,,1788432419493493,1788432419499077,1788432419499114,,,"delta_len=23,sent_us=1788432419486664",,,,,37
server,peer_replication_connection,established,1788432419499192,178842684286993612,178842684426432112,,,,,,,,,,,,,
server,client_mutation,completed,1788432419727897,178842684286993612,,,,1788432419725597,1788432419725597,1788432419727897,,,http_data_plane,,,,,2300
server,peer_replication_get_delta,completed,1788432420148306,178842684286993612,178842683849156812,54,,1788432420148133,1788432420148138,1788432420148306,,,"delta_len=13,sent_us=1788432420101965",,,,,168
server,client_mutation,completed,1788432420228103,178842684286993612,,,,1788432420225938,1788432420225938,1788432420228103,,,http_data_plane,,,,,2165
server,client_mutation,completed,1788432420728016,178842684286993612,,,,1788432420725604,1788432420725604,1788432420728016,,,http_data_plane,,,,,2412
server,peer_replication_connection,established,1788432420778221,178842684286993612,178842684426433112,,,,,,,,,,,,,
server,peer_replication_get_delta,completed,1788432420873795,178842684286993612,178842684286996610,54,,1788432420873625,1788432420873630,1788432420873795,,,"delta_len=28,sent_us=1788432420872547",,,,,165
server,client_mutation,completed,1788432421227828,178842684286993612,,,,1788432421225557,1788432421225558,1788432421227828,,,http_data_plane,,,,,2270
server,peer_replication_pull_request,sent,1788432421467765,178842684286993612,,,,,,,,,connected_peers=21,,,,,
server,peer_replication_merge_delta,completed,1788432421501594,178842684286993612,,54,,1788432421493870,1788432421501539,1788432421501594,,,"delta_len=54,sent_us=1788432421486684",,,,,55
server,client_mutation,completed,1788432421728081,178842684286993612,,,,1788432421725740,1788432421725741,1788432421728081,,,http_data_plane,,,,,2340
server,peer_replication_get_delta,completed,1788432421782292,178842684286993612,178842683956185212,54,,1788432421781900,1788432421781906,1788432421782292,,,"delta_len=17,sent_us=1788432421717160",,,,,386
server,peer_replication_get_delta,completed,1788432421888714,178842684286993612,178842684114093209,54,,1788432421888542,1788432421888548,1788432421888714,,,"delta_len=50,sent_us=1788432421873521",,,,,166
server,peer_replication_connection,established,1788432422135992,178842684286993612,178842684426434112,,,,,,,,,,,,,
server,client_mutation,completed,1788432422228080,178842684286993612,,,,1788432422225660,1788432422225660,1788432422228080,,,http_data_plane,,,,,2420
server,peer_replication_pull_request,sent,1788432422467698,178842684286993612,,,,,,,,,connected_peers=22,,,,,
server,peer_replication_get_delta,completed,1788432422473732,178842684286993612,178842683956182210,54,,1788432422473393,1788432422473402,1788432422473732,,,"delta_len=51,sent_us=1788432422453448",,,,,330
server,peer_replication_merge_delta,completed,1788432422499197,178842684286993612,,54,,1788432422488021,1788432422499165,1788432422499197,,,"delta_len=46,sent_us=1788432422482155",,,,,32
server,peer_replication_get_delta,completed,1788432422537126,178842684286993612,178842683849157812,54,,1788432422536756,1788432422536762,1788432422537126,,,"delta_len=81,sent_us=1788432422454393",,,,,364
server,client_mutation,completed,1788432422728227,178842684286993612,,,,1788432422725752,1788432422725752,1788432422728227,,,http_data_plane,,,,,2475
server,membership_directory_read,completed,1788432423137049,178842684286993612,,,,,1788432423074295,1788432423137049,,,poll:266 descriptors,,,,,62754
server,client_mutation,completed,1788432423227853,178842684286993612,,,,1788432423225636,1788432423225637,1788432423227853,,,http_data_plane,,,,,2216
server,peer_replication_pull_request,sent,1788432423466953,178842684286993612,,,,,,,,,connected_peers=22,,,,,
server,peer_replication_merge_delta,completed,1788432423566833,178842684286993612,,54,,1788432423555042,1788432423566717,1788432423566833,,,"delta_len=91,sent_us=1788432423534973",,,,,116
server,client_mutation,completed,1788432423729801,178842684286993612,,,,1788432423727136,1788432423727137,1788432423729801,,,http_data_plane,,,,,2664
server,client_mutation,completed,1788432424227788,178842684286993612,,,,1788432424225606,1788432424225606,1788432424227788,,,http_data_plane,,,,,2182
server,peer_replication_pull_request,sent,1788432424467876,178842684286993612,,,,,,,,,connected_peers=22,,,,,
server,peer_replication_merge_delta,completed,1788432424486935,178842684286993612,,54,,1788432424482301,1788432424486890,1788432424486935,,,"delta_len=20,sent_us=1788432424478575",,,,,45
server,peer_replication_get_delta,completed,1788432424545395,178842684286993612,178842684114094212,54,,1788432424545217,1788432424545223,1788432424545395,,,"delta_len=60,sent_us=1788432424529779",,,,,172
server,client_mutation,completed,1788432424727749,178842684286993612,,,,1788432424725570,1788432424725570,1788432424727749,,,http_data_plane,,,,,2179
server,peer_replication_get_delta,completed,1788432424911979,178842684286993612,178842683956184212,54,,1788432424911809,1788432424911816,1788432424911979,,,"delta_len=25,sent_us=1788432424891487",,,,,163
server,client_mutation,completed,1788432425227942,178842684286993612,,,,1788432425225730,1788432425225730,1788432425227942,,,http_data_plane,,,,,2212
server,peer_replication_pull_request,sent,1788432425466903,178842684286993612,,,,,,,,,connected_peers=22,,,,,
server,peer_replication_merge_delta,completed,1788432425503769,178842684286993612,,54,,1788432425493436,1788432425503707,1788432425503769,,,"delta_len=56,sent_us=1788432425486042",,,,,62
server,peer_replication_get_delta,completed,1788432425610360,178842684286993612,178842683956183209,54,,1788432425610045,1788432425610052,1788432425610360,,,"delta_len=87,sent_us=1788432425590922",,,,,308
server,client_mutation,completed,1788432425727941,178842684286993612,,,,1788432425725721,1788432425725721,1788432425727941,,,http_data_plane,,,,,2220
server,peer_replication_get_delta,completed,1788432425877270,178842684286993612,178842684114091211,54,,1788432425877083,1788432425877091,1788432425877270,,,"delta_len=76,sent_us=1788432425861652",,,,,179
server,client_mutation,completed,1788432426228489,178842684286993612,,,,1788432426225634,1788432426225634,1788432426228489,,,http_data_plane,,,,,2855
server,peer_replication_pull_request,sent,1788432426467475,178842684286993612,,,,,,,,,connected_peers=22,,,,,
server,peer_replication_merge_delta,completed,1788432426498090,178842684286993612,,54,,1788432426487489,1788432426498047,1788432426498090,,,"delta_len=30,sent_us=1788432426481918",,,,,43
server,client_mutation,completed,1788432426727790,178842684286993612,,,,1788432426725637,1788432426725637,1788432426727790,,,http_data_plane,,,,,2153
server,peer_replication_get_delta,completed,1788432426768185,178842684286993612,178842683849158812,54,,1788432426768016,1788432426768021,1788432426768185,,,"delta_len=53,sent_us=1788432426726042",,,,,164
server,client_mutation,completed,1788432427228095,178842684286993612,,,,1788432427225769,1788432427225769,1788432427228095,,,http_data_plane,,,,,2326
server,peer_replication_pull_request,sent,1788432427466973,178842684286993612,,,,,,,,,connected_peers=22,,,,,
server,peer_replication_merge_delta,completed,1788432427576697,178842684286993612,,54,,1788432427571619,1788432427576654,1788432427576697,,,"delta_len=31,sent_us=1788432427558172",,,,,43
server,client_mutation,completed,1788432427728140,178842684286993612,,,,1788432427726034,1788432427726034,1788432427728140,,,http_data_plane,,,,,2106
server,membership_directory_read,completed,1788432428137909,178842684286993612,,,,,1788432428072343,1788432428137909,,,poll:268 descriptors,,,,,65566
server,client_mutation,completed,1788432428228305,178842684286993612,,,,1788432428226124,1788432428226124,1788432428228305,,,http_data_plane,,,,,2181
server,peer_replication_pull_request,sent,1788432428467219,178842684286993612,,,,,,,,,connected_peers=22,,,,,
server,peer_replication_merge_delta,completed,1788432428493714,178842684286993612,,54,,1788432428487372,1788432428493678,1788432428493714,,,"delta_len=50,sent_us=1788432428481548",,,,,36
server,client_mutation,completed,1788432428727789,178842684286993612,,,,1788432428725568,1788432428725568,1788432428727789,,,http_data_plane,,,,,2221
server,peer_replication_get_delta,completed,1788432428873228,178842684286993612,178842684286996610,54,,1788432428873041,1788432428873049,1788432428873228,,,"delta_len=155,sent_us=1788432428872153",,,,,179
server,peer_replication_get_delta,completed,1788432429144265,178842684286993612,178842683849156812,54,,1788432429144090,1788432429144097,1788432429144265,,,"delta_len=43,sent_us=1788432429101925",,,,,168
server,client_mutation,completed,1788432429228782,178842684286993612,,,,1788432429226533,1788432429226533,1788432429228782,,,http_data_plane,,,,,2249
server,peer_replication_pull_request,sent,1788432429466969,178842684286993612,,,,,,,,,connected_peers=22,,,,,
server,peer_replication_merge_delta,completed,1788432429535997,178842684286993612,,54,,1788432429523456,1788432429535932,1788432429535997,,,"delta_len=51,sent_us=1788432429509542",,,,,65
server,client_mutation,completed,1788432429727802,178842684286993612,,,,1788432429725585,1788432429725585,1788432429727802,,,http_data_plane,,,,,2217
server,client_mutation,completed,1788432430228358,178842684286993612,,,,1788432430226225,1788432430226225,1788432430228358,,,http_data_plane,,,,,2133
server,peer_replication_get_delta,completed,1788432430320435,178842684286993612,178842683956181211,54,,1788432430320270,1788432430320277,1788432430320435,,,"delta_len=70,sent_us=1788432430257145",,,,,158
server,peer_replication_get_delta,completed,1788432430338284,178842684286993612,178842684286995611,54,,1788432430338116,1788432430338122,1788432430338284,,,"delta_len=26,sent_us=1788432430337428",,,,,162
server,peer_replication_pull_request,sent,1788432430467430,178842684286993612,,,,,,,,,connected_peers=22,,,,,
server,peer_replication_merge_delta,completed,1788432430476397,178842684286993612,,54,,1788432430469332,1788432430476276,1788432430476397,,,"delta_len=53,sent_us=1788432430468579",,,,,121
server,peer_replication_get_delta,completed,1788432430476584,178842684286993612,178842683956182210,54,,1788432430476442,1788432430476445,1788432430476584,,,"delta_len=24,sent_us=1788432430453456",,,,,139
server,peer_replication_get_delta,completed,1788432430587354,178842684286993612,178842683849155809,54,,1788432430587172,1788432430587180,1788432430587354,,,"delta_len=84,sent_us=1788432430499637",,,,,174
server,peer_replication_get_delta,completed,1788432430639008,178842684286993612,178842684114092210,54,,1788432430638771,1788432430638777,1788432430639008,,,"delta_len=268,sent_us=1788432430583434",,,,,231
server,client_mutation,completed,1788432430727710,178842684286993612,,,,1788432430725564,1788432430725564,1788432430727710,,,http_data_plane,,,,,2146
server,peer_replication_get_delta,completed,1788432430888344,178842684286993612,178842684114093209,54,,1788432430888159,1788432430888164,1788432430888344,,,"delta_len=94,sent_us=1788432430873049",,,,,180
server,client_mutation,completed,1788432431228404,178842684286993612,,,,1788432431225863,1788432431225863,1788432431228404,,,http_data_plane,,,,,2541
server,peer_replication_pull_request,sent,1788432431467444,178842684286993612,,,,,,,,,connected_peers=22,,,,,
server,peer_replication_merge_delta,completed,1788432431473287,178842684286993612,,54,,1788432431469154,1788432431473272,1788432431473287,,,"delta_len=12,sent_us=1788432431468296",,,,,15
server,client_mutation,completed,1788432431728012,178842684286993612,,,,1788432431725712,1788432431725712,1788432431728012,,,http_data_plane,,,,,2300
server,peer_replication_get_delta,completed,1788432431961807,178842684286993612,178842683956184212,54,,1788432431961627,1788432431961632,1788432431961807,,,"delta_len=64,sent_us=1788432431891997",,,,,175
server,client_mutation,completed,1788432432227716,178842684286993612,,,,1788432432225708,1788432432225708,1788432432227716,,,http_data_plane,,,,,2008
server,peer_replication_pull_request,sent,1788432432467856,178842684286993612,,,,,,,,,connected_peers=22,,,,,
server,client_mutation,completed,1788432432727477,178842684286993612,,,,1788432432725559,1788432432725559,1788432432727477,,,http_data_plane,,,,,1918
server,membership_directory_read,completed,1788432433135112,178842684286993612,,,,,1788432433072507,1788432433135112,,,poll:268 descriptors,,,,,62605
server,client_mutation,completed,1788432433227805,178842684286993612,,,,1788432433225601,1788432433225601,1788432433227805,,,http_data_plane,,,,,2204
server,peer_replication_pull_request,sent,1788432433467263,178842684286993612,,,,,,,,,connected_peers=22,,,,,
server,peer_replication_get_delta,completed,1788432433472726,178842684286993612,178842683956182210,54,,1788432433472565,1788432433472572,1788432433472726,,,"delta_len=18,sent_us=1788432433453513",,,,,154
server,peer_replication_merge_delta,completed,1788432433547802,178842684286993612,,54,,1788432433532917,1788432433547636,1788432433547802,,,"delta_len=166,sent_us=1788432433522085",,,,,166
server,peer_replication_get_delta,completed,1788432433548037,178842684286993612,178842683849155809,54,,1788432433547894,1788432433547898,1788432433548037,,,"delta_len=88,sent_us=1788432433499089",,,,,139
server,peer_replication_get_delta,completed,1788432433548104,178842684286993612,178842684114094212,54,,1788432433548070,1788432433548074,1788432433548104,,,"delta_len=81,sent_us=1788432433529833",,,,,30
server,client_mutation,completed,1788432433727725,178842684286993612,,,,1788432433725593,1788432433725593,1788432433727725,,,http_data_plane,,,,,2132
server,client_mutation,completed,1788432434228041,178842684286993612,,,,1788432434225819,1788432434225819,1788432434228041,,,http_data_plane,,,,,2222
server,peer_replication_pull_request,sent,1788432434466923,178842684286993612,,,,,,,,,connected_peers=22,,,,,
server,peer_replication_merge_delta,completed,1788432434492193,178842684286993612,,54,,1788432434487036,1788432434492165,1788432434492193,,,"delta_len=22,sent_us=1788432434481245",,,,,28
server,client_mutation,completed,1788432434727871,178842684286993612,,,,1788432434725567,1788432434725567,1788432434727871,,,http_data_plane,,,,,2304
server,peer_replication_get_delta,completed,1788432434768983,178842684286993612,178842683849158812,54,,1788432434768661,1788432434768668,1788432434768983,,,"delta_len=33,sent_us=1788432434726125",,,,,315
server,peer_replication_get_delta,completed,1788432434873109,178842684286993612,178842684286996610,54,,1788432434872933,1788432434872939,1788432434873109,,,"delta_len=65,sent_us=1788432434872266",,,,,170
server,client_mutation,completed,1788432435227889,178842684286993612,,,,1788432435225668,1788432435225668,1788432435227889,,,http_data_plane,,,,,2221
server,peer_replication_get_delta,completed,1788432435338001,178842684286993612,178842684286995611,54,,1788432435337816,1788432435337822,1788432435338001,,,"delta_len=78,sent_us=1788432435337233",,,,,179
server,peer_replication_pull_request,sent,1788432435467807,178842684286993612,,,,,,,,,connected_peers=22,,,,,
server,peer_replication_merge_delta,completed,1788432435477122,178842684286993612,,54,,1788432435471044,1788432435477084,1788432435477122,,,"delta_len=21,sent_us=1788432435469654",,,,,38
server,peer_replication_get_delta,completed,1788432435540665,178842684286993612,178842683849155809,54,,1788432435540503,1788432435540509,1788432435540665,,,"delta_len=32,sent_us=1788432435499629",,,,,156
server,client_mutation,completed,1788432435727802,178842684286993612,,,,1788432435725621,1788432435725621,1788432435727802,,,http_data_plane,,,,,2181
server,client_mutation,completed,1788432436228804,178842684286993612,,,,1788432436226242,1788432436226242,1788432436228804,,,http_data_plane,,,,,2562
server,peer_replication_pull_request,sent,1788432436467179,178842684286993612,,,,,,,,,connected_peers=22,,,,,
server,peer_replication_merge_delta,completed,1788432436549670,178842684286993612,,54,,1788432436533025,1788432436549578,1788432436549670,,,"delta_len=123,sent_us=1788432436522138",,,,,92
server,client_mutation,completed,1788432436728021,178842684286993612,,,,1788432436725576,1788432436725576,1788432436728021,,,http_data_plane,,,,,2445
server,peer_replication_get_delta,completed,1788432436921350,178842684286993612,178842684114091211,54,,1788432436921169,1788432436921174,1788432436921350,,,"delta_len=85,sent_us=1788432436861041",,,,,176
server,peer_replication_get_delta,completed,1788432437143466,178842684286993612,178842684286994612,54,,1788432437143043,1788432437143050,1788432437143466,,,"delta_len=122,sent_us=1788432437142227",,,,,416
server,client_mutation,completed,1788432437228495,178842684286993612,,,,1788432437226167,1788432437226167,1788432437228495,,,http_data_plane,,,,,2328
server,peer_replication_pull_request,sent,1788432437467694,178842684286993612,,,,,,,,,connected_peers=22,,,,,
server,peer_replication_merge_delta,completed,1788432437497940,178842684286993612,,54,,1788432437491114,1788432437497878,1788432437497940,,,"delta_len=37,sent_us=1788432437485383",,,,,62
server,peer_replication_get_delta,completed,1788432437598153,178842684286993612,178842684114092210,54,,1788432437597970,1788432437597977,1788432437598153,,,"delta_len=133,sent_us=1788432437582753",,,,,176
server,client_mutation,completed,1788432437728023,178842684286993612,,,,1788432437725709,1788432437725709,1788432437728023,,,http_data_plane,,,,,2314
server,membership_directory_read,completed,1788432438133887,178842684286993612,,,,,1788432438072875,1788432438133887,,,poll:268 descriptors,,,,,61012
server,client_mutation,completed,1788432438228497,178842684286993612,,,,1788432438226301,1788432438226301,1788432438228497,,,http_data_plane,,,,,2196
server,peer_replication_pull_request,sent,1788432438466821,178842684286993612,,,,,,,,,connected_peers=22,,,,,
server,peer_replication_merge_delta,completed,1788432438493058,178842684286993612,,54,,1788432438487092,1788432438493016,1788432438493058,,,"delta_len=33,sent_us=1788432438481272",,,,,42
server,peer_replication_get_delta,completed,1788432438494773,178842684286993612,178842683849157812,54,,1788432438494552,1788432438494559,1788432438494773,,,"delta_len=55,sent_us=1788432438453777",,,,,214
server,client_mutation,completed,1788432438727812,178842684286993612,,,,1788432438725588,1788432438725588,1788432438727812,,,http_data_plane,,,,,2224
server,client_mutation,completed,1788432439227819,178842684286993612,,,,1788432439225577,1788432439225577,1788432439227819,,,http_data_plane,,,,,2242
server,peer_replication_pull_request,sent,1788432439467011,178842684286993612,,,,,,,,,connected_peers=22,,,,,
server,peer_replication_merge_delta,completed,1788432439477546,178842684286993612,,54,,1788432439471271,1788432439477508,1788432439477546,,,"delta_len=38,sent_us=1788432439470460",,,,,38
server,peer_replication_get_delta,completed,1788432439538328,178842684286993612,178842684426432112,54,,1788432439538151,1788432439538163,1788432439538328,,,"delta_len=58,sent_us=1788432439481744",,,,,165
server,client_mutation,completed,1788432439728024,178842684286993612,,,,1788432439725775,1788432439725775,1788432439728024,,,http_data_plane,,,,,2249
server,peer_replication_get_delta,completed,1788432439889102,178842684286993612,178842684114093209,54,,1788432439888933,1788432439888940,1788432439889102,,,"delta_len=65,sent_us=1788432439873661",,,,,162
server,client_mutation,completed,1788432440228867,178842684286993612,,,,1788432440225983,1788432440225983,1788432440228867,,,http_data_plane,,,,,2884
server,peer_replication_get_delta,completed,1788432440320652,178842684286993612,178842683956181211,54,,1788432440320376,1788432440320382,1788432440320652,,,"delta_len=46,sent_us=1788432440257850",,,,,270
server,peer_replication_pull_request,sent,1788432440467057,178842684286993612,,,,,,,,,connected_peers=22,,,,,
server,peer_replication_merge_delta,completed,1788432440493081,178842684286993612,,54,,1788432440487314,1788432440493027,1788432440493081,,,"delta_len=34,sent_us=1788432440481503",,,,,54
server,peer_replication_get_delta,completed,1788432440494828,178842684286993612,178842683849157812,54,,1788432440494649,1788432440494656,1788432440494828,,,"delta_len=49,sent_us=1788432440453739",,,,,172
server,client_mutation,completed,1788432440727864,178842684286993612,,,,1788432440725700,1788432440725700,1788432440727864,,,http_data_plane,,,,,2164
server,client_mutation,completed,1788432441227807,178842684286993612,,,,1788432441225644,1788432441225644,1788432441227807,,,http_data_plane,,,,,2163
server,peer_replication_pull_request,sent,1788432441468220,178842684286993612,,,,,,,,,connected_peers=22,,,,,
server,peer_replication_merge_delta,completed,1788432441498878,178842684286993612,,54,,1788432441488488,1788432441498817,1788432441498878,,,"delta_len=45,sent_us=1788432441482699",,,,,61
server,peer_replication_get_delta,completed,1788432441610915,178842684286993612,178842683956183209,54,,1788432441610562,1788432441610569,1788432441610915,,,"delta_len=26,sent_us=1788432441590618",,,,,346
server,client_mutation,completed,1788432441728246,178842684286993612,,,,1788432441725840,1788432441725840,1788432441728246,,,http_data_plane,,,,,2406
server,peer_replication_get_delta,completed,1788432441951893,178842684286993612,178842683956184212,54,,1788432441951726,1788432441951731,1788432441951893,,,"delta_len=40,sent_us=1788432441891183",,,,,162
server,client_mutation,completed,1788432442229313,178842684286993612,,,,1788432442225998,1788432442225998,1788432442229313,,,http_data_plane,,,,,3315
server,peer_replication_pull_request,sent,1788432442467854,178842684286993612,,,,,,,,,connected_peers=22,,,,,
server,peer_replication_merge_delta,completed,1788432442511880,178842684286993612,,54,,1788432442502672,1788432442511539,1788432442511880,,,"delta_len=68,sent_us=1788432442485447",,,,,341
server,client_mutation,completed,1788432442728830,178842684286993612,,,,1788432442726046,1788432442726046,1788432442728830,,,http_data_plane,,,,,2784
server,membership_directory_read,completed,1788432443138129,178842684286993612,,,,,1788432443072019,1788432443138129,,,poll:268 descriptors,,,,,66110
server,client_mutation,completed,1788432443227659,178842684286993612,,,,1788432443225582,1788432443225582,1788432443227659,,,http_data_plane,,,,,2077
server,peer_replication_pull_request,sent,1788432443467179,178842684286993612,,,,,,,,,connected_peers=22,,,,,
server,peer_replication_get_delta,completed,1788432443495238,178842684286993612,178842683849157812,54,,1788432443495067,1788432443495073,1788432443495238,,,"delta_len=48,sent_us=1788432443453847",,,,,165
server,peer_replication_get_delta,completed,1788432443499427,178842684286993612,178842684286997609,54,,1788432443499249,1788432443499255,1788432443499427,,,"delta_len=83,sent_us=1788432443498583",,,,,172
server,peer_replication_merge_delta,completed,1788432443533727,178842684286993612,,54,,1788432443525603,1788432443533677,1788432443533727,,,"delta_len=49,sent_us=1788432443511839",,,,,50
server,client_mutation,completed,1788432443729340,178842684286993612,,,,1788432443726149,1788432443726149,1788432443729340,,,http_data_plane,,,,,3191
server,peer_replication_get_delta,completed,1788432443872746,178842684286993612,178842684286996610,54,,1788432443872528,1788432443872534,1788432443872746,,,"delta_len=67,sent_us=1788432443871761",,,,,212
server,peer_replication_get_delta,completed,1788432443889160,178842684286993612,178842684114093209,54,,1788432443888969,1788432443888978,1788432443889160,,,"delta_len=72,sent_us=1788432443873449",,,,,182
server,client_mutation,completed,1788432444229453,178842684286993612,,,,1788432444226813,1788432444226813,1788432444229453,,,http_data_plane,,,,,2640
server,peer_replication_pull_request,sent,1788432444467415,178842684286993612,,,,,,,,,connected_peers=22,,,,,
server,peer_replication_merge_delta,completed,1788432444493018,178842684286993612,,54,,1788432444487708,1788432444492979,1788432444493018,,,"delta_len=30,sent_us=1788432444481898",,,,,39
server,client_mutation,completed,1788432444727775,178842684286993612,,,,1788432444725587,1788432444725587,1788432444727775,,,http_data_plane,,,,,2188
server,client_mutation,completed,1788432445227839,178842684286993612,,,,1788432445225580,1788432445225580,1788432445227839,,,http_data_plane,,,,,2259
server,peer_replication_pull_request,sent,1788432445466856,178842684286993612,,,,,,,,,connected_peers=22,,,,,
server,peer_replication_merge_delta,completed,1788432445511093,178842684286993612,,54,,1788432445501684,1788432445510932,1788432445511093,,,"delta_len=74,sent_us=1788432445484241",,,,,161
server,client_mutation,completed,1788432445728601,178842684286993612,,,,1788432445725588,1788432445725588,1788432445728601,,,http_data_plane,,,,,3013
server,client_mutation,completed,1788432446227940,178842684286993612,,,,1788432446225604,1788432446225604,1788432446227940,,,http_data_plane,,,,,2336
server,peer_replication_pull_request,sent,1788432446466907,178842684286993612,,,,,,,,,connected_peers=22,,,,,
server,peer_replication_merge_delta,completed,1788432446491845,178842684286993612,,54,,1788432446483772,1788432446491800,1788432446491845,,,"delta_len=42,sent_us=1788432446478827",,,,,45
server,client_mutation,completed,1788432446727940,178842684286993612,,,,1788432446725765,1788432446725765,1788432446727940,,,http_data_plane,,,,,2175
server,client_mutation,completed,1788432447227857,178842684286993612,,,,1788432447225661,1788432447225661,1788432447227857,,,http_data_plane,,,,,2196
server,peer_replication_get_delta,completed,1788432447338617,178842684286993612,178842684286995611,54,,1788432447338172,1788432447338178,1788432447338617,,,"delta_len=126,sent_us=1788432447337174",,,,,439
server,peer_replication_pull_request,sent,1788432447467195,178842684286993612,,,,,,,,,connected_peers=22,,,,,
server,peer_replication_merge_delta,completed,1788432447531908,178842684286993612,,54,,1788432447523215,1788432447531867,1788432447531908,,,"delta_len=34,sent_us=1788432447509775",,,,,41
server,peer_replication_get_delta,completed,1788432447610851,178842684286993612,178842683956183209,54,,1788432447610546,1788432447610553,1788432447610851,,,"delta_len=62,sent_us=1788432447591239",,,,,298
server,client_mutation,completed,1788432447727819,178842684286993612,,,,1788432447725732,1788432447725732,1788432447727819,,,http_data_plane,,,,,2087
server,membership_directory_read,completed,1788432448132009,178842684286993612,,,,,1788432448072209,1788432448132009,,,poll:268 descriptors,,,,,59800
server,client_mutation,completed,1788432448240213,178842684286993612,,,,1788432448231938,1788432448231938,1788432448240213,,,http_data_plane,,,,,8275
server,peer_replication_pull_request,sent,1788432448467003,178842684286993612,,,,,,,,,connected_peers=22,,,,,
server,peer_replication_merge_delta,completed,1788432448479900,178842684286993612,,54,,1788432448469502,1788432448479760,1788432448479900,,,"delta_len=93,sent_us=1788432448468457",,,,,140
server,client_mutation,completed,1788432448727738,178842684286993612,,,,1788432448725539,1788432448725539,1788432448727738,,,http_data_plane,,,,,2199
server,client_mutation,completed,1788432449228413,178842684286993612,,,,1788432449225741,1788432449225741,1788432449228413,,,http_data_plane,,,,,2672
server,peer_replication_pull_request,sent,1788432449467026,178842684286993612,,,,,,,,,connected_peers=22,,,,,
server,peer_replication_merge_delta,completed,1788432449577910,178842684286993612,,54,,1788432449572000,1788432449577882,1788432449577910,,,"delta_len=32,sent_us=1788432449558272",,,,,28
server,client_mutation,completed,1788432449727816,178842684286993612,,,,1788432449725572,1788432449725572,1788432449727816,,,http_data_plane,,,,,2244
server,client_mutation,completed,1788432450227833,178842684286993612,,,,1788432450225681,1788432450225681,1788432450227833,,,http_data_plane,,,,,2152
server,peer_replication_pull_request,sent,1788432450467772,178842684286993612,,,,,,,,,connected_peers=22,,,,,
server,peer_replication_merge_delta,completed,1788432450498765,178842684286993612,,54,,1788432450493651,1788432450498733,1788432450498765,,,"delta_len=24,sent_us=1788432450486655",,,,,32
server,client_mutation,completed,1788432450727784,178842684286993612,,,,1788432450725645,1788432450725645,1788432450727784,,,http_data_plane,,,,,2139
server,client_mutation,completed,1788432451228091,178842684286993612,,,,1788432451225715,1788432451225715,1788432451228091,,,http_data_plane,,,,,2376
server,peer_replication_pull_request,sent,1788432451467200,178842684286993612,,,,,,,,,connected_peers=22,,,,,
server,peer_replication_merge_delta,completed,1788432451515899,178842684286993612,,54,,1788432451506467,1788432451515847,1788432451515899,,,"delta_len=60,sent_us=1788432451486676",,,,,52
server,client_mutation,completed,1788432451728708,178842684286993612,,,,1788432451726447,1788432451726447,1788432451728708,,,http_data_plane,,,,,2261
server,client_mutation,completed,1788432452227690,178842684286993612,,,,1788432452225583,1788432452225583,1788432452227690,,,http_data_plane,,,,,2107
server,peer_replication_pull_request,sent,1788432452467750,178842684286993612,,,,,,,,,connected_peers=22,,,,,
server,peer_replication_merge_delta,completed,1788432452530135,178842684286993612,,54,,1788432452523892,1788432452530092,1788432452530135,,,"delta_len=43,sent_us=1788432452510365",,,,,43
server,client_mutation,completed,1788432452727761,178842684286993612,,,,1788432452725604,1788432452725604,1788432452727761,,,http_data_plane,,,,,2157
server,peer_replication_get_delta,completed,1788432452873351,178842684286993612,178842684286996610,54,,1788432452873174,1788432452873180,1788432452873351,,,"delta_len=91,sent_us=1788432452872408",,,,,171
server,membership_directory_read,completed,1788432453131828,178842684286993612,,,,,1788432453072152,1788432453131828,,,poll:268 descriptors,,,,,59676
server,client_mutation,completed,1788432453229025,178842684286993612,,,,1788432453226672,1788432453226673,1788432453229025,,,http_data_plane,,,,,2352
server,peer_replication_pull_request,sent,1788432453466962,178842684286993612,,,,,,,,,connected_peers=22,,,,,
server,peer_replication_merge_delta,completed,1788432453498013,178842684286993612,,54,,1788432453493337,1788432453497989,1788432453498013,,,"delta_len=18,sent_us=1788432453486165",,,,,24
server,peer_replication_get_delta,completed,1788432453540517,178842684286993612,178842683849155809,54,,1788432453540276,1788432453540283,1788432453540517,,,"delta_len=49,sent_us=1788432453498944",,,,,234
server,peer_replication_get_delta,completed,1788432453649703,178842684286993612,178842684114092210,54,,1788432453649497,1788432453649504,1788432453649703,,,"delta_len=68,sent_us=1788432453583353",,,,,199
server,client_mutation,completed,1788432453728147,178842684286993612,,,,1788432453725831,1788432453725832,1788432453728147,,,http_data_plane,,,,,2315
server,peer_replication_get_delta,completed,1788432453817952,178842684286993612,178842683849158812,54,,1788432453817691,1788432453817698,1788432453817952,,,"delta_len=33,sent_us=1788432453726397",,,,,254
server,peer_replication_get_delta,completed,1788432453912098,178842684286993612,178842683956184212,54,,1788432453911738,1788432453911745,1788432453912098,,,"delta_len=53,sent_us=1788432453891682",,,,,353
server,client_mutation,completed,1788432454229570,178842684286993612,,,,1788432454227222,1788432454227222,1788432454229570,,,http_data_plane,,,,,2348
server,peer_replication_pull_request,sent,1788432454466975,178842684286993612,,,,,,,,,connected_peers=22,,,,,
server,peer_replication_get_delta,completed,1788432454499676,178842684286993612,178842684286997609,54,,1788432454499212,1788432454499217,1788432454499676,,,"delta_len=56,sent_us=1788432454498192",,,,,459
server,peer_replication_merge_delta,completed,1788432454539957,178842684286993612,,54,,1788432454534209,1788432454539929,1788432454539957,,,"delta_len=25,sent_us=1788432454523630",,,,,28
server,peer_replication_get_delta,completed,1788432454545414,178842684286993612,178842684114094212,54,,1788432454545182,1788432454545191,1788432454545414,,,"delta_len=79,sent_us=1788432454529428",,,,,223
server,client_mutation,completed,1788432454729217,178842684286993612,,,,1788432454726573,1788432454726573,1788432454729217,,,http_data_plane,,,,,2644
server,client_mutation,completed,1788432455227875,178842684286993612,,,,1788432455225599,1788432455225599,1788432455227875,,,http_data_plane,,,,,2276
server,peer_replication_pull_request,sent,1788432455467304,178842684286993612,,,,,,,,,connected_peers=22,,,,,
server,peer_replication_merge_delta,completed,1788432455513847,178842684286993612,,54,,1788432455505424,1788432455513764,1788432455513847,,,"delta_len=68,sent_us=1788432455486107",,,,,83
server,peer_replication_get_delta,completed,1788432455537232,178842684286993612,178842683849157812,54,,1788432455537051,1788432455537059,1788432455537232,,,"delta_len=39,sent_us=1788432455454469",,,,,173
server,client_mutation,completed,1788432455727904,178842684286993612,,,,1788432455725660,1788432455725660,1788432455727904,,,http_data_plane,,,,,2244
server,peer_replication_get_delta,completed,1788432455880575,178842684286993612,178842684114091211,54,,1788432455880388,1788432455880393,1788432455880575,,,"delta_len=19,sent_us=1788432455861636",,,,,182
server,client_mutation,completed,1788432456228485,178842684286993612,,,,1788432456225678,1788432456225678,1788432456228485,,,http_data_plane,,,,,2807
server,peer_replication_pull_request,sent,1788432456467744,178842684286993612,,,,,,,,,connected_peers=22,,,,,
server,peer_replication_merge_delta,completed,1788432456533885,178842684286993612,,54,,1788432456526726,1788432456533854,1788432456533885,,,"delta_len=27,sent_us=1788432456512891",,,,,31
server,peer_replication_get_delta,completed,1788432456545768,178842684286993612,178842684114094212,54,,1788432456545351,1788432456545575,1788432456545768,,,"delta_len=13,sent_us=1788432456529586",,,,,193
server,client_mutation,completed,1788432456730414,178842684286993612,,,,1788432456727632,1788432456727632,1788432456730414,,,http_data_plane,,,,,2782
server,peer_replication_get_delta,completed,1788432456873648,178842684286993612,178842684286996610,54,,1788432456873374,1788432456873379,1788432456873648,,,"delta_len=40,sent_us=1788432456872594",,,,,269
server,client_mutation,completed,1788432457227962,178842684286993612,,,,1788432457225795,1788432457225796,1788432457227962,,,http_data_plane,,,,,2166
server,peer_replication_get_delta,completed,1788432457339994,178842684286993612,178842684286995611,54,,1788432457339813,1788432457339820,1788432457339994,,,"delta_len=50,sent_us=1788432457338277",,,,,174
server,peer_replication_pull_request,sent,1788432457467450,178842684286993612,,,,,,,,,connected_peers=22,,,,,
server,peer_replication_merge_delta,completed,1788432457590339,178842684286993612,,54,,1788432457584111,1788432457590304,1788432457590339,,,"delta_len=35,sent_us=1788432457570571",,,,,35
server,peer_replication_get_delta,completed,1788432457662269,178842684286993612,178842683956183209,54,,1788432457661887,1788432457661892,1788432457662269,,,"delta_len=56,sent_us=1788432457594499",,,,,377
server,client_mutation,completed,1788432457729246,178842684286993612,,,,1788432457726566,1788432457726566,1788432457729246,,,http_data_plane,,,,,2680
server,membership_directory_read,completed,1788432458140961,178842684286993612,,,,,1788432458072654,1788432458140961,,,poll:268 descriptors,,,,,68307
server,client_mutation,completed,1788432458228218,178842684286993612,,,,1788432458226018,1788432458226018,1788432458228218,,,http_data_plane,,,,,2200
server,peer_replication_pull_request,sent,1788432458469061,178842684286993612,,,,,,,,,connected_peers=22,,,,,
server,peer_replication_merge_delta,completed,1788432458485762,178842684286993612,,54,,1788432458473475,1788432458485679,1788432458485762,,,"delta_len=99,sent_us=1788432458470463",,,,,83
server,client_mutation,completed,1788432458727897,178842684286993612,,,,1788432458725620,1788432458725620,1788432458727897,,,http_data_plane,,,,,2277
server,peer_replication_get_delta,completed,1788432458779682,178842684286993612,178842684426433112,54,,1788432458779397,1788432458779404,1788432458779682,,,"delta_len=43,sent_us=1788432458768880",,,,,278
server,client_mutation,completed,1788432459228486,178842684286993612,,,,1788432459225827,1788432459225827,1788432459228486,,,http_data_plane,,,,,2659
server,peer_replication_pull_request,sent,1788432459467591,178842684286993612,,,,,,,,,connected_peers=22,,,,,
server,peer_replication_merge_delta,completed,1788432459545148,178842684286993612,,54,,1788432459536315,1788432459544689,1788432459545148,,,"delta_len=64,sent_us=1788432459523170",,,,,459
server,client_mutation,completed,1788432459728132,178842684286993612,,,,1788432459725783,1788432459725783,1788432459728132,,,http_data_plane,,,,,2349
server,peer_replication_get_delta,completed,1788432459874614,178842684286993612,178842684286996610,54,,1788432459874207,1788432459874214,1788432459874614,,,"delta_len=42,sent_us=1788432459871871",,,,,400
server,client_mutation,completed,1788432460228950,178842684286993612,,,,1788432460226033,1788432460226033,1788432460228950,,,http_data_plane,,,,,2917
server,peer_replication_pull_request,sent,1788432460467319,178842684286993612,,,,,,,,,connected_peers=22,,,,,
server,peer_replication_merge_delta,completed,1788432460492391,178842684286993612,,54,,1788432460487289,1788432460492359,1788432460492391,,,"delta_len=24,sent_us=1788432460481694",,,,,32
server,client_mutation,completed,1788432460729074,178842684286993612,,,,1788432460726762,1788432460726762,1788432460729074,,,http_data_plane,,,,,2312
server,peer_replication_get_delta,completed,1788432460781898,178842684286993612,178842683956185212,54,,1788432460781717,1788432460781723,1788432460781898,,,"delta_len=78,sent_us=1788432460717473",,,,,175
server,peer_replication_get_delta,completed,1788432460877279,178842684286993612,178842684114091211,54,,1788432460877104,1788432460877111,1788432460877279,,,"delta_len=78,sent_us=1788432460861533",,,,,168
server,peer_replication_get_delta,completed,1788432461118864,178842684286993612,178842684114090212,54,,1788432461118679,1788432461118686,1788432461118864,,,"delta_len=84,sent_us=1788432461062319",,,,,178
server,client_mutation,completed,1788432461228318,178842684286993612,,,,1788432461226088,1788432461226088,1788432461228318,,,http_data_plane,,,,,2230
server,peer_replication_pull_request,sent,1788432461467386,178842684286993612,,,,,,,,,connected_peers=22,,,,,
server,peer_replication_merge_delta,completed,1788432461539886,178842684286993612,,54,,1788432461528680,1788432461539478,1788432461539886,,,"delta_len=57,sent_us=1788432461523580",,,,,408
server,client_mutation,completed,1788432461727720,178842684286993612,,,,1788432461725542,1788432461725542,1788432461727720,,,http_data_plane,,,,,2178
server,client_mutation,completed,1788432462228536,178842684286993612,,,,1788432462225585,1788432462225585,1788432462228536,,,http_data_plane,,,,,2951
server,peer_replication_pull_request,sent,1788432462466971,178842684286993612,,,,,,,,,connected_peers=22,,,,,
server,peer_replication_merge_delta,completed,1788432462487925,178842684286993612,,54,,1788432462481585,1788432462487785,1788432462487925,,,"delta_len=49,sent_us=1788432462477752",,,,,140
server,peer_replication_get_delta,completed,1788432462499334,178842684286993612,178842684286997609,54,,1788432462499146,1788432462499161,1788432462499334,,,"delta_len=115,sent_us=1788432462498497",,,,,173
server,peer_replication_get_delta,completed,1788432462649046,178842684286993612,178842684114092210,54,,1788432462648832,1788432462648838,1788432462649046,,,"delta_len=92,sent_us=1788432462583739",,,,,208
server,client_mutation,completed,1788432462727864,178842684286993612,,,,1788432462725706,1788432462725706,1788432462727864,,,http_data_plane,,,,,2158
server,membership_directory_read,completed,1788432463140785,178842684286993612,,,,,1788432463071894,1788432463140785,,,poll:268 descriptors,,,,,68891
server,client_mutation,completed,1788432463228041,178842684286993612,,,,1788432463225663,1788432463225663,1788432463228041,,,http_data_plane,,,,,2378
server,peer_replication_pull_request,sent,1788432463466987,178842684286993612,,,,,,,,,connected_peers=22,,,,,
server,peer_replication_merge_delta,completed,1788432463475925,178842684286993612,,54,,1788432463468530,1788432463475863,1788432463475925,,,"delta_len=58,sent_us=1788432463467799",,,,,62
server,client_mutation,completed,1788432463728066,178842684286993612,,,,1788432463725938,1788432463725939,1788432463728066,,,http_data_plane,,,,,2127
server,peer_replication_get_delta,completed,1788432463817922,178842684286993612,178842683849158812,54,,1788432463817748,1788432463817754,1788432463817922,,,"delta_len=78,sent_us=1788432463726602",,,,,168
server,peer_replication_get_delta,completed,1788432463872928,178842684286993612,178842684286996610,54,,1788432463872648,1788432463872654,1788432463872928,,,"delta_len=54,sent_us=1788432463871842",,,,,274
server,client_mutation,completed,1788432464228078,178842684286993612,,,,1788432464225553,1788432464225553,1788432464228078,,,http_data_plane,,,,,2525
server,peer_replication_pull_request,sent,1788432464466976,178842684286993612,,,,,,,,,connected_peers=22,,,,,
server,peer_replication_merge_delta,completed,1788432464498675,178842684286993612,,54,,1788432464492876,1788432464498631,1788432464498675,,,"delta_len=29,sent_us=1788432464486140",,,,,44
server,client_mutation,completed,1788432464727875,178842684286993612,,,,1788432464725691,1788432464725691,1788432464727875,,,http_data_plane,,,,,2184
server,peer_replication_get_delta,completed,1788432464911356,178842684286993612,178842683956184212,54,,1788432464911175,1788432464911183,1788432464911356,,,"delta_len=55,sent_us=1788432464891405",,,,,173
server,client_mutation,completed,1788432465231712,178842684286993612,,,,1788432465225966,1788432465225966,1788432465231712,,,http_data_plane,,,,,5746
server,peer_replication_pull_request,sent,1788432465467444,178842684286993612,,,,,,,,,connected_peers=22,,,,,
server,peer_replication_get_delta,completed,1788432465500077,178842684286993612,178842684286997609,54,,1788432465499898,1788432465499906,1788432465500077,,,"delta_len=45,sent_us=1788432465498356",,,,,171
server,peer_replication_merge_delta,completed,1788432465513567,178842684286993612,,54,,1788432465505480,1788432465513513,1788432465513567,,,"delta_len=63,sent_us=1788432465486230",,,,,54
server,peer_replication_get_delta,completed,1788432465610279,178842684286993612,178842683956183209,54,,1788432465610113,1788432465610118,1788432465610279,,,"delta_len=26,sent_us=1788432465590679",,,,,161
server,client_mutation,completed,1788432465727818,178842684286993612,,,,1788432465725665,1788432465725666,1788432465727818,,,http_data_plane,,,,,2152
server,client_mutation,completed,1788432466228153,178842684286993612,,,,1788432466225750,1788432466225750,1788432466228153,,,http_data_plane,,,,,2403
server,peer_replication_pull_request,sent,1788432466467121,178842684286993612,,,,,,,,,connected_peers=22,,,,,
server,peer_replication_merge_delta,completed,1788432466533092,178842684286993612,,54,,1788432466525654,1788432466533045,1788432466533092,,,"delta_len=57,sent_us=1788432466512113",,,,,47
server,client_mutation,completed,1788432466728623,178842684286993612,,,,1788432466725558,1788432466725558,1788432466728623,,,http_data_plane,,,,,3065
server,peer_replication_get_delta,completed,1788432467143442,178842684286993612,178842684286994612,54,,1788432467143266,1788432467143272,1788432467143442,,,"delta_len=30,sent_us=1788432467142306",,,,,170
server,client_mutation,completed,1788432467227703,178842684286993612,,,,1788432467225559,1788432467225559,1788432467227703,,,http_data_plane,,,,,2144
server,peer_replication_pull_request,sent,1788432467467755,178842684286993612,,,,,,,,,connected_peers=22,,,,,
server,peer_replication_merge_delta,completed,1788432467475694,178842684286993612,,54,,1788432467469402,1788432467475471,1788432467475694,,,"delta_len=46,sent_us=1788432467468645",,,,,223
server,peer_replication_get_delta,completed,1788432467499069,178842684286993612,178842684286997609,54,,1788432467498865,1788432467498870,1788432467499069,,,"delta_len=45,sent_us=1788432467498087",,,,,199
server,peer_replication_get_delta,completed,1788432467521576,178842684286993612,178842683956182210,54,,1788432467521397,1788432467521403,1788432467521576,,,"delta_len=92,sent_us=1788432467452894",,,,,173
server,client_mutation,completed,1788432467728058,178842684286993612,,,,1788432467725598,1788432467725598,1788432467728058,,,http_data_plane,,,,,2460
server,membership_directory_read,completed,1788432468138008,178842684286993612,,,,,1788432468072257,1788432468138008,,,poll:268 descriptors,,,,,65751
server,client_mutation,completed,1788432468228425,178842684286993612,,,,1788432468225707,1788432468225707,1788432468228425,,,http_data_plane,,,,,2718
server,peer_replication_pull_request,sent,1788432468467914,178842684286993612,,,,,,,,,connected_peers=22,,,,,
server,peer_replication_get_delta,completed,1788432468473005,178842684286993612,178842683956182210,54,,1788432468472814,1788432468472820,1788432468473005,,,"delta_len=2,sent_us=1788432468453632",,,,,185
server,client_mutation,completed,1788432468727824,178842684286993612,,,,1788432468725648,1788432468725648,1788432468727824,,,http_data_plane,,,,,2176
server,client_mutation,completed,1788432469228412,178842684286993612,,,,1788432469226036,1788432469226036,1788432469228412,,,http_data_plane,,,,,2376
server,peer_replication_get_delta,completed,1788432469339305,178842684286993612,178842684286995611,54,,1788432469338985,1788432469338992,1788432469339305,,,"delta_len=30,sent_us=1788432469337351",,,,,313
server,peer_replication_pull_request,sent,1788432469467773,178842684286993612,,,,,,,,,connected_peers=22,,,,,
server,peer_replication_merge_delta,completed,1788432469478607,178842684286993612,,54,,1788432469471189,1788432469478573,1788432469478607,,,"delta_len=39,sent_us=1788432469469893",,,,,34
server,peer_replication_get_delta,completed,1788432469540588,178842684286993612,178842683849155809,54,,1788432469540416,1788432469540423,1788432469540588,,,"delta_len=42,sent_us=1788432469499570",,,,,165
server,client_mutation,completed,1788432469727732,178842684286993612,,,,1788432469725623,1788432469725623,1788432469727732,,,http_data_plane,,,,,2109
server,client_mutation,completed,1788432470229192,178842684286993612,,,,1788432470226711,1788432470226711,1788432470229192,,,http_data_plane,,,,,2481
server,peer_replication_pull_request,sent,1788432470467077,178842684286993612,,,,,,,,,connected_peers=22,,,,,
server,peer_replication_merge_delta,completed,1788432470579025,178842684286993612,,54,,1788432470571820,1788432470578986,1788432470579025,,,"delta_len=31,sent_us=1788432470558196",,,,,39
server,client_mutation,completed,1788432470727792,178842684286993612,,,,1788432470725598,1788432470725598,1788432470727792,,,http_data_plane,,,,,2194
server,client_mutation,completed,1788432471228077,178842684286993612,,,,1788432471225589,1788432471225589,1788432471228077,,,http_data_plane,,,,,2488
server,peer_replication_pull_request,sent,1788432471467137,178842684286993612,,,,,,,,,connected_peers=22,,,,,
server,peer_replication_get_delta,completed,1788432471472621,178842684286993612,178842683956182210,54,,1788432471472453,1788432471472459,1788432471472621,,,"delta_len=5,sent_us=1788432471453371",,,,,162
server,peer_replication_merge_delta,completed,1788432471547958,178842684286993612,,54,,1788432471536348,1788432471547877,1788432471547958,,,"delta_len=105,sent_us=1788432471523125",,,,,81
server,client_mutation,completed,1788432471728603,178842684286993612,,,,1788432471725640,1788432471725640,1788432471728603,,,http_data_plane,,,,,2963
server,client_mutation,completed,1788432472227924,178842684286993612,,,,1788432472225600,1788432472225601,1788432472227924,,,http_data_plane,,,,,2323
server,peer_replication_pull_request,sent,1788432472466883,178842684286993612,,,,,,,,,connected_peers=22,,,,,
server,peer_replication_merge_delta,completed,1788432472496947,178842684286993612,,54,,1788432472490352,1788432472496907,1788432472496947,,,"delta_len=57,sent_us=1788432472484224",,,,,40
server,peer_replication_get_delta,completed,1788432472538325,178842684286993612,178842684426432112,54,,1788432472538118,1788432472538124,1788432472538325,,,"delta_len=72,sent_us=1788432472481723",,,,,201
server,client_mutation,completed,1788432472727685,178842684286993612,,,,1788432472725531,1788432472725531,1788432472727685,,,http_data_plane,,,,,2154
server,peer_replication_get_delta,completed,1788432472911228,178842684286993612,178842683956184212,54,,1788432472911020,1788432472911025,1788432472911228,,,"delta_len=47,sent_us=1788432472891501",,,,,203
server,membership_directory_read,completed,1788432473131711,178842684286993612,,,,,1788432473072685,1788432473131711,,,poll:268 descriptors,,,,,59026
server,client_mutation,completed,1788432473231722,178842684286993612,,,,1788432473229306,1788432473229306,1788432473231722,,,http_data_plane,,,,,2416
server,peer_replication_get_delta,completed,1788432473274840,178842684286993612,178842683956181211,54,,1788432473274592,1788432473274600,1788432473274840,,,"delta_len=34,sent_us=1788432473257318",,,,,240
server,peer_replication_pull_request,sent,1788432473467384,178842684286993612,,,,,,,,,connected_peers=22,,,,,
server,peer_replication_merge_delta,completed,1788432473534069,178842684286993612,,54,,1788432473527970,1788432473534037,1788432473534069,,,"delta_len=39,sent_us=1788432473523118",,,,,32
server,peer_replication_get_delta,completed,1788432473538300,178842684286993612,178842684426432112,54,,1788432473538121,1788432473538127,1788432473538300,,,"delta_len=41,sent_us=1788432473481841",,,,,173
server,client_mutation,completed,1788432473727753,178842684286993612,,,,1788432473725582,1788432473725582,1788432473727753,,,http_data_plane,,,,,2171
server,peer_replication_get_delta,completed,1788432474145564,178842684286993612,178842684286994612,54,,1788432474144833,1788432474144841,1788432474145564,,,"delta_len=58,sent_us=1788432474143152",,,,,723
server,client_mutation,completed,1788432474227852,178842684286993612,,,,1788432474225589,1788432474225589,1788432474227852,,,http_data_plane,,,,,2263
server,peer_replication_pull_request,sent,1788432474467054,178842684286993612,,,,,,,,,connected_peers=22,,,,,
server,peer_replication_merge_delta,completed,1788432474577824,178842684286993612,,54,,1788432474572998,1788432474577803,1788432474577824,,,"delta_len=14,sent_us=1788432474559613",,,,,21
server,client_mutation,completed,1788432474728029,178842684286993612,,,,1788432474725818,1788432474725818,1788432474728029,,,http_data_plane,,,,,2211
server,peer_replication_get_delta,completed,1788432475143842,178842684286993612,178842683849156812,54,,1788432475143680,1788432475143685,1788432475143842,,,"delta_len=16,sent_us=1788432475101475",,,,,157
server,client_mutation,completed,1788432475227824,178842684286993612,,,,1788432475225583,1788432475225583,1788432475227824,,,http_data_plane,,,,,2241
server,peer_replication_pull_request,sent,1788432475467775,178842684286993612,,,,,,,,,connected_peers=22,,,,,
server,peer_replication_merge_delta,completed,1788432475477159,178842684286993612,,54,,1788432475469388,1788432475477095,1788432475477159,,,"delta_len=72,sent_us=1788432475468602",,,,,64
server,client_mutation,completed,1788432475727759,178842684286993612,,,,1788432475725586,1788432475725587,1788432475727759,,,http_data_plane,,,,,2172
server,client_mutation,completed,1788432476227890,178842684286993612,,,,1788432476225636,1788432476225636,1788432476227890,,,http_data_plane,,,,,2254
server,peer_replication_pull_request,sent,1788432476467189,178842684286993612,,,,,,,,,connected_peers=22,,,,,
server,peer_replication_merge_delta,completed,1788432476497646,178842684286993612,,54,,1788432476493030,1788432476497620,1788432476497646,,,"delta_len=22,sent_us=1788432476486297",,,,,26
server,peer_replication_get_delta,completed,1788432476540522,178842684286993612,178842683849155809,54,,1788432476540336,1788432476540343,1788432476540522,,,"delta_len=55,sent_us=1788432476499284",,,,,179
server,client_mutation,completed,1788432476727715,178842684286993612,,,,1788432476725558,1788432476725558,1788432476727715,,,http_data_plane,,,,,2157
server,client_mutation,completed,1788432477227963,178842684286993612,,,,1788432477225578,1788432477225578,1788432477227963,,,http_data_plane,,,,,2385
server,peer_replication_get_delta,completed,1788432477337727,178842684286993612,178842684286995611,54,,1788432477337546,1788432477337551,1788432477337727,,,"delta_len=38,sent_us=1788432477336908",,,,,176
server,peer_replication_pull_request,sent,1788432477467146,178842684286993612,,,,,,,,,connected_peers=22,,,,,
server,peer_replication_merge_delta,completed,1788432477589154,178842684286993612,,54,,1788432477582763,1788432477589113,1788432477589154,,,"delta_len=51,sent_us=1788432477569380",,,,,41
server,client_mutation,completed,1788432477727759,178842684286993612,,,,1788432477725553,1788432477725553,1788432477727759,,,http_data_plane,,,,,2206
server,membership_directory_read,completed,1788432478130761,178842684286993612,,,,,1788432478072113,1788432478130761,,,poll:268 descriptors,,,,,58648
server,client_mutation,completed,1788432478227860,178842684286993612,,,,1788432478225550,1788432478225550,1788432478227860,,,http_data_plane,,,,,2310
server,peer_replication_pull_request,sent,1788432478467155,178842684286993612,,,,,,,,,connected_peers=22,,,,,
server,peer_replication_merge_delta,completed,1788432478494395,178842684286993612,,54,,1788432478488688,1788432478494353,1788432478494395,,,"delta_len=40,sent_us=1788432478477963",,,,,42
server,client_mutation,completed,1788432478727892,178842684286993612,,,,1788432478725607,1788432478725608,1788432478727892,,,http_data_plane,,,,,2284
server,client_mutation,completed,1788432479227846,178842684286993612,,,,1788432479225614,1788432479225614,1788432479227846,,,http_data_plane,,,,,2232
server,peer_replication_pull_request,sent,1788432479468571,178842684286993612,,,,,,,,,connected_peers=22,,,,,
server,gc_init,start,1788432479717582,178842684286993612,,55,,,,,,,previous_gc_marker=54,,,,,
server,gc_membership_descriptor_write,completed,1788432479762897,178842684286993612,,55,,,,,,,"178842684286993612,35.179.101.242:19080,55",,,,,
server,membership_directory_read,completed,1788432479833066,178842684286993612,,55,,,1788432479762925,1788432479833066,,,gc_validation:273 descriptors,,,,,70141
server,gc_init,aborted,1788432479885925,178842684286993612,,55,,,,,,,membership_changed,,,,,
server,membership_directory_read,completed,1788432480061124,178842684286993612,,55,,,1788432479885961,1788432480061124,,,gc_abort_refresh:272 descriptors,,,,,175163
server,client_mutation,completed,1788432479728020,178842684286993612,,,,1788432479725745,1788432479725745,1788432479728020,,,http_data_plane,,,,,2275
server,peer_replication_get_delta,completed,1788432480061351,178842684286993612,178842684286996610,54,,1788432480061189,1788432480061192,1788432480061351,,,"delta_len=35,sent_us=1788432479871759",,,,,159
server,client_mutation,completed,1788432480228967,178842684286993612,,,,1788432480226105,1788432480226105,1788432480228967,,,http_data_plane,,,,,2862
server,peer_replication_pull_request,sent,1788432480466914,178842684286993612,,,,,,,,,connected_peers=22,,,,,
server,client_mutation,completed,1788432480727687,178842684286993612,,,,1788432480725490,1788432480725490,1788432480727687,,,http_data_plane,,,,,2197
server,client_mutation,completed,1788432481227770,178842684286993612,,,,1788432481225714,1788432481225714,1788432481227770,,,http_data_plane,,,,,2056
server,peer_replication_pull_request,sent,1788432481466968,178842684286993612,,,,,,,,,connected_peers=22,,,,,
server,client_mutation,completed,1788432481738984,178842684286993612,,,,1788432481729641,1788432481729641,1788432481738984,,,http_data_plane,,,,,9343
server,gc_observed,start,1788432482021723,178842684286993612,,55,,,,,,,,,,,,
server,gc_observed,completed,1788432483219591,178842684286993612,,55,,,,,,,,,,,,
server,peer_replication_merge_delta,completed,1788432483239620,178842684286993612,,55,,1788432482021721,1788432483239574,1788432483239620,,,"delta_len=46,sent_us=1788432482016041",,,,,46
server,peer_replication_get_delta,completed,1788432483239880,178842684286993612,178842683956185212,55,,1788432483239713,1788432483239717,1788432483239880,,,"delta_len=57,sent_us=1788432482247685",,,,,163
server,client_mutation,completed,1788432483220593,178842684286993612,,,,1788432482226875,1788432482226875,1788432483220593,,,http_data_plane,,,,,993718
server,client_mutation,completed,1788432483221686,178842684286993612,,,,1788432482725618,1788432482725618,1788432483221686,,,http_data_plane,,,,,496068
server,peer_replication_pull_request,sent,1788432483239913,178842684286993612,,,,,,,,,connected_peers=22,,,,,
server,client_mutation,completed,1788432483240548,178842684286993612,,,,1788432483225814,1788432483225814,1788432483240548,,,http_data_plane,,,,,14734
server,peer_replication_merge_delta,completed,1788432483265533,178842684286993612,,55,,1788432483260393,1788432483265487,1788432483265533,,,"delta_len=39,sent_us=1788432483254493",,,,,46
server,membership_directory_read,completed,1788432483334234,178842684286993612,,,,,1788432483239980,1788432483334234,,,poll:271 descriptors,,,,,94254
server,client_mutation,completed,1788432483731118,178842684286993612,,,,1788432483729772,1788432483729772,1788432483731118,,,http_data_plane,,,,,1346
server,client_mutation,completed,1788432484233188,178842684286993612,,,,1788432484229794,1788432484229795,1788432484233188,,,http_data_plane,,,,,3393
server,peer_replication_get_delta,completed,1788432485668010,178842684286993612,178842684286996610,55,,1788432485667863,1788432485667865,1788432485668010,,,"delta_len=18,sent_us=1788432485066564",,,,,145
server,client_mutation,completed,1788432484728515,178842684286993612,,,,1788432484727641,1788432484727641,1788432484728515,,,http_data_plane,,,,,874
server,client_mutation,completed,1788432485228692,178842684286993612,,,,1788432485227616,1788432485227616,1788432485228692,,,http_data_plane,,,,,1076
server,peer_replication_pull_request,sent,1788432485668043,178842684286993612,,,,,,,,,connected_peers=19,,,,,
server,peer_replication_pull_request,sent,1788432485668052,178842684286993612,,,,,,,,,connected_peers=19,,,,,
server,peer_replication_pull_request,sent,1788432485668059,178842684286993612,,,,,,,,,connected_peers=19,,,,,
server,peer_replication_merge_delta,completed,1788432485700071,178842684286993612,,55,,1788432485693995,1788432485700014,1788432485700071,,,"delta_len=49,sent_us=1788432485686844",,,,,57
server,peer_replication_merge_delta,completed,1788432485718961,178842684286993612,,55,,1788432485706374,1788432485718930,1788432485718961,,,"delta_len=66,sent_us=1788432485686771",,,,,31
server,peer_replication_merge_delta,completed,1788432485745864,178842684286993612,,55,,1788432485719042,1788432485745631,1788432485745864,,,"delta_len=231,sent_us=1788432485687317",,,,,233
server,client_mutation,completed,1788432485747151,178842684286993612,,,,1788432485729890,1788432485729891,1788432485747151,,,http_data_plane,,,,,17260
server,peer_replication_get_delta,completed,1788432485877289,178842684286993612,178842684114091211,55,,1788432485877069,1788432485877076,1788432485877289,,,"delta_len=293,sent_us=1788432485861672",,,,,213
server,client_mutation,completed,1788432486228029,178842684286993612,,,,1788432486227113,1788432486227113,1788432486228029,,,http_data_plane,,,,,916
server,peer_replication_pull_request,sent,1788432486467163,178842684286993612,,,,,,,,,connected_peers=19,,,,,
server,client_mutation,completed,1788432486726675,178842684286993612,,,,1788432486725753,1788432486725753,1788432486726675,,,http_data_plane,,,,,922
server,peer_replication_get_delta,completed,1788432486855998,178842684286993612,178842684114090212,55,,1788432486855775,1788432486855786,1788432486855998,,,"delta_len=293,sent_us=1788432486840555",,,,,212
server,peer_replication_merge_delta,completed,1788432486871889,178842684286993612,,55,,1788432486866108,1788432486871849,1788432486871889,,,"delta_len=41,sent_us=1788432486855983",,,,,40
server,client_mutation,completed,1788432487226769,178842684286993612,,,,1788432487225626,1788432487225626,1788432487226769,,,http_data_plane,,,,,1143
server,peer_replication_pull_request,sent,1788432487467669,178842684286993612,,,,,,,,,connected_peers=19,,,,,
server,peer_replication_get_delta,completed,1788432487610332,178842684286993612,178842683956183209,55,,1788432487610017,1788432487610024,1788432487610332,,,"delta_len=271,sent_us=1788432487590951",,,,,308
server,client_mutation,completed,1788432487726662,178842684286993612,,,,1788432487725595,1788432487725595,1788432487726662,,,http_data_plane,,,,,1067
server,membership_directory_read,completed,1788432488134479,178842684286993612,,,,,1788432488072617,1788432488134479,,,poll:271 descriptors,,,,,61862
server,client_mutation,completed,1788432488226723,178842684286993612,,,,1788432488225629,1788432488225630,1788432488226723,,,http_data_plane,,,,,1093
server,peer_replication_pull_request,sent,1788432488467674,178842684286993612,,,,,,,,,connected_peers=19,,,,,
server,peer_replication_merge_delta,completed,1788432488496857,178842684286993612,,55,,1788432488493276,1788432488496837,1788432488496857,,,"delta_len=17,sent_us=1788432488486397",,,,,20
server,client_mutation,completed,1788432488726728,178842684286993612,,,,1788432488725602,1788432488725602,1788432488726728,,,http_data_plane,,,,,1126
server,client_mutation,completed,1788432489226859,178842684286993612,,,,1788432489225732,1788432489225732,1788432489226859,,,http_data_plane,,,,,1127
server,peer_replication_pull_request,sent,1788432489467189,178842684286993612,,,,,,,,,connected_peers=19,,,,,
server,peer_replication_get_delta,completed,1788432489499562,178842684286993612,178842684286997609,55,,1788432489499349,1788432489499357,1788432489499562,,,"delta_len=38,sent_us=1788432489498643",,,,,205
server,peer_replication_get_delta,completed,1788432489638829,178842684286993612,178842684114092210,55,,1788432489638652,1788432489638659,1788432489638829,,,"delta_len=25,sent_us=1788432489583030",,,,,170
server,client_mutation,completed,1788432489726969,178842684286993612,,,,1788432489725576,1788432489725576,1788432489726969,,,http_data_plane,,,,,1393
server,peer_replication_get_delta,completed,1788432489873347,178842684286993612,178842684286996610,55,,1788432489873178,1788432489873184,1788432489873347,,,"delta_len=15,sent_us=1788432489872434",,,,,163
server,peer_replication_get_delta,completed,1788432489888558,178842684286993612,178842684114093209,55,,1788432489888391,1788432489888396,1788432489888558,,,"delta_len=26,sent_us=1788432489873351",,,,,162
server,peer_replication_get_delta,completed,1788432490078106,178842684286993612,178842684114090212,55,,1788432490077940,1788432490077946,1788432490078106,,,"delta_len=23,sent_us=1788432490062818",,,,,160
server,client_mutation,completed,1788432490226567,178842684286993612,,,,1788432490225558,1788432490225558,1788432490226567,,,http_data_plane,,,,,1009
server,peer_replication_pull_request,sent,1788432490467414,178842684286993612,,,,,,,,,connected_peers=19,,,,,
server,client_mutation,completed,1788432490726505,178842684286993612,,,,1788432490725564,1788432490725564,1788432490726505,,,http_data_plane,,,,,941
server,peer_replication_get_delta,completed,1788432490873253,178842684286993612,178842684286996610,55,,1788432490873093,1788432490873099,1788432490873253,,,"delta_len=2,sent_us=1788432490872121",,,,,154
server,peer_replication_get_delta,completed,1788432490888731,178842684286993612,178842684114093209,55,,1788432490888563,1788432490888568,1788432490888731,,,"delta_len=2,sent_us=1788432490873478",,,,,163
server,client_mutation,completed,1788432491226864,178842684286993612,,,,1788432491225710,1788432491225710,1788432491226864,,,http_data_plane,,,,,1154
server,peer_replication_pull_request,sent,1788432491466845,178842684286993612,,,,,,,,,connected_peers=19,,,,,
server,peer_replication_merge_delta,completed,1788432491501168,178842684286993612,,55,,1788432491488639,1788432491501068,1788432491501168,,,"delta_len=156,sent_us=1788432491477734",,,,,100
server,peer_replication_get_delta,completed,1788432491600879,178842684286993612,178842684114092210,55,,1788432491600663,1788432491600669,1788432491600879,,,"delta_len=38,sent_us=1788432491584012",,,,,210
server,client_mutation,completed,1788432491726849,178842684286993612,,,,1788432491725689,1788432491725689,1788432491726849,,,http_data_plane,,,,,1160
server,client_mutation,completed,1788432492226999,178842684286993612,,,,1788432492225738,1788432492225738,1788432492226999,,,http_data_plane,,,,,1261
server,peer_replication_pull_request,sent,1788432492466896,178842684286993612,,,,,,,,,connected_peers=19,,,,,
server,peer_replication_get_delta,completed,1788432492498732,178842684286993612,178842684286997609,55,,1788432492498560,1788432492498566,1788432492498732,,,"delta_len=37,sent_us=1788432492497796",,,,,166
server,peer_replication_merge_delta,completed,1788432492543384,178842684286993612,,55,,1788432492536366,1788432492543321,1788432492543384,,,"delta_len=87,sent_us=1788432492523439",,,,,63
server,peer_replication_get_delta,completed,1788432492545081,178842684286993612,178842684114094212,55,,1788432492544905,1788432492544910,1788432492545081,,,"delta_len=72,sent_us=1788432492529474",,,,,171
server,client_mutation,completed,1788432492726458,178842684286993612,,,,1788432492725585,1788432492725585,1788432492726458,,,http_data_plane,,,,,873
server,membership_directory_read,completed,1788432493140608,178842684286993612,,,,,1788432493072403,1788432493140608,,,poll:271 descriptors,,,,,68205
server,client_mutation,completed,1788432493227770,178842684286993612,,,,1788432493225531,1788432493225532,1788432493227770,,,http_data_plane,,,,,2238
server,peer_replication_pull_request,sent,1788432493467803,178842684286993612,,,,,,,,,connected_peers=19,,,,,
server,peer_replication_merge_delta,completed,1788432493538121,178842684286993612,,55,,1788432493535969,1788432493538114,1788432493538121,,,"delta_len=2,sent_us=1788432493523137",,,,,7
server,client_mutation,completed,1788432493726700,178842684286993612,,,,1788432493725591,1788432493725591,1788432493726700,,,http_data_plane,,,,,1109
server,client_mutation,completed,1788432494226975,178842684286993612,,,,1788432494225766,1788432494225766,1788432494226975,,,http_data_plane,,,,,1209
server,peer_replication_pull_request,sent,1788432494466859,178842684286993612,,,,,,,,,connected_peers=19,,,,,
server,client_mutation,completed,1788432494726715,178842684286993612,,,,1788432494725577,1788432494725577,1788432494726715,,,http_data_plane,,,,,1138
server,peer_replication_get_delta,completed,1788432494877438,178842684286993612,178842684114091211,55,,1788432494877280,1788432494877286,1788432494877438,,,"delta_len=9,sent_us=1788432494861786",,,,,152
server,peer_replication_get_delta,completed,1788432495077646,178842684286993612,178842684114090212,55,,1788432495077481,1788432495077486,1788432495077646,,,"delta_len=9,sent_us=1788432495062381",,,,,160
server,peer_replication_get_delta,completed,1788432495137438,178842684286993612,178842684426434112,55,,1788432495137277,1788432495137283,1788432495137438,,,"delta_len=7,sent_us=1788432495124585",,,,,155
server,client_mutation,completed,1788432495226768,178842684286993612,,,,1788432495225592,1788432495225593,1788432495226768,,,http_data_plane,,,,,1175
server,peer_replication_pull_request,sent,1788432495467803,178842684286993612,,,,,,,,,connected_peers=19,,,,,
server,peer_replication_merge_delta,completed,1788432495476649,178842684286993612,,55,,1788432495469553,1788432495476591,1788432495476649,,,"delta_len=72,sent_us=1788432495468810",,,,,58
server,client_mutation,completed,1788432495726493,178842684286993612,,,,1788432495725558,1788432495725558,1788432495726493,,,http_data_plane,,,,,935
server,peer_replication_get_delta,completed,1788432495877486,178842684286993612,178842684114091211,55,,1788432495877316,1788432495877322,1788432495877486,,,"delta_len=42,sent_us=1788432495861806",,,,,164
server,peer_replication_get_delta,completed,1788432496177347,178842684286993612,178842684426434112,55,,1788432496177152,1788432496177158,1788432496177347,,,"delta_len=36,sent_us=1788432496123789",,,,,189
server,client_mutation,completed,1788432496226812,178842684286993612,,,,1788432496225576,1788432496225577,1788432496226812,,,http_data_plane,,,,,1235
server,peer_replication_pull_request,sent,1788432496467796,178842684286993612,,,,,,,,,connected_peers=19,,,,,
server,client_mutation,completed,1788432496726571,178842684286993612,,,,1788432496725531,1788432496725531,1788432496726571,,,http_data_plane,,,,,1040
server,peer_replication_get_delta,completed,1788432496736310,178842684286993612,178842683956185212,55,,1788432496736140,1788432496736145,1788432496736310,,,"delta_len=40,sent_us=1788432496716973",,,,,165
server,client_mutation,completed,1788432497226641,178842684286993612,,,,1788432497225597,1788432497225597,1788432497226641,,,http_data_plane,,,,,1044
server,peer_replication_pull_request,sent,1788432497467594,178842684286993612,,,,,,,,,connected_peers=19,,,,,
server,peer_replication_merge_delta,completed,1788432497504715,178842684286993612,,55,,1788432497497388,1788432497504669,1788432497504715,,,"delta_len=61,sent_us=1788432497481989",,,,,46
server,client_mutation,completed,1788432497726655,178842684286993612,,,,1788432497725593,1788432497725594,1788432497726655,,,http_data_plane,,,,,1061
server,membership_directory_read,completed,1788432498134784,178842684286993612,,,,,1788432498072668,1788432498134784,,,poll:271 descriptors,,,,,62116
server,client_mutation,completed,1788432498226738,178842684286993612,,,,1788432498225586,1788432498225586,1788432498226738,,,http_data_plane,,,,,1152
server,peer_replication_pull_request,sent,1788432498467645,178842684286993612,,,,,,,,,connected_peers=19,,,,,
server,peer_replication_merge_delta,completed,1788432498482932,178842684286993612,,55,,1788432498469530,1788432498482815,1788432498482932,,,"delta_len=177,sent_us=1788432498468550",,,,,117
server,client_mutation,completed,1788432498726649,178842684286993612,,,,1788432498725609,1788432498725609,1788432498726649,,,http_data_plane,,,,,1040
server,client_mutation,completed,1788432499226813,178842684286993612,,,,1788432499225769,1788432499225769,1788432499226813,,,http_data_plane,,,,,1044
server,peer_replication_pull_request,sent,1788432499466802,178842684286993612,,,,,,,,,connected_peers=19,,,,,
server,peer_replication_merge_delta,completed,1788432499473989,178842684286993612,,55,,1788432499468310,1788432499473888,1788432499473989,,,"delta_len=58,sent_us=1788432499467619",,,,,101
server,peer_replication_get_delta,completed,1788432499651621,178842684286993612,178842683956183209,55,,1788432499651424,1788432499651431,1788432499651621,,,"delta_len=58,sent_us=1788432499591409",,,,,190
server,client_mutation,completed,1788432499728454,178842684286993612,,,,1788432499725578,1788432499725578,1788432499728454,,,http_data_plane,,,,,2876
server,client_mutation,completed,1788432500226598,178842684286993612,,,,1788432500225565,1788432500225565,1788432500226598,,,http_data_plane,,,,,1033
server,peer_replication_pull_request,sent,1788432500467569,178842684286993612,,,,,,,,,connected_peers=19,,,,,
server,peer_replication_merge_delta,completed,1788432500471897,178842684286993612,,55,,1788432500469080,1788432500471880,1788432500471897,,,"delta_len=12,sent_us=1788432500468429",,,,,17
server,peer_replication_get_delta,completed,1788432500499449,178842684286993612,178842684286997609,55,,1788432500499260,1788432500499265,1788432500499449,,,"delta_len=38,sent_us=1788432500498582",,,,,184
server,peer_replication_get_delta,completed,1788432500609961,178842684286993612,178842683956183209,55,,1788432500609787,1788432500609793,1788432500609961,,,"delta_len=13,sent_us=1788432500590730",,,,,168
server,client_mutation,completed,1788432500726550,178842684286993612,,,,1788432500725549,1788432500725549,1788432500726550,,,http_data_plane,,,,,1001
server,client_mutation,completed,1788432501226816,178842684286993612,,,,1788432501225580,1788432501225580,1788432501226816,,,http_data_plane,,,,,1236
server,client_mutation,completed,1788432501726937,178842684286993612,,,,1788432501725560,1788432501725560,1788432501726937,,,http_data_plane,,,,,1377
server,client_mutation,completed,1788432502226581,178842684286993612,,,,1788432502225561,1788432502225561,1788432502226581,,,http_data_plane,,,,,1020
server,peer_replication_pull_request,sent,1788432502467461,178842684286993612,,,,,,,,,connected_peers=18,,,,,
server,peer_replication_merge_delta,completed,1788432502509369,178842684286993612,,55,,1788432502497283,1788432502509254,1788432502509369,,,"delta_len=161,sent_us=1788432502481907",,,,,115
server,peer_replication_get_delta,completed,1788432502509609,178842684286993612,178842684286997609,55,,1788432502509444,1788432502509446,1788432502509609,,,"delta_len=165,sent_us=1788432502498491",,,,,163
server,client_mutation,completed,1788432502726527,178842684286993612,,,,1788432502725546,1788432502725546,1788432502726527,,,http_data_plane,,,,,981
server,membership_directory_read,completed,1788432503145145,178842684286993612,,,,,1788432503072578,1788432503145145,,,poll:271 descriptors,,,,,72567
server,client_mutation,completed,1788432503226581,178842684286993612,,,,1788432503225566,1788432503225566,1788432503226581,,,http_data_plane,,,,,1015
server,peer_replication_pull_request,sent,1788432503467366,178842684286993612,,,,,,,,,connected_peers=18,,,,,
server,peer_replication_merge_delta,completed,1788432503491663,178842684286993612,,55,,1788432503487392,1788432503491609,1788432503491663,,,"delta_len=36,sent_us=1788432503481801",,,,,54
server,peer_replication_get_delta,completed,1788432503499203,178842684286993612,178842684286997609,55,,1788432503499038,1788432503499043,1788432503499203,,,"delta_len=38,sent_us=1788432503498482",,,,,160
server,peer_replication_get_delta,completed,1788432503548316,178842684286993612,178842684426432112,55,,1788432503548124,1788432503548129,1788432503548316,,,"delta_len=110,sent_us=1788432503481611",,,,,187
server,client_mutation,completed,1788432503726819,178842684286993612,,,,1788432503725554,1788432503725554,1788432503726819,,,http_data_plane,,,,,1265
server,client_mutation,completed,1788432504226546,178842684286993612,,,,1788432504225560,1788432504225560,1788432504226546,,,http_data_plane,,,,,986
server,peer_replication_pull_request,sent,1788432504467361,178842684286993612,,,,,,,,,connected_peers=18,,,,,
server,client_mutation,completed,1788432504726636,178842684286993612,,,,1788432504725542,1788432504725542,1788432504726636,,,http_data_plane,,,,,1094
server,client_mutation,completed,1788432505226540,178842684286993612,,,,1788432505225564,1788432505225565,1788432505226540,,,http_data_plane,,,,,975
server,peer_replication_pull_request,sent,1788432505467402,178842684286993612,,,,,,,,,connected_peers=18,,,,,
server,client_mutation,completed,1788432505726446,178842684286993612,,,,1788432505725535,1788432505725535,1788432505726446,,,http_data_plane,,,,,911
server,peer_replication_get_delta,completed,1788432505736268,178842684286993612,178842683956185212,55,,1788432505736101,1788432505736107,1788432505736268,,,"delta_len=30,sent_us=1788432505716889",,,,,161
server,peer_replication_get_delta,completed,1788432505872526,178842684286993612,178842684286996610,55,,1788432505872365,1788432505872371,1788432505872526,,,"delta_len=5,sent_us=1788432505871701",,,,,155
server,client_mutation,completed,1788432506226578,178842684286993612,,,,1788432506225536,1788432506225537,1788432506226578,,,http_data_plane,,,,,1041
server,peer_replication_pull_request,sent,1788432506467390,178842684286993612,,,,,,,,,connected_peers=18,,,,,
server,peer_replication_merge_delta,completed,1788432506496469,178842684286993612,,55,,1788432506489089,1788432506496413,1788432506496469,,,"delta_len=90,sent_us=1788432506478330",,,,,56
server,peer_replication_get_delta,completed,1788432506598719,178842684286993612,178842684114092210,55,,1788432506598546,1788432506598552,1788432506598719,,,"delta_len=64,sent_us=1788432506583494",,,,,167
server,client_mutation,completed,1788432506726617,178842684286993612,,,,1788432506725545,1788432506725545,1788432506726617,,,http_data_plane,,,,,1072
server,peer_replication_get_delta,completed,1788432506877644,178842684286993612,178842684114091211,55,,1788432506877439,1788432506877446,1788432506877644,,,"delta_len=15,sent_us=1788432506861567",,,,,198
server,client_mutation,completed,1788432507226462,178842684286993612,,,,1788432507225506,1788432507225506,1788432507226462,,,http_data_plane,,,,,956
server,peer_replication_pull_request,sent,1788432507467312,178842684286993612,,,,,,,,,connected_peers=18,,,,,
server,client_mutation,completed,1788432507727191,178842684286993612,,,,1788432507725597,1788432507725597,1788432507727191,,,http_data_plane,,,,,1594
server,peer_replication_get_delta,completed,1788432508077645,178842684286993612,178842684114090212,55,,1788432508077466,1788432508077472,1788432508077645,,,"delta_len=46,sent_us=1788432508062420",,,,,173
server,membership_directory_read,completed,1788432508134231,178842684286993612,,,,,1788432508072031,1788432508134231,,,poll:271 descriptors,,,,,62200
server,client_mutation,completed,1788432508226563,178842684286993612,,,,1788432508225580,1788432508225580,1788432508226563,,,http_data_plane,,,,,983
server,peer_replication_get_delta,completed,1788432508338270,178842684286993612,178842684286995611,55,,1788432508338100,1788432508338107,1788432508338270,,,"delta_len=4,sent_us=1788432508337526",,,,,163
server,peer_replication_pull_request,sent,1788432508467705,178842684286993612,,,,,,,,,connected_peers=18,,,,,
server,peer_replication_merge_delta,completed,1788432508477166,178842684286993612,,55,,1788432508469280,1788432508477089,1788432508477166,,,"delta_len=109,sent_us=1788432508468507",,,,,77
server,client_mutation,completed,1788432508726664,178842684286993612,,,,1788432508725529,1788432508725529,1788432508726664,,,http_data_plane,,,,,1135
server,client_mutation,completed,1788432509226499,178842684286993612,,,,1788432509225555,1788432509225555,1788432509226499,,,http_data_plane,,,,,944
server,peer_replication_pull_request,sent,1788432509467330,178842684286993612,,,,,,,,,connected_peers=18,,,,,
server,peer_replication_merge_delta,completed,1788432509491988,178842684286993612,,55,,1788432509489158,1788432509491970,1788432509491988,,,"delta_len=15,sent_us=1788432509478341",,,,,18
server,peer_replication_get_delta,completed,1788432509499425,178842684286993612,178842684286997609,55,,1788432509499269,1788432509499275,1788432509499425,,,"delta_len=11,sent_us=1788432509498627",,,,,150
server,client_mutation,completed,1788432509726965,178842684286993612,,,,1788432509725560,1788432509725560,1788432509726965,,,http_data_plane,,,,,1405
server,client_mutation,completed,1788432510227711,178842684286993612,,,,1788432510225754,1788432510225754,1788432510227711,,,http_data_plane,,,,,1957
server,peer_replication_pull_request,sent,1788432510467742,178842684286993612,,,,,,,,,connected_peers=18,,,,,
server,peer_replication_merge_delta,completed,1788432510499805,178842684286993612,,55,,1788432510493477,1788432510499750,1788432510499805,,,"delta_len=58,sent_us=1788432510486655",,,,,55
server,peer_replication_get_delta,completed,1788432510651740,178842684286993612,178842683956183209,55,,1788432510651412,1788432510651418,1788432510651740,,,"delta_len=41,sent_us=1788432510591252",,,,,322
server,client_mutation,completed,1788432510727745,178842684286993612,,,,1788432510725705,1788432510725705,1788432510727745,,,http_data_plane,,,,,2040
server,client_mutation,completed,1788432511227700,178842684286993612,,,,1788432511225561,1788432511225562,1788432511227700,,,http_data_plane,,,,,2138
server,peer_replication_get_delta,completed,1788432511610448,178842684286993612,178842683956183209,55,,1788432511610288,1788432511610294,1788432511610448,,,"delta_len=2,sent_us=1788432511591204",,,,,154
server,client_mutation,completed,1788432511727686,178842684286993612,,,,1788432511725583,1788432511725584,1788432511727686,,,http_data_plane,,,,,2102
server,client_mutation,completed,1788432512228008,178842684286993612,,,,1788432512225630,1788432512225630,1788432512228008,,,http_data_plane,,,,,2378
server,peer_replication_pull_request,sent,1788432512467172,178842684286993612,,,,,,,,,connected_peers=17,,,,,
server,peer_replication_merge_delta,completed,1788432512563182,178842684286993612,,55,,1788432512554466,1788432512563126,1788432512563182,,,"delta_len=90,sent_us=1788432512535042",,,,,56
server,client_mutation,completed,1788432512727767,178842684286993612,,,,1788432512725532,1788432512725532,1788432512727767,,,http_data_plane,,,,,2235
server,peer_replication_get_delta,completed,1788432512873020,178842684286993612,178842684286996610,55,,1788432512872852,1788432512872858,1788432512873020,,,"delta_len=35,sent_us=1788432512872247",,,,,162
server,membership_directory_read,completed,1788432513130427,178842684286993612,,,,,1788432513072383,1788432513130427,,,poll:271 descriptors,,,,,58044
server,client_mutation,completed,1788432513227918,178842684286993612,,,,1788432513225591,1788432513225591,1788432513227918,,,http_data_plane,,,,,2327
server,peer_replication_get_delta,completed,1788432513337489,178842684286993612,178842684286995611,55,,1788432513337314,1788432513337320,1788432513337489,,,"delta_len=109,sent_us=1788432513336625",,,,,169
server,peer_replication_pull_request,sent,1788432513466894,178842684286993612,,,,,,,,,connected_peers=17,,,,,
server,peer_replication_merge_delta,completed,1788432513474438,178842684286993612,,55,,1788432513468484,1788432513474399,1788432513474438,,,"delta_len=49,sent_us=1788432513467787",,,,,39
server,client_mutation,completed,1788432513727857,178842684286993612,,,,1788432513725611,1788432513725611,1788432513727857,,,http_data_plane,,,,,2246
server,peer_replication_get_delta,completed,1788432514144050,178842684286993612,178842684286994612,55,,1788432514143883,1788432514143889,1788432514144050,,,"delta_len=29,sent_us=1788432514142755",,,,,161
server,client_mutation,completed,1788432514227975,178842684286993612,,,,1788432514225559,1788432514225559,1788432514227975,,,http_data_plane,,,,,2416
server,peer_replication_pull_request,sent,1788432514466843,178842684286993612,,,,,,,,,connected_peers=17,,,,,
server,peer_replication_merge_delta,completed,1788432514507888,178842684286993612,,55,,1788432514494949,1788432514507773,1788432514507888,,,"delta_len=133,sent_us=1788432514480870",,,,,115
server,peer_replication_get_delta,completed,1788432514508121,178842684286993612,178842684426432112,55,,1788432514507972,1788432514507975,1788432514508121,,,"delta_len=30,sent_us=1788432514482016",,,,,146
server,client_mutation,completed,1788432514727445,178842684286993612,,,,1788432514725572,1788432514725572,1788432514727445,,,http_data_plane,,,,,1873
server,peer_replication_get_delta,completed,1788432514911285,178842684286993612,178842683956184212,55,,1788432514911112,1788432514911119,1788432514911285,,,"delta_len=36,sent_us=1788432514891628",,,,,166
server,peer_replication_get_delta,completed,1788432515187335,178842684286993612,178842684426434112,55,,1788432515187159,1788432515187166,1788432515187335,,,"delta_len=36,sent_us=1788432515124436",,,,,169
server,client_mutation,completed,1788432515227653,178842684286993612,,,,1788432515225583,1788432515225583,1788432515227653,,,http_data_plane,,,,,2070
server,peer_replication_pull_request,sent,1788432515467616,178842684286993612,,,,,,,,,connected_peers=17,,,,,
server,peer_replication_merge_delta,completed,1788432515492615,178842684286993612,,55,,1788432515487683,1788432515492585,1788432515492615,,,"delta_len=32,sent_us=1788432515481971",,,,,30
server,client_mutation,completed,1788432515727625,178842684286993612,,,,1788432515725588,1788432515725589,1788432515727625,,,http_data_plane,,,,,2036
server,peer_replication_get_delta,completed,1788432515873414,178842684286993612,178842684286996610,55,,1788432515873246,1788432515873252,1788432515873414,,,"delta_len=24,sent_us=1788432515872619",,,,,162
server,client_mutation,completed,1788432516227770,178842684286993612,,,,1788432516225630,1788432516225630,1788432516227770,,,http_data_plane,,,,,2140
server,peer_replication_pull_request,sent,1788432516467701,178842684286993612,,,,,,,,,connected_peers=17,,,,,
server,peer_replication_merge_delta,completed,1788432516489290,178842684286993612,,55,,1788432516482714,1788432516489239,1788432516489290,,,"delta_len=32,sent_us=1788432516478755",,,,,51
server,client_mutation,completed,1788432516728188,178842684286993612,,,,1788432516725567,1788432516725567,1788432516728188,,,http_data_plane,,,,,2621
server,client_mutation,completed,1788432517227964,178842684286993612,,,,1788432517225587,1788432517225587,1788432517227964,,,http_data_plane,,,,,2377
server,peer_replication_get_delta,completed,1788432517338029,178842684286993612,178842684286995611,55,,1788432517337855,1788432517337860,1788432517338029,,,"delta_len=38,sent_us=1788432517337131",,,,,169
server,peer_replication_pull_request,sent,1788432517467667,178842684286993612,,,,,,,,,connected_peers=17,,,,,
server,peer_replication_merge_delta,completed,1788432517492504,178842684286993612,,55,,1788432517487861,1788432517492481,1788432517492504,,,"delta_len=20,sent_us=1788432517482048",,,,,23
server,peer_replication_get_delta,completed,1788432517598933,178842684286993612,178842684114092210,55,,1788432517598714,1788432517598721,1788432517598933,,,"delta_len=37,sent_us=1788432517583603",,,,,212
server,client_mutation,completed,1788432517727845,178842684286993612,,,,1788432517725591,1788432517725591,1788432517727845,,,http_data_plane,,,,,2254
server,peer_replication_get_delta,completed,1788432517888680,178842684286993612,178842684114093209,55,,1788432517888497,1788432517888504,1788432517888680,,,"delta_len=54,sent_us=1788432517873470",,,,,176
server,membership_directory_read,completed,1788432518133482,178842684286993612,,,,,1788432518072240,1788432518133482,,,poll:271 descriptors,,,,,61242
server,peer_replication_get_delta,completed,1788432518143888,178842684286993612,178842684286994612,55,,1788432518143718,1788432518143724,1788432518143888,,,"delta_len=62,sent_us=1788432518143028",,,,,164
server,client_mutation,completed,1788432518227810,178842684286993612,,,,1788432518225541,1788432518225541,1788432518227810,,,http_data_plane,,,,,2269
server,peer_replication_pull_request,sent,1788432518467741,178842684286993612,,,,,,,,,connected_peers=17,,,,,
server,peer_replication_merge_delta,completed,1788432518475006,178842684286993612,,55,,1788432518469432,1788432518474970,1788432518475006,,,"delta_len=39,sent_us=1788432518468598",,,,,36
server,client_mutation,completed,1788432518727746,178842684286993612,,,,1788432518725630,1788432518725630,1788432518727746,,,http_data_plane,,,,,2116
server,peer_replication_get_delta,completed,1788432519144668,178842684286993612,178842684286994612,55,,1788432519144508,1788432519144515,1788432519144668,,,"delta_len=2,sent_us=1788432519142587",,,,,153
server,client_mutation,completed,1788432519227916,178842684286993612,,,,1788432519225621,1788432519225621,1788432519227916,,,http_data_plane,,,,,2295
server,peer_replication_pull_request,sent,1788432519467787,178842684286993612,,,,,,,,,connected_peers=17,,,,,
server,peer_replication_merge_delta,completed,1788432519490070,178842684286993612,,55,,1788432519484431,1788432519490022,1788432519490070,,,"delta_len=42,sent_us=1788432519479590",,,,,48
server,peer_replication_get_delta,completed,1788432519599214,178842684286993612,178842684114092210,55,,1788432519599018,1788432519599025,1788432519599214,,,"delta_len=36,sent_us=1788432519583611",,,,,189
server,client_mutation,completed,1788432519727725,178842684286993612,,,,1788432519725566,1788432519725566,1788432519727725,,,http_data_plane,,,,,2159
server,client_mutation,completed,1788432520227761,178842684286993612,,,,1788432520225613,1788432520225613,1788432520227761,,,http_data_plane,,,,,2148
server,peer_replication_pull_request,sent,1788432520467606,178842684286993612,,,,,,,,,connected_peers=17,,,,,
server,peer_replication_merge_delta,completed,1788432520492443,178842684286993612,,55,,1788432520487859,1788432520492417,1788432520492443,,,"delta_len=24,sent_us=1788432520482025",,,,,26
server,peer_replication_get_delta,completed,1788432520610290,178842684286993612,178842683956183209,55,,1788432520610106,1788432520610123,1788432520610290,,,"delta_len=40,sent_us=1788432520590962",,,,,167
server,client_mutation,completed,1788432520727703,178842684286993612,,,,1788432520725577,1788432520725577,1788432520727703,,,http_data_plane,,,,,2126
server,peer_replication_get_delta,completed,1788432521077660,178842684286993612,178842684114090212,55,,1788432521077491,1788432521077497,1788432521077660,,,"delta_len=15,sent_us=1788432521062415",,,,,163
server,client_mutation,completed,1788432521227719,178842684286993612,,,,1788432521225610,1788432521225610,1788432521227719,,,http_data_plane,,,,,2109
server,client_mutation,completed,1788432521727798,178842684286993612,,,,1788432521725544,1788432521725544,1788432521727798,,,http_data_plane,,,,,2254
server,client_mutation,completed,1788432522228728,178842684286993612,,,,1788432522226361,1788432522226361,1788432522228728,,,http_data_plane,,,,,2367
server,peer_replication_pull_request,sent,1788432522467229,178842684286993612,,,,,,,,,connected_peers=16,,,,,
server,peer_replication_merge_delta,completed,1788432522516016,178842684286993612,,55,,1788432522499639,1788432522515889,1788432522516016,,,"delta_len=182,sent_us=1788432522481605",,,,,127
server,client_mutation,completed,1788432522727803,178842684286993612,,,,1788432522725581,1788432522725581,1788432522727803,,,http_data_plane,,,,,2222
server,peer_replication_get_delta,completed,1788432522877524,178842684286993612,178842684114091211,55,,1788432522877355,1788432522877361,1788432522877524,,,"delta_len=44,sent_us=1788432522861640",,,,,163
server,peer_replication_get_delta,completed,1788432523077933,178842684286993612,178842684114090212,55,,1788432523077692,1788432523077774,1788432523077933,,,"delta_len=4,sent_us=1788432523062379",,,,,159
server,membership_directory_read,completed,1788432523131132,178842684286993612,,,,,1788432523072699,1788432523131132,,,poll:271 descriptors,,,,,58433
server,client_mutation,completed,1788432523227761,178842684286993612,,,,1788432523225579,1788432523225579,1788432523227761,,,http_data_plane,,,,,2182
server,peer_replication_pull_request,sent,1788432523467763,178842684286993612,,,,,,,,,connected_peers=16,,,,,
server,peer_replication_merge_delta,completed,1788432523507315,178842684286993612,,55,,1788432523497778,1788432523507230,1788432523507315,,,"delta_len=55,sent_us=1788432523482524",,,,,85
server,peer_replication_get_delta,completed,1788432523615140,178842684286993612,178842683956183209,55,,1788432523614970,1788432523614979,1788432523615140,,,"delta_len=20,sent_us=1788432523591276",,,,,161
server,client_mutation,completed,1788432523728291,178842684286993612,,,,1788432523726054,1788432523726054,1788432523728291,,,http_data_plane,,,,,2237
server,client_mutation,completed,1788432524227823,178842684286993612,,,,1788432524225588,1788432524225588,1788432524227823,,,http_data_plane,,,,,2235
server,peer_replication_pull_request,sent,1788432524466909,178842684286993612,,,,,,,,,connected_peers=16,,,,,
server,peer_replication_merge_delta,completed,1788432524473325,178842684286993612,,55,,1788432524468709,1788432524473305,1788432524473325,,,"delta_len=17,sent_us=1788432524468068",,,,,20
server,client_mutation,completed,1788432524727754,178842684286993612,,,,1788432524725575,1788432524725575,1788432524727754,,,http_data_plane,,,,,2179
server,peer_replication_get_delta,completed,1788432524779189,178842684286993612,178842684426433112,55,,1788432524779024,1788432524779031,1788432524779189,,,"delta_len=17,sent_us=1788432524768434",,,,,158
server,client_mutation,completed,1788432525228441,178842684286993612,,,,1788432525225684,1788432525225684,1788432525228441,,,http_data_plane,,,,,2757
server,peer_replication_pull_request,sent,1788432525467489,178842684286993612,,,,,,,,,connected_peers=16,,,,,
server,peer_replication_merge_delta,completed,1788432525548280,178842684286993612,,55,,1788432525541871,1788432525548240,1788432525548280,,,"delta_len=46,sent_us=1788432525535041",,,,,40
server,client_mutation,completed,1788432525727800,178842684286993612,,,,1788432525725565,1788432525725565,1788432525727800,,,http_data_plane,,,,,2235
server,peer_replication_get_delta,completed,1788432525826081,178842684286993612,178842684426433112,55,,1788432525825922,1788432525825928,1788432525826081,,,"delta_len=31,sent_us=1788432525768826",,,,,153
server,peer_replication_get_delta,completed,1788432525888687,178842684286993612,178842684114093209,55,,1788432525888506,1788432525888511,1788432525888687,,,"delta_len=27,sent_us=1788432525873435",,,,,176
server,client_mutation,completed,1788432526227718,178842684286993612,,,,1788432526225554,1788432526225554,1788432526227718,,,http_data_plane,,,,,2164
server,peer_replication_pull_request,sent,1788432526467987,178842684286993612,,,,,,,,,connected_peers=16,,,,,
server,peer_replication_merge_delta,completed,1788432526493466,178842684286993612,,55,,1788432526488508,1788432526493450,1788432526493466,,,"delta_len=16,sent_us=1788432526482391",,,,,16
server,peer_replication_get_delta,completed,1788432526598278,178842684286993612,178842684114092210,55,,1788432526598116,1788432526598122,1788432526598278,,,"delta_len=44,sent_us=1788432526582847",,,,,156
server,client_mutation,completed,1788432526727656,178842684286993612,,,,1788432526725526,1788432526725526,1788432526727656,,,http_data_plane,,,,,2130
server,peer_replication_get_delta,completed,1788432526736823,178842684286993612,178842683956185212,55,,1788432526736656,1788432526736661,1788432526736823,,,"delta_len=53,sent_us=1788432526717529",,,,,162
server,client_mutation,completed,1788432527227754,178842684286993612,,,,1788432527225634,1788432527225634,1788432527227754,,,http_data_plane,,,,,2120
server,peer_replication_pull_request,sent,1788432527466809,178842684286993612,,,,,,,,,connected_peers=16,,,,,
server,peer_replication_merge_delta,completed,1788432527479492,178842684286993612,,55,,1788432527468544,1788432527479369,1788432527479492,,,"delta_len=102,sent_us=1788432527467713",,,,,123
server,client_mutation,completed,1788432527727709,178842684286993612,,,,1788432527725570,1788432527725570,1788432527727709,,,http_data_plane,,,,,2139
server,membership_directory_read,completed,1788432528140315,178842684286993612,,,,,1788432528072718,1788432528140315,,,poll:271 descriptors,,,,,67597
server,client_mutation,completed,1788432528227816,178842684286993612,,,,1788432528225592,1788432528225592,1788432528227816,,,http_data_plane,,,,,2224
server,peer_replication_pull_request,sent,1788432528467909,178842684286993612,,,,,,,,,connected_peers=16,,,,,
server,peer_replication_merge_delta,completed,1788432528492906,178842684286993612,,55,,1788432528488523,1788432528492884,1788432528492906,,,"delta_len=21,sent_us=1788432528482741",,,,,22
server,peer_replication_get_delta,completed,1788432528545358,178842684286993612,178842684114094212,55,,1788432528545189,1788432528545196,1788432528545358,,,"delta_len=35,sent_us=1788432528529742",,,,,162
server,client_mutation,completed,1788432528728538,178842684286993612,,,,1788432528726406,1788432528726407,1788432528728538,,,http_data_plane,,,,,2131
server,peer_replication_get_delta,completed,1788432528938828,178842684286993612,178842684114093209,55,,1788432528938658,1788432528938665,1788432528938828,,,"delta_len=31,sent_us=1788432528873363",,,,,163
server,client_mutation,completed,1788432529229557,178842684286993612,,,,1788432529226463,1788432529226463,1788432529229557,,,http_data_plane,,,,,3094
server,peer_replication_get_delta,completed,1788432529338152,178842684286993612,178842684286995611,55,,1788432529337814,1788432529337819,1788432529338152,,,"delta_len=42,sent_us=1788432529336835",,,,,333
server,peer_replication_pull_request,sent,1788432529467877,178842684286993612,,,,,,,,,connected_peers=16,,,,,
server,peer_replication_merge_delta,completed,1788432529489754,178842684286993612,,55,,1788432529482652,1788432529489711,1788432529489754,,,"delta_len=34,sent_us=1788432529478829",,,,,43
server,client_mutation,completed,1788432529727778,178842684286993612,,,,1788432529725609,1788432529725609,1788432529727778,,,http_data_plane,,,,,2169
server,peer_replication_get_delta,completed,1788432530187295,178842684286993612,178842684426434112,55,,1788432530187134,1788432530187142,1788432530187295,,,"delta_len=8,sent_us=1788432530124603",,,,,153
server,client_mutation,completed,1788432530227686,178842684286993612,,,,1788432530225511,1788432530225511,1788432530227686,,,http_data_plane,,,,,2175
server,peer_replication_pull_request,sent,1788432530467190,178842684286993612,,,,,,,,,connected_peers=16,,,,,
server,peer_replication_merge_delta,completed,1788432530498591,178842684286993612,,55,,1788432530492905,1788432530498557,1788432530498591,,,"delta_len=38,sent_us=1788432530486049",,,,,34
server,client_mutation,completed,1788432530727685,178842684286993612,,,,1788432530725574,1788432530725574,1788432530727685,,,http_data_plane,,,,,2111
server,client_mutation,completed,1788432531227850,178842684286993612,,,,1788432531225639,1788432531225639,1788432531227850,,,http_data_plane,,,,,2211
server,peer_replication_pull_request,sent,1788432531466927,178842684286993612,,,,,,,,,connected_peers=16,,,,,
server,peer_replication_merge_delta,completed,1788432531543613,178842684286993612,,55,,1788432531535961,1788432531543462,1788432531543613,,,"delta_len=58,sent_us=1788432531523140",,,,,151
server,client_mutation,completed,1788432531729338,178842684286993612,,,,1788432531726434,1788432531726434,1788432531729338,,,http_data_plane,,,,,2904
server,client_mutation,completed,1788432532228941,178842684286993612,,,,1788432532226135,1788432532226135,1788432532228941,,,http_data_plane,,,,,2806
server,peer_replication_get_delta,completed,1788432532337866,178842684286993612,178842684286995611,55,,1788432532337706,1788432532337711,1788432532337866,,,"delta_len=31,sent_us=1788432532337135",,,,,155
server,peer_replication_pull_request,sent,1788432532467285,178842684286993612,,,,,,,,,connected_peers=16,,,,,
server,client_mutation,completed,1788432532728097,178842684286993612,,,,1788432532725765,1788432532725765,1788432532728097,,,http_data_plane,,,,,2332
server,membership_directory_read,completed,1788432533129344,178842684286993612,,,,,1788432533072316,1788432533129344,,,poll:271 descriptors,,,,,57028
server,client_mutation,completed,1788432533227769,178842684286993612,,,,1788432533225702,1788432533225702,1788432533227769,,,http_data_plane,,,,,2067
server,peer_replication_pull_request,sent,1788432533467820,178842684286993612,,,,,,,,,connected_peers=16,,,,,
server,peer_replication_merge_delta,completed,1788432533508343,178842684286993612,,55,,1788432533496017,1788432533508244,1788432533508343,,,"delta_len=147,sent_us=1788432533481834",,,,,99
server,peer_replication_get_delta,completed,1788432533599002,178842684286993612,178842684114092210,55,,1788432533598778,1788432533598785,1788432533599002,,,"delta_len=166,sent_us=1788432533583720",,,,,217
server,client_mutation,completed,1788432533728004,178842684286993612,,,,1788432533725914,1788432533725914,1788432533728004,,,http_data_plane,,,,,2090
server,client_mutation,completed,1788432534227751,178842684286993612,,,,1788432534225599,1788432534225599,1788432534227751,,,http_data_plane,,,,,2152
server,peer_replication_pull_request,sent,1788432534467728,178842684286993612,,,,,,,,,connected_peers=16,,,,,
server,peer_replication_merge_delta,completed,1788432534504275,178842684286993612,,55,,1788432534497189,1788432534504218,1788432534504275,,,"delta_len=60,sent_us=1788432534482034",,,,,57
server,client_mutation,completed,1788432534728019,178842684286993612,,,,1788432534725585,1788432534725585,1788432534728019,,,http_data_plane,,,,,2434
server,peer_replication_get_delta,completed,1788432535077782,178842684286993612,178842684114090212,55,,1788432535077626,1788432535077632,1788432535077782,,,"delta_len=5,sent_us=1788432535062528",,,,,150
server,client_mutation,completed,1788432535227690,178842684286993612,,,,1788432535225577,1788432535225577,1788432535227690,,,http_data_plane,,,,,2113
server,peer_replication_pull_request,sent,1788432535467656,178842684286993612,,,,,,,,,connected_peers=16,,,,,
server,peer_replication_merge_delta,completed,1788432535473399,178842684286993612,,55,,1788432535469060,1788432535473377,1788432535473399,,,"delta_len=22,sent_us=1788432535468403",,,,,22
server,client_mutation,completed,1788432535728718,178842684286993612,,,,1788432535725692,1788432535725693,1788432535728718,,,http_data_plane,,,,,3025
server,peer_replication_get_delta,completed,1788432536136593,178842684286993612,178842684426434112,55,,1788432536136417,1788432536136424,1788432536136593,,,"delta_len=40,sent_us=1788432536123673",,,,,169
server,client_mutation,completed,1788432536227903,178842684286993612,,,,1788432536225550,1788432536225550,1788432536227903,,,http_data_plane,,,,,2353
server,peer_replication_pull_request,sent,1788432536466797,178842684286993612,,,,,,,,,connected_peers=16,,,,,
server,peer_replication_merge_delta,completed,1788432536474448,178842684286993612,,55,,1788432536468419,1788432536474402,1788432536474448,,,"delta_len=39,sent_us=1788432536467702",,,,,46
server,peer_replication_get_delta,completed,1788432536545452,178842684286993612,178842684114094212,55,,1788432536545279,1788432536545287,1788432536545452,,,"delta_len=41,sent_us=1788432536529615",,,,,165
server,client_mutation,completed,1788432536727862,178842684286993612,,,,1788432536725546,1788432536725547,1788432536727862,,,http_data_plane,,,,,2315
server,peer_replication_get_delta,completed,1788432536873458,178842684286993612,178842684286996610,55,,1788432536873288,1788432536873294,1788432536873458,,,"delta_len=15,sent_us=1788432536872619",,,,,164
server,client_mutation,completed,1788432537227479,178842684286993612,,,,1788432537225591,1788432537225591,1788432537227479,,,http_data_plane,,,,,1888
server,peer_replication_pull_request,sent,1788432537467554,178842684286993612,,,,,,,,,connected_peers=16,,,,,
server,peer_replication_merge_delta,completed,1788432537478018,178842684286993612,,55,,1788432537469178,1788432537477875,1788432537478018,,,"delta_len=78,sent_us=1788432537468317",,,,,143
server,client_mutation,completed,1788432537727706,178842684286993612,,,,1788432537725702,1788432537725703,1788432537727706,,,http_data_plane,,,,,2003
server,peer_replication_get_delta,completed,1788432537888852,178842684286993612,178842684114093209,55,,1788432537888672,1788432537888679,1788432537888852,,,"delta_len=43,sent_us=1788432537873562",,,,,173
server,membership_directory_read,completed,1788432538133982,178842684286993612,,,,,1788432538072465,1788432538133982,,,poll:271 descriptors,,,,,61517
server,peer_replication_get_delta,completed,1788432538187359,178842684286993612,178842684426434112,55,,1788432538187169,1788432538187178,1788432538187359,,,"delta_len=60,sent_us=1788432538123701",,,,,181
server,client_mutation,completed,1788432538227762,178842684286993612,,,,1788432538225567,1788432538225567,1788432538227762,,,http_data_plane,,,,,2195
server,peer_replication_pull_request,sent,1788432538467659,178842684286993612,,,,,,,,,connected_peers=16,,,,,
server,peer_replication_merge_delta,completed,1788432538486468,178842684286993612,,55,,1788432538482216,1788432538486449,1788432538486468,,,"delta_len=15,sent_us=1788432538478436",,,,,19
server,client_mutation,completed,1788432538727774,178842684286993612,,,,1788432538725575,1788432538725575,1788432538727774,,,http_data_plane,,,,,2199
server,client_mutation,completed,1788432539227707,178842684286993612,,,,1788432539225581,1788432539225581,1788432539227707,,,http_data_plane,,,,,2126
server,peer_replication_pull_request,sent,1788432539467653,178842684286993612,,,,,,,,,connected_peers=16,,,,,
server,peer_replication_merge_delta,completed,1788432539475171,178842684286993612,,55,,1788432539469341,1788432539475134,1788432539475171,,,"delta_len=28,sent_us=1788432539468603",,,,,37
server,peer_replication_get_delta,completed,1788432539545661,178842684286993612,178842684114094212,55,,1788432539545478,1788432539545484,1788432539545661,,,"delta_len=83,sent_us=1788432539529539",,,,,177
server,client_mutation,completed,1788432539728225,178842684286993612,,,,1788432539725678,1788432539725678,1788432539728225,,,http_data_plane,,,,,2547
server,client_mutation,completed,1788432540228382,178842684286993612,,,,1788432540225983,1788432540225983,1788432540228382,,,http_data_plane,,,,,2399
server,peer_replication_get_delta,completed,1788432540338649,178842684286993612,178842684286995611,55,,1788432540338470,1788432540338475,1788432540338649,,,"delta_len=77,sent_us=1788432540337870",,,,,174
server,peer_replication_pull_request,sent,1788432540467066,178842684286993612,,,,,,,,,connected_peers=16,,,,,
server,peer_replication_merge_delta,completed,1788432540479090,178842684286993612,,55,,1788432540468687,1788432540478983,1788432540479090,,,"delta_len=122,sent_us=1788432540467861",,,,,107
server,client_mutation,completed,1788432540727723,178842684286993612,,,,1788432540725526,1788432540725526,1788432540727723,,,http_data_plane,,,,,2197
server,peer_replication_get_delta,completed,1788432541177413,178842684286993612,178842684426434112,55,,1788432541177241,1788432541177246,1788432541177413,,,"delta_len=29,sent_us=1788432541123687",,,,,167
server,client_mutation,completed,1788432541227801,178842684286993612,,,,1788432541225563,1788432541225563,1788432541227801,,,http_data_plane,,,,,2238
server,peer_replication_pull_request,sent,1788432541467806,178842684286993612,,,,,,,,,connected_peers=16,,,,,
server,peer_replication_merge_delta,completed,1788432541501863,178842684286993612,,55,,1788432541494753,1788432541501835,1788432541501863,,,"delta_len=28,sent_us=1788432541487340",,,,,28
server,peer_replication_get_delta,completed,1788432541502221,178842684286993612,178842684286997609,55,,1788432541501916,1788432541501919,1788432541502221,,,"delta_len=133,sent_us=1788432541497913",,,,,302
server,peer_replication_get_delta,completed,1788432541545230,178842684286993612,178842684114094212,55,,1788432541545065,1788432541545071,1788432541545230,,,"delta_len=22,sent_us=1788432541529470",,,,,159
server,peer_replication_connection,established,1788432541695960,178842684286993612,178842683849155813,,,,,,,,,,,,,
server,client_mutation,completed,1788432541727691,178842684286993612,,,,1788432541725575,1788432541725575,1788432541727691,,,http_data_plane,,,,,2116
server,peer_replication_get_delta,completed,1788432541911813,178842684286993612,178842683956184212,55,,1788432541911638,1788432541911645,1788432541911813,,,"delta_len=27,sent_us=1788432541891829",,,,,168
server,client_mutation,completed,1788432542228094,178842684286993612,,,,1788432542225838,1788432542225838,1788432542228094,,,http_data_plane,,,,,2256
server,peer_replication_pull_request,sent,1788432542467434,178842684286993612,,,,,,,,,connected_peers=17,,,,,
server,peer_replication_merge_delta,completed,1788432542488233,178842684286993612,,55,,1788432542482203,1788432542488188,1788432542488233,,,"delta_len=35,sent_us=1788432542478383",,,,,45
server,client_mutation,completed,1788432542730107,178842684286993612,,,,1788432542726021,1788432542726021,1788432542730107,,,http_data_plane,,,,,4086
server,membership_directory_read,completed,1788432543144321,178842684286993612,,,,,1788432543072364,1788432543144321,,,poll:274 descriptors,,,,,71957
server,client_mutation,completed,1788432543227939,178842684286993612,,,,1788432543225584,1788432543225584,1788432543227939,,,http_data_plane,,,,,2355
server,peer_replication_get_delta,completed,1788432543338280,178842684286993612,178842684286995611,55,,1788432543338111,1788432543338117,1788432543338280,,,"delta_len=33,sent_us=1788432543337432",,,,,163
server,peer_replication_pull_request,sent,1788432543467736,178842684286993612,,,,,,,,,connected_peers=17,,,,,
server,client_mutation,completed,1788432543727864,178842684286993612,,,,1788432543725569,1788432543725569,1788432543727864,,,http_data_plane,,,,,2295
server,peer_replication_get_delta,completed,1788432544143625,178842684286993612,178842684286994612,55,,1788432544143403,1788432544143408,1788432544143625,,,"delta_len=12,sent_us=1788432544142610",,,,,217
server,client_mutation,completed,1788432544227738,178842684286993612,,,,1788432544225570,1788432544225570,1788432544227738,,,http_data_plane,,,,,2168
server,peer_replication_pull_request,sent,1788432544467686,178842684286993612,,,,,,,,,connected_peers=17,,,,,
server,peer_replication_merge_delta,completed,1788432544507398,178842684286993612,,55,,1788432544497950,1788432544507340,1788432544507398,,,"delta_len=89,sent_us=1788432544482313",,,,,58
server,peer_replication_get_delta,completed,1788432544598962,178842684286993612,178842684114092210,55,,1788432544598767,1788432544598772,1788432544598962,,,"delta_len=26,sent_us=1788432544583673",,,,,190
server,client_mutation,completed,1788432544727657,178842684286993612,,,,1788432544725552,1788432544725552,1788432544727657,,,http_data_plane,,,,,2105
server,peer_replication_merge_delta,completed,1788432544948214,178842684286993612,,55,,1788432544941416,1788432544948172,1788432544948214,,,"delta_len=59,sent_us=1788432544897022",,,,,42
server,client_mutation,completed,1788432545227715,178842684286993612,,,,1788432545225566,1788432545225566,1788432545227715,,,http_data_plane,,,,,2149
server,peer_replication_pull_request,sent,1788432545467690,178842684286993612,,,,,,,,,connected_peers=17,,,,,
server,peer_replication_connection,established,1788432545467879,178842684286993612,178842683849156813,,,,,,,,,,,,,
server,peer_replication_merge_delta,completed,1788432545496369,178842684286993612,,55,,1788432545488032,1788432545496326,1788432545496369,,,"delta_len=49,sent_us=1788432545482002",,,,,43
server,client_mutation,completed,1788432545727927,178842684286993612,,,,1788432545725633,1788432545725633,1788432545727927,,,http_data_plane,,,,,2294
server,client_mutation,completed,1788432546227939,178842684286993612,,,,1788432546225658,1788432546225658,1788432546227939,,,http_data_plane,,,,,2281
server,peer_replication_get_delta,completed,1788432546337915,178842684286993612,178842684286995611,55,,1788432546337736,1788432546337741,1788432546337915,,,"delta_len=103,sent_us=1788432546337205",,,,,174
server,peer_replication_pull_request,sent,1788432546467296,178842684286993612,,,,,,,,,connected_peers=18,,,,,
server,peer_replication_merge_delta,completed,1788432546530340,178842684286993612,,55,,1788432546526364,1788432546530318,1788432546530340,,,"delta_len=9,sent_us=1788432546513089",,,,,22
server,client_mutation,completed,1788432546727787,178842684286993612,,,,1788432546725570,1788432546725570,1788432546727787,,,http_data_plane,,,,,2217
server,client_mutation,completed,1788432547227722,178842684286993612,,,,1788432547225583,1788432547225583,1788432547227722,,,http_data_plane,,,,,2139
server,peer_replication_get_delta,completed,1788432547337559,178842684286993612,178842684286995611,55,,1788432547337400,1788432547337406,1788432547337559,,,"delta_len=11,sent_us=1788432547336821",,,,,153
server,peer_replication_pull_request,sent,1788432547466950,178842684286993612,,,,,,,,,connected_peers=18,,,,,
server,peer_replication_merge_delta,completed,1788432547498244,178842684286993612,,55,,1788432547492944,1788432547498213,1788432547498244,,,"delta_len=37,sent_us=1788432547485889",,,,,31
server,client_mutation,completed,1788432547727826,178842684286993612,,,,1788432547725613,1788432547725613,1788432547727826,,,http_data_plane,,,,,2213
server,peer_replication_get_delta,completed,1788432547888801,178842684286993612,178842684114093209,55,,1788432547888613,1788432547888621,1788432547888801,,,"delta_len=61,sent_us=1788432547873466",,,,,180
server,membership_directory_read,completed,1788432548149702,178842684286993612,,,,,1788432548072254,1788432548149702,,,poll:275 descriptors,,,,,77448
server,client_mutation,completed,1788432548227807,178842684286993612,,,,1788432548225583,1788432548225583,1788432548227807,,,http_data_plane,,,,,2224
server,peer_replication_pull_request,sent,1788432548467742,178842684286993612,,,,,,,,,connected_peers=18,,,,,
server,peer_replication_merge_delta,completed,1788432548499222,178842684286993612,,55,,1788432548493860,1788432548499165,1788432548499222,,,"delta_len=29,sent_us=1788432548486675",,,,,57
server,peer_replication_connection,established,1788432548713889,178842684286993612,178842683849157813,,,,,,,,,,,,,
server,client_mutation,completed,1788432548727787,178842684286993612,,,,1788432548725619,1788432548725619,1788432548727787,,,http_data_plane,,,,,2168
server,client_mutation,completed,1788432549227685,178842684286993612,,,,1788432549225605,1788432549225605,1788432549227685,,,http_data_plane,,,,,2080
server,peer_replication_pull_request,sent,1788432549467661,178842684286993612,,,,,,,,,connected_peers=19,,,,,
server,peer_replication_merge_delta,completed,1788432549478083,178842684286993612,,55,,1788432549469278,1788432549477984,1788432549478083,,,"delta_len=92,sent_us=1788432549468544",,,,,99
server,client_mutation,completed,1788432549727845,178842684286993612,,,,1788432549725553,1788432549725554,1788432549727845,,,http_data_plane,,,,,2291
server,client_mutation,completed,1788432550227863,178842684286993612,,,,1788432550225677,1788432550225677,1788432550227863,,,http_data_plane,,,,,2186
server,peer_replication_pull_request,sent,1788432550466791,178842684286993612,,,,,,,,,connected_peers=19,,,,,
server,peer_replication_merge_delta,completed,1788432550503955,178842684286993612,,55,,1788432550496842,1788432550503871,1788432550503955,,,"delta_len=60,sent_us=1788432550481294",,,,,84
server,client_mutation,completed,1788432550727820,178842684286993612,,,,1788432550725553,1788432550725553,1788432550727820,,,http_data_plane,,,,,2267
server,client_mutation,completed,1788432551227293,178842684286993612,,,,1788432551225566,1788432551225566,1788432551227293,,,http_data_plane,,,,,1727
server,peer_replication_pull_request,sent,1788432551467262,178842684286993612,,,,,,,,,connected_peers=19,,,,,
server,peer_replication_merge_delta,completed,1788432551498839,178842684286993612,,55,,1788432551493402,1788432551498798,1788432551498839,,,"delta_len=38,sent_us=1788432551486413",,,,,41
server,peer_replication_get_delta,completed,1788432551499088,178842684286993612,178842684286997609,55,,1788432551498928,1788432551498931,1788432551499088,,,"delta_len=68,sent_us=1788432551498171",,,,,157
server,client_mutation,completed,1788432551727797,178842684286993612,,,,1788432551725652,1788432551725652,1788432551727797,,,http_data_plane,,,,,2145
server,peer_replication_get_delta,completed,1788432551872964,178842684286993612,178842684286996610,55,,1788432551872791,1788432551872797,1788432551872964,,,"delta_len=26,sent_us=1788432551871866",,,,,167
server,peer_replication_get_delta,completed,1788432551888194,178842684286993612,178842684114093209,55,,1788432551888000,1788432551888007,1788432551888194,,,"delta_len=99,sent_us=1788432551872736",,,,,187
server,peer_replication_get_delta,completed,1788432552143840,178842684286993612,178842684286994612,55,,1788432552143488,1788432552143494,1788432552143840,,,"delta_len=30,sent_us=1788432552142672",,,,,346
server,client_mutation,completed,1788432552227915,178842684286993612,,,,1788432552225616,1788432552225616,1788432552227915,,,http_data_plane,,,,,2299
server,peer_replication_pull_request,sent,1788432552466821,178842684286993612,,,,,,,,,connected_peers=19,,,,,
server,peer_replication_merge_delta,completed,1788432552475190,178842684286993612,,55,,1788432552469105,1788432552475131,1788432552475190,,,"delta_len=32,sent_us=1788432552468059",,,,,59
server,peer_replication_get_delta,completed,1788432552612225,178842684286993612,178842683956183209,55,,1788432552611701,1788432552611709,1788432552612225,,,"delta_len=54,sent_us=1788432552591401",,,,,516
server,client_mutation,completed,1788432552728145,178842684286993612,,,,1788432552725807,1788432552725807,1788432552728145,,,http_data_plane,,,,,2338
server,membership_directory_read,completed,1788432553133933,178842684286993612,,,,,1788432553072259,1788432553133933,,,poll:276 descriptors,,,,,61674
server,peer_replication_get_delta,completed,1788432553144298,178842684286993612,178842684286994612,55,,1788432553144107,1788432553144113,1788432553144298,,,"delta_len=2,sent_us=1788432553142943",,,,,185
server,client_mutation,completed,1788432553231049,178842684286993612,,,,1788432553225606,1788432553225606,1788432553231049,,,http_data_plane,,,,,5443
server,peer_replication_pull_request,sent,1788432553467061,178842684286993612,,,,,,,,,connected_peers=19,,,,,
server,peer_replication_merge_delta,completed,1788432553534551,178842684286993612,,55,,1788432553529050,1788432553534520,1788432553534551,,,"delta_len=34,sent_us=1788432553524218",,,,,31
server,client_mutation,completed,1788432553727710,178842684286993612,,,,1788432553725608,1788432553725608,1788432553727710,,,http_data_plane,,,,,2102
server,peer_replication_get_delta,completed,1788432553889321,178842684286993612,178842684114093209,55,,1788432553889064,1788432553889070,1788432553889321,,,"delta_len=24,sent_us=1788432553873669",,,,,251
server,client_mutation,completed,1788432554227760,178842684286993612,,,,1788432554225600,1788432554225600,1788432554227760,,,http_data_plane,,,,,2160
server,peer_replication_pull_request,sent,1788432554467173,178842684286993612,,,,,,,,,connected_peers=19,,,,,
server,peer_replication_merge_delta,completed,1788432554494043,178842684286993612,,55,,1788432554487608,1788432554493977,1788432554494043,,,"delta_len=45,sent_us=1788432554481679",,,,,66
server,client_mutation,completed,1788432554727763,178842684286993612,,,,1788432554725712,1788432554725712,1788432554727763,,,http_data_plane,,,,,2051
server,client_mutation,completed,1788432555227720,178842684286993612,,,,1788432555225575,1788432555225575,1788432555227720,,,http_data_plane,,,,,2145
server,peer_replication_pull_request,sent,1788432555467749,178842684286993612,,,,,,,,,connected_peers=19,,,,,
server,client_mutation,completed,1788432555727703,178842684286993612,,,,1788432555725577,1788432555725578,1788432555727703,,,http_data_plane,,,,,2125
server,client_mutation,completed,1788432556227875,178842684286993612,,,,1788432556225621,1788432556225621,1788432556227875,,,http_data_plane,,,,,2254
server,peer_replication_pull_request,sent,1788432556466812,178842684286993612,,,,,,,,,connected_peers=19,,,,,
server,peer_replication_get_delta,completed,1788432556498309,178842684286993612,178842683849156813,55,,1788432556498118,1788432556498124,1788432556498309,,,"delta_len=47,sent_us=1788432556456020",,,,,185
server,peer_replication_merge_delta,completed,1788432556513405,178842684286993612,,55,,1788432556505078,1788432556513345,1788432556513405,,,"delta_len=75,sent_us=1788432556485537",,,,,60
server,client_mutation,completed,1788432556727706,178842684286993612,,,,1788432556725610,1788432556725610,1788432556727706,,,http_data_plane,,,,,2096
server,peer_replication_get_delta,completed,1788432556873079,178842684286993612,178842684286996610,55,,1788432556872908,1788432556872915,1788432556873079,,,"delta_len=26,sent_us=1788432556872315",,,,,164
server,client_mutation,completed,1788432557227896,178842684286993612,,,,1788432557225693,1788432557225693,1788432557227896,,,http_data_plane,,,,,2203
server,peer_replication_pull_request,sent,1788432557466864,178842684286993612,,,,,,,,,connected_peers=19,,,,,
server,peer_replication_get_delta,completed,1788432557545736,178842684286993612,178842684114094212,55,,1788432557545555,1788432557545561,1788432557545736,,,"delta_len=17,sent_us=1788432557529884",,,,,175
server,client_mutation,completed,1788432557727817,178842684286993612,,,,1788432557725597,1788432557725597,1788432557727817,,,http_data_plane,,,,,2220
server,membership_directory_read,completed,1788432558136864,178842684286993612,,,,,1788432558071901,1788432558136864,,,poll:276 descriptors,,,,,64963
server,client_mutation,completed,1788432558228150,178842684286993612,,,,1788432558225891,1788432558225891,1788432558228150,,,http_data_plane,,,,,2259
server,peer_replication_pull_request,sent,1788432558467168,178842684286993612,,,,,,,,,connected_peers=19,,,,,
server,peer_replication_merge_delta,completed,1788432558504607,178842684286993612,,55,,1788432558492151,1788432558504492,1788432558504607,,,"delta_len=142,sent_us=1788432558478962",,,,,115
server,client_mutation,completed,1788432558728738,178842684286993612,,,,1788432558725594,1788432558725594,1788432558728738,,,http_data_plane,,,,,3144
server,peer_replication_get_delta,completed,1788432558873113,178842684286993612,178842684286996610,55,,1788432558872936,1788432558872942,1788432558873113,,,"delta_len=56,sent_us=1788432558872351",,,,,171
server,peer_replication_get_delta,completed,1788432558889149,178842684286993612,178842684114093209,55,,1788432558888852,1788432558888859,1788432558889149,,,"delta_len=105,sent_us=1788432558873678",,,,,290
server,client_mutation,completed,1788432559227455,178842684286993612,,,,1788432559225625,1788432559225625,1788432559227455,,,http_data_plane,,,,,1830
server,peer_replication_pull_request,sent,1788432559467399,178842684286993612,,,,,,,,,connected_peers=19,,,,,
server,peer_replication_merge_delta,completed,1788432559487669,178842684286993612,,55,,1788432559481904,1788432559487620,1788432559487669,,,"delta_len=44,sent_us=1788432559478092",,,,,49
server,peer_replication_get_delta,completed,1788432559610372,178842684286993612,178842683956183209,55,,1788432559610131,1788432559610146,1788432559610372,,,"delta_len=75,sent_us=1788432559590992",,,,,226
server,client_mutation,completed,1788432559730305,178842684286993612,,,,1788432559725651,1788432559725652,1788432559730305,,,http_data_plane,,,,,4653
server,client_mutation,completed,1788432560227899,178842684286993612,,,,1788432560225732,1788432560225732,1788432560227899,,,http_data_plane,,,,,2167
server,peer_replication_pull_request,sent,1788432560467126,178842684286993612,,,,,,,,,connected_peers=19,,,,,
server,client_mutation,completed,1788432560727802,178842684286993612,,,,1788432560725601,1788432560725601,1788432560727802,,,http_data_plane,,,,,2201
server,peer_replication_get_delta,completed,1788432560888695,178842684286993612,178842684114093209,55,,1788432560888513,1788432560888520,1788432560888695,,,"delta_len=6,sent_us=1788432560873337",,,,,175
server,client_mutation,completed,1788432561227730,178842684286993612,,,,1788432561225573,1788432561225574,1788432561227730,,,http_data_plane,,,,,2156
server,peer_replication_pull_request,sent,1788432561467656,178842684286993612,,,,,,,,,connected_peers=19,,,,,
server,peer_replication_merge_delta,completed,1788432561530789,178842684286993612,,55,,1788432561525879,1788432561530669,1788432561530789,,,"delta_len=19,sent_us=1788432561512543",,,,,120
server,peer_replication_get_delta,completed,1788432561598993,178842684286993612,178842684114092210,55,,1788432561598792,1788432561598798,1788432561598993,,,"delta_len=15,sent_us=1788432561583673",,,,,195
server,peer_replication_get_delta,completed,1788432561697059,178842684286993612,178842683849155813,55,,1788432561696878,1788432561696885,1788432561697059,,,"delta_len=29,sent_us=1788432561654961",,,,,174
server,client_mutation,completed,1788432561727759,178842684286993612,,,,1788432561725617,1788432561725617,1788432561727759,,,http_data_plane,,,,,2142
server,client_mutation,completed,1788432562228469,178842684286993612,,,,1788432562225603,1788432562225603,1788432562228469,,,http_data_plane,,,,,2866
server,peer_replication_pull_request,sent,1788432562467466,178842684286993612,,,,,,,,,connected_peers=19,,,,,
server,peer_replication_merge_delta,completed,1788432562501854,178842684286993612,,55,,1788432562493837,1788432562501809,1788432562501854,,,"delta_len=54,sent_us=1788432562486677",,,,,45
server,peer_replication_get_delta,completed,1788432562502074,178842684286993612,178842684286997609,55,,1788432562501921,1788432562501924,1788432562502074,,,"delta_len=32,sent_us=1788432562498482",,,,,150
server,client_mutation,completed,1788432562727976,178842684286993612,,,,1788432562725640,1788432562725640,1788432562727976,,,http_data_plane,,,,,2336
server,membership_directory_read,completed,1788432563133330,178842684286993612,,,,,1788432563071989,1788432563133330,,,poll:276 descriptors,,,,,61341
server,peer_replication_get_delta,completed,1788432563144321,178842684286993612,178842684286994612,55,,1788432563144141,1788432563144149,1788432563144321,,,"delta_len=20,sent_us=1788432563142742",,,,,172
server,client_mutation,completed,1788432563229142,178842684286993612,,,,1788432563226863,1788432563226863,1788432563229142,,,http_data_plane,,,,,2279
server,peer_replication_pull_request,sent,1788432563467315,178842684286993612,,,,,,,,,connected_peers=19,,,,,
server,peer_replication_merge_delta,completed,1788432563514696,178842684286993612,,55,,1788432563506188,1788432563514633,1788432563514696,,,"delta_len=69,sent_us=1788432563486385",,,,,63
server,client_mutation,completed,1788432563727863,178842684286993612,,,,1788432563725583,1788432563725583,1788432563727863,,,http_data_plane,,,,,2280
server,peer_replication_get_delta,completed,1788432563876816,178842684286993612,178842684114091211,55,,1788432563876606,1788432563876612,1788432563876816,,,"delta_len=31,sent_us=1788432563861135",,,,,204
server,client_mutation,completed,1788432564228271,178842684286993612,,,,1788432564225679,1788432564225679,1788432564228271,,,http_data_plane,,,,,2592
server,peer_replication_pull_request,sent,1788432564467784,178842684286993612,,,,,,,,,connected_peers=19,,,,,
server,peer_replication_merge_delta,completed,1788432564548164,178842684286993612,,55,,1788432564538160,1788432564548082,1788432564548164,,,"delta_len=103,sent_us=1788432564524230",,,,,82
server,client_mutation,completed,1788432564727782,178842684286993612,,,,1788432564725570,1788432564725570,1788432564727782,,,http_data_plane,,,,,2212
server,client_mutation,completed,1788432565227923,178842684286993612,,,,1788432565225703,1788432565225703,1788432565227923,,,http_data_plane,,,,,2220
server,peer_replication_pull_request,sent,1788432565466792,178842684286993612,,,,,,,,,connected_peers=19,,,,,
server,peer_replication_merge_delta,completed,1788432565581435,178842684286993612,,55,,1788432565575056,1788432565581399,1788432565581435,,,"delta_len=36,sent_us=1788432565561359",,,,,36
server,client_mutation,completed,1788432565728402,178842684286993612,,,,1788432565725571,1788432565725571,1788432565728402,,,http_data_plane,,,,,2831
server,peer_replication_get_delta,completed,1788432565873070,178842684286993612,178842684286996610,55,,1788432565872898,1788432565872905,1788432565873070,,,"delta_len=41,sent_us=1788432565872350",,,,,165
server,client_mutation,completed,1788432566227678,178842684286993612,,,,1788432566225546,1788432566225546,1788432566227678,,,http_data_plane,,,,,2132
server,peer_replication_pull_request,sent,1788432566467678,178842684286993612,,,,,,,,,connected_peers=19,,,,,
server,peer_replication_merge_delta,completed,1788432566476261,178842684286993612,,55,,1788432566469806,1788432566476217,1788432566476261,,,"delta_len=54,sent_us=1788432566468674",,,,,44
server,client_mutation,completed,1788432566727837,178842684286993612,,,,1788432566725803,1788432566725803,1788432566727837,,,http_data_plane,,,,,2034
server,client_mutation,completed,1788432567227778,178842684286993612,,,,1788432567225579,1788432567225579,1788432567227778,,,http_data_plane,,,,,2199
server,peer_replication_pull_request,sent,1788432567467745,178842684286993612,,,,,,,,,connected_peers=19,,,,,
server,peer_replication_merge_delta,completed,1788432567492983,178842684286993612,,55,,1788432567487935,1788432567492943,1788432567492983,,,"delta_len=28,sent_us=1788432567482193",,,,,40
server,client_mutation,completed,1788432567727725,178842684286993612,,,,1788432567725613,1788432567725613,1788432567727725,,,http_data_plane,,,,,2112
server,membership_directory_read,completed,1788432568128655,178842684286993612,,,,,1788432568072189,1788432568128655,,,poll:276 descriptors,,,,,56466
server,client_mutation,completed,1788432568227723,178842684286993612,,,,1788432568225571,1788432568225571,1788432568227723,,,http_data_plane,,,,,2152
server,peer_replication_pull_request,sent,1788432568467698,178842684286993612,,,,,,,,,connected_peers=19,,,,,
server,peer_replication_merge_delta,completed,1788432568500642,178842684286993612,,55,,1788432568492591,1788432568500563,1788432568500642,,,"delta_len=77,sent_us=1788432568479647",,,,,79
server,client_mutation,completed,1788432568727795,178842684286993612,,,,1788432568725535,1788432568725535,1788432568727795,,,http_data_plane,,,,,2260
server,client_mutation,completed,1788432569227823,178842684286993612,,,,1788432569225581,1788432569225581,1788432569227823,,,http_data_plane,,,,,2242
server,peer_replication_pull_request,sent,1788432569467745,178842684286993612,,,,,,,,,connected_peers=19,,,,,
server,peer_replication_merge_delta,completed,1788432569473683,178842684286993612,,55,,1788432569469244,1788432569473664,1788432569473683,,,"delta_len=14,sent_us=1788432569468536",,,,,19
server,client_mutation,completed,1788432569727881,178842684286993612,,,,1788432569725604,1788432569725604,1788432569727881,,,http_data_plane,,,,,2277
server,client_mutation,completed,1788432570227661,178842684286993612,,,,1788432570225621,1788432570225621,1788432570227661,,,http_data_plane,,,,,2040
server,peer_replication_pull_request,sent,1788432570467706,178842684286993612,,,,,,,,,connected_peers=19,,,,,
server,peer_replication_merge_delta,completed,1788432570478397,178842684286993612,,55,,1788432570469703,1788432570478342,1788432570478397,,,"delta_len=61,sent_us=1788432570468849",,,,,55
server,client_mutation,completed,1788432570727778,178842684286993612,,,,1788432570725529,1788432570725529,1788432570727778,,,http_data_plane,,,,,2249
server,peer_replication_get_delta,completed,1788432570736616,178842684286993612,178842683956185212,55,,1788432570736431,1788432570736437,1788432570736616,,,"delta_len=88,sent_us=1788432570717317",,,,,179
server,peer_replication_get_delta,completed,1788432570876669,178842684286993612,178842684114091211,55,,1788432570876455,1788432570876462,1788432570876669,,,"delta_len=56,sent_us=1788432570860954",,,,,207
server,client_mutation,completed,1788432571227640,178842684286993612,,,,1788432571225572,1788432571225572,1788432571227640,,,http_data_plane,,,,,2068
server,peer_replication_pull_request,sent,1788432571467722,178842684286993612,,,,,,,,,connected_peers=19,,,,,
server,peer_replication_merge_delta,completed,1788432571504091,178842684286993612,,55,,1788432571495626,1788432571504034,1788432571504091,,,"delta_len=51,sent_us=1788432571487342",,,,,57
server,peer_replication_get_delta,completed,1788432571504385,178842684286993612,178842684426432112,55,,1788432571504172,1788432571504176,1788432571504385,,,"delta_len=90,sent_us=1788432571481835",,,,,209
server,peer_replication_get_delta,completed,1788432571546172,178842684286993612,178842684114094212,55,,1788432571545970,1788432571545976,1788432571546172,,,"delta_len=114,sent_us=1788432571530307",,,,,196
server,client_mutation,completed,1788432571728074,178842684286993612,,,,1788432571725953,1788432571725953,1788432571728074,,,http_data_plane,,,,,2121
server,client_mutation,completed,1788432572228044,178842684286993612,,,,1788432572225849,1788432572225849,1788432572228044,,,http_data_plane,,,,,2195
server,peer_replication_pull_request,sent,1788432572466989,178842684286993612,,,,,,,,,connected_peers=19,,,,,
server,client_mutation,completed,1788432572728997,178842684286993612,,,,1788432572726505,1788432572726505,1788432572728997,,,http_data_plane,,,,,2492
server,membership_directory_read,completed,1788432573140250,178842684286993612,,,,,1788432573072216,1788432573140250,,,poll:276 descriptors,,,,,68034
server,client_mutation,completed,1788432573227883,178842684286993612,,,,1788432573225576,1788432573225576,1788432573227883,,,http_data_plane,,,,,2307
server,peer_replication_pull_request,sent,1788432573467781,178842684286993612,,,,,,,,,connected_peers=19,,,,,
server,peer_replication_merge_delta,completed,1788432573517865,178842684286993612,,55,,1788432573506442,1788432573517767,1788432573517865,,,"delta_len=124,sent_us=1788432573486759",,,,,98
server,client_mutation,completed,1788432573727738,178842684286993612,,,,1788432573725601,1788432573725601,1788432573727738,,,http_data_plane,,,,,2137
server,peer_replication_get_delta,completed,1788432573738178,178842684286993612,178842683849155813,55,,1788432573737998,1788432573738004,1788432573738178,,,"delta_len=39,sent_us=1788432573654429",,,,,174
server,peer_replication_get_delta,completed,1788432574136437,178842684286993612,178842684426434112,55,,1788432574136264,1788432574136270,1788432574136437,,,"delta_len=34,sent_us=1788432574123556",,,,,167
server,client_mutation,completed,1788432574227745,178842684286993612,,,,1788432574225581,1788432574225582,1788432574227745,,,http_data_plane,,,,,2163
server,peer_replication_pull_request,sent,1788432574467696,178842684286993612,,,,,,,,,connected_peers=19,,,,,
server,peer_replication_merge_delta,completed,1788432574492976,178842684286993612,,55,,1788432574487906,1788432574492955,1788432574492976,,,"delta_len=17,sent_us=1788432574482146",,,,,21
server,client_mutation,completed,1788432574727889,178842684286993612,,,,1788432574725598,1788432574725598,1788432574727889,,,http_data_plane,,,,,2291
server,peer_replication_get_delta,completed,1788432574779863,178842684286993612,178842684426433112,55,,1788432574779686,1788432574779692,1788432574779863,,,"delta_len=31,sent_us=1788432574768907",,,,,171
server,client_mutation,completed,1788432575227724,178842684286993612,,,,1788432575225595,1788432575225595,1788432575227724,,,http_data_plane,,,,,2129
server,peer_replication_pull_request,sent,1788432575467668,178842684286993612,,,,,,,,,connected_peers=19,,,,,
server,peer_replication_get_delta,completed,1788432575499201,178842684286993612,178842684286997609,55,,1788432575499023,1788432575499029,1788432575499201,,,"delta_len=31,sent_us=1788432575498329",,,,,172
server,peer_replication_merge_delta,completed,1788432575562552,178842684286993612,,55,,1788432575554601,1788432575562503,1788432575562552,,,"delta_len=77,sent_us=1788432575512575",,,,,49
server,peer_replication_get_delta,completed,1788432575610673,178842684286993612,178842683956183209,55,,1788432575610395,1788432575610405,1788432575610673,,,"delta_len=33,sent_us=1788432575590714",,,,,268
server,client_mutation,completed,1788432575728010,178842684286993612,,,,1788432575725703,1788432575725703,1788432575728010,,,http_data_plane,,,,,2307
server,client_mutation,completed,1788432576227719,178842684286993612,,,,1788432576225570,1788432576225570,1788432576227719,,,http_data_plane,,,,,2149
server,peer_replication_pull_request,sent,1788432576466875,178842684286993612,,,,,,,,,connected_peers=19,,,,,
server,peer_replication_merge_delta,completed,1788432576608857,178842684286993612,,55,,1788432576603047,1788432576608828,1788432576608857,,,"delta_len=26,sent_us=1788432576559467",,,,,29
server,client_mutation,completed,1788432576727700,178842684286993612,,,,1788432576725567,1788432576725567,1788432576727700,,,http_data_plane,,,,,2133
server,peer_replication_get_delta,completed,1788432576826066,178842684286993612,178842684426433112,55,,1788432576825893,1788432576825899,1788432576826066,,,"delta_len=37,sent_us=1788432576768036",,,,,167
server,client_mutation,completed,1788432577227867,178842684286993612,,,,1788432577225505,1788432577225506,1788432577227867,,,http_data_plane,,,,,2361
server,peer_replication_pull_request,sent,1788432577467029,178842684286993612,,,,,,,,,connected_peers=19,,,,,
server,peer_replication_merge_delta,completed,1788432577492576,178842684286993612,,55,,1788432577486061,1788432577492515,1788432577492576,,,"delta_len=52,sent_us=1788432577481197",,,,,61
server,peer_replication_get_delta,completed,1788432577498743,178842684286993612,178842683849156813,55,,1788432577498567,1788432577498572,1788432577498743,,,"delta_len=53,sent_us=1788432577456687",,,,,171
server,client_mutation,completed,1788432577727674,178842684286993612,,,,1788432577725551,1788432577725552,1788432577727674,,,http_data_plane,,,,,2122
server,membership_directory_read,completed,1788432578147811,178842684286993612,,,,,1788432578072586,1788432578147811,,,poll:276 descriptors,,,,,75225
server,client_mutation,completed,1788432578227706,178842684286993612,,,,1788432578225547,1788432578225548,1788432578227706,,,http_data_plane,,,,,2158
server,peer_replication_pull_request,sent,1788432578467611,178842684286993612,,,,,,,,,connected_peers=19,,,,,
server,peer_replication_merge_delta,completed,1788432578493330,178842684286993612,,55,,1788432578487908,1788432578493300,1788432578493330,,,"delta_len=36,sent_us=1788432578482081",,,,,30
server,client_mutation,completed,1788432578727722,178842684286993612,,,,1788432578725547,1788432578725547,1788432578727722,,,http_data_plane,,,,,2175
server,client_mutation,completed,1788432579227674,178842684286993612,,,,1788432579225551,1788432579225551,1788432579227674,,,http_data_plane,,,,,2123
server,peer_replication_pull_request,sent,1788432579467710,178842684286993612,,,,,,,,,connected_peers=19,,,,,
server,peer_replication_merge_delta,completed,1788432579493081,178842684286993612,,55,,1788432579486849,1788432579493033,1788432579493081,,,"delta_len=41,sent_us=1788432579482062",,,,,48
server,client_mutation,completed,1788432579727773,178842684286993612,,,,1788432579725606,1788432579725606,1788432579727773,,,http_data_plane,,,,,2167
server,peer_replication_get_delta,completed,1788432579737860,178842684286993612,178842683849155813,55,,1788432579737670,1788432579737679,1788432579737860,,,"delta_len=88,sent_us=1788432579654972",,,,,181
server,client_mutation,completed,1788432580236296,178842684286993612,,,,1788432580234163,1788432580234164,1788432580236296,,,http_data_plane,,,,,2132
server,peer_replication_pull_request,sent,1788432580467216,178842684286993612,,,,,,,,,connected_peers=19,,,,,
server,peer_replication_merge_delta,completed,1788432580486916,178842684286993612,,55,,1788432580481768,1788432580486881,1788432580486916,,,"delta_len=29,sent_us=1788432580478012",,,,,35
server,client_mutation,completed,1788432580727777,178842684286993612,,,,1788432580725608,1788432580725608,1788432580727777,,,http_data_plane,,,,,2169
server,peer_replication_get_delta,completed,1788432580737126,178842684286993612,178842683956185212,55,,1788432580736955,1788432580736960,1788432580737126,,,"delta_len=50,sent_us=1788432580717802",,,,,166
server,peer_replication_get_delta,completed,1788432580877221,178842684286993612,178842684114091211,55,,1788432580877041,1788432580877047,1788432580877221,,,"delta_len=45,sent_us=1788432580861572",,,,,174
server,client_mutation,completed,1788432581227901,178842684286993612,,,,1788432581225564,1788432581225564,1788432581227901,,,http_data_plane,,,,,2337
server,peer_replication_get_delta,completed,1788432581337623,178842684286993612,178842684286995611,55,,1788432581337445,1788432581337452,1788432581337623,,,"delta_len=14,sent_us=1788432581336755",,,,,171
server,peer_replication_pull_request,sent,1788432581467058,178842684286993612,,,,,,,,,connected_peers=19,,,,,
server,peer_replication_merge_delta,completed,1788432581494658,178842684286993612,,55,,1788432581487071,1788432581494616,1788432581494658,,,"delta_len=49,sent_us=1788432581481493",,,,,42
server,client_mutation,completed,1788432581727932,178842684286993612,,,,1788432581725644,1788432581725644,1788432581727932,,,http_data_plane,,,,,2288
server,peer_replication_get_delta,completed,1788432582144527,178842684286993612,178842684286994612,55,,1788432582143932,1788432582143940,1788432582144527,,,"delta_len=50,sent_us=1788432582142872",,,,,587
server,client_mutation,completed,1788432582228269,178842684286993612,,,,1788432582226035,1788432582226035,1788432582228269,,,http_data_plane,,,,,2234
server,peer_replication_get_delta,completed,1788432582337665,178842684286993612,178842684286995611,55,,1788432582337476,1788432582337482,1788432582337665,,,"delta_len=34,sent_us=1788432582336793",,,,,183
server,peer_replication_pull_request,sent,1788432582467080,178842684286993612,,,,,,,,,connected_peers=19,,,,,
server,peer_replication_merge_delta,completed,1788432582547326,178842684286993612,,55,,1788432582538615,1788432582547242,1788432582547326,,,"delta_len=87,sent_us=1788432582524570",,,,,84
server,client_mutation,completed,1788432582727915,178842684286993612,,,,1788432582725705,1788432582725705,1788432582727915,,,http_data_plane,,,,,2210
server,peer_replication_get_delta,completed,1788432582912279,178842684286993612,178842683956184212,55,,1788432582911139,1788432582911145,1788432582912279,,,"delta_len=42,sent_us=1788432582891350",,,,,1134
server,membership_directory_read,completed,1788432583137340,178842684286993612,,,,,1788432583071990,1788432583137340,,,poll:276 descriptors,,,,,65350
server,client_mutation,completed,1788432583228442,178842684286993612,,,,1788432583226105,1788432583226105,1788432583228442,,,http_data_plane,,,,,2337
server,peer_replication_pull_request,sent,1788432583467351,178842684286993612,,,,,,,,,connected_peers=19,,,,,
server,peer_replication_merge_delta,completed,1788432583580508,178842684286993612,,55,,1788432583575798,1788432583580487,1788432583580508,,,"delta_len=12,sent_us=1788432583561781",,,,,21
server,peer_replication_get_delta,completed,1788432583610288,178842684286993612,178842683956183209,55,,1788432583610108,1788432583610116,1788432583610288,,,"delta_len=55,sent_us=1788432583591011",,,,,172
server,client_mutation,completed,1788432583727722,178842684286993612,,,,1788432583725562,1788432583725562,1788432583727722,,,http_data_plane,,,,,2160
server,peer_replication_get_delta,completed,1788432583743932,178842684286993612,178842683849157813,55,,1788432583743748,1788432583743754,1788432583743932,,,"delta_len=40,sent_us=1788432583701486",,,,,178
server,client_mutation,completed,1788432584227738,178842684286993612,,,,1788432584225579,1788432584225579,1788432584227738,,,http_data_plane,,,,,2159
server,peer_replication_pull_request,sent,1788432584467725,178842684286993612,,,,,,,,,connected_peers=19,,,,,
server,peer_replication_merge_delta,completed,1788432584487825,178842684286993612,,55,,1788432584482360,1788432584487790,1788432584487825,,,"delta_len=26,sent_us=1788432584478534",,,,,35
server,client_mutation,completed,1788432584727642,178842684286993612,,,,1788432584725616,1788432584725616,1788432584727642,,,http_data_plane,,,,,2026
server,client_mutation,completed,1788432585227849,178842684286993612,,,,1788432585225719,1788432585225719,1788432585227849,,,http_data_plane,,,,,2130
server,peer_replication_pull_request,sent,1788432585466795,178842684286993612,,,,,,,,,connected_peers=19,,,,,
server,peer_replication_merge_delta,completed,1788432585496340,178842684286993612,,55,,1788432585492490,1788432585496324,1788432585496340,,,"delta_len=11,sent_us=1788432585485607",,,,,16
server,client_mutation,completed,1788432585727898,178842684286993612,,,,1788432585725643,1788432585725643,1788432585727898,,,http_data_plane,,,,,2255
server,peer_replication_get_delta,completed,1788432586143983,178842684286993612,178842684286994612,55,,1788432586143810,1788432586143817,1788432586143983,,,"delta_len=29,sent_us=1788432586143018",,,,,166
server,client_mutation,completed,1788432586228364,178842684286993612,,,,1788432586225834,1788432586225834,1788432586228364,,,http_data_plane,,,,,2530
server,peer_replication_get_delta,completed,1788432586338674,178842684286993612,178842684286995611,55,,1788432586338411,1788432586338418,1788432586338674,,,"delta_len=60,sent_us=1788432586337053",,,,,256
server,peer_replication_pull_request,sent,1788432586467086,178842684286993612,,,,,,,,,connected_peers=19,,,,,
server,peer_replication_merge_delta,completed,1788432586501250,178842684286993612,,55,,1788432586492355,1788432586501178,1788432586501250,,,"delta_len=86,sent_us=1788432586480067",,,,,72
server,peer_replication_get_delta,completed,1788432586545911,178842684286993612,178842684114094212,55,,1788432586545724,1788432586545732,1788432586545911,,,"delta_len=64,sent_us=1788432586530301",,,,,179
server,client_mutation,completed,1788432586727779,178842684286993612,,,,1788432586725587,1788432586725587,1788432586727779,,,http_data_plane,,,,,2192
server,client_mutation,completed,1788432587228237,178842684286993612,,,,1788432587225569,1788432587225569,1788432587228237,,,http_data_plane,,,,,2668
server,peer_replication_pull_request,sent,1788432587467120,178842684286993612,,,,,,,,,connected_peers=19,,,,,
server,peer_replication_get_delta,completed,1788432587495061,178842684286993612,178842684426432112,55,,1788432587494888,1788432587494895,1788432587495061,,,"delta_len=31,sent_us=1788432587481993",,,,,166
server,peer_replication_merge_delta,completed,1788432587505743,178842684286993612,,55,,1788432587497135,1788432587505629,1788432587505743,,,"delta_len=83,sent_us=1788432587481626",,,,,114
server,client_mutation,completed,1788432587727904,178842684286993612,,,,1788432587725550,1788432587725550,1788432587727904,,,http_data_plane,,,,,2354
server,membership_directory_read,completed,1788432588129655,178842684286993612,,,,,1788432588071877,1788432588129655,,,poll:276 descriptors,,,,,57778
server,client_mutation,completed,1788432588227862,178842684286993612,,,,1788432588225604,1788432588225605,1788432588227862,,,http_data_plane,,,,,2257
server,peer_replication_pull_request,sent,1788432588466776,178842684286993612,,,,,,,,,connected_peers=19,,,,,
server,peer_replication_merge_delta,completed,1788432588489299,178842684286993612,,55,,1788432588484186,1788432588489276,1788432588489299,,,"delta_len=28,sent_us=1788432588480051",,,,,23
server,client_mutation,completed,1788432588727943,178842684286993612,,,,1788432588725555,1788432588725555,1788432588727943,,,http_data_plane,,,,,2388
server,client_mutation,completed,1788432589227783,178842684286993612,,,,1788432589225611,1788432589225611,1788432589227783,,,http_data_plane,,,,,2172
server,peer_replication_pull_request,sent,1788432589467699,178842684286993612,,,,,,,,,connected_peers=19,,,,,
server,peer_replication_merge_delta,completed,1788432589481103,178842684286993612,,55,,1788432589469363,1788432589481006,1788432589481103,,,"delta_len=145,sent_us=1788432589468525",,,,,97
server,client_mutation,completed,1788432589728265,178842684286993612,,,,1788432589726024,1788432589726024,1788432589728265,,,http_data_plane,,,,,2241
server,peer_replication_get_delta,completed,1788432589872643,178842684286993612,178842684286996610,55,,1788432589872477,1788432589872482,1788432589872643,,,"delta_len=23,sent_us=1788432589871890",,,,,161
server,client_mutation,completed,1788432590227895,178842684286993612,,,,1788432590225603,1788432590225603,1788432590227895,,,http_data_plane,,,,,2292
server,peer_replication_pull_request,sent,1788432590466814,178842684286993612,,,,,,,,,connected_peers=19,,,,,
server,peer_replication_merge_delta,completed,1788432590492590,178842684286993612,,55,,1788432590487107,1788432590492556,1788432590492590,,,"delta_len=37,sent_us=1788432590481345",,,,,34
server,client_mutation,completed,1788432590727721,178842684286993612,,,,1788432590725558,1788432590725558,1788432590727721,,,http_data_plane,,,,,2163
server,client_mutation,completed,1788432591227800,178842684286993612,,,,1788432591225581,1788432591225581,1788432591227800,,,http_data_plane,,,,,2219
server,peer_replication_pull_request,sent,1788432591467746,178842684286993612,,,,,,,,,connected_peers=19,,,,,
server,peer_replication_merge_delta,completed,1788432591476533,178842684286993612,,55,,1788432591469885,1788432591476482,1788432591476533,,,"delta_len=49,sent_us=1788432591468722",,,,,51
server,peer_replication_get_delta,completed,1788432591495126,178842684286993612,178842684426432112,55,,1788432591494946,1788432591494952,1788432591495126,,,"delta_len=65,sent_us=1788432591481933",,,,,174
server,peer_replication_get_delta,completed,1788432591499047,178842684286993612,178842684286997609,55,,1788432591498572,1788432591498578,1788432591499047,,,"delta_len=111,sent_us=1788432591497821",,,,,469
server,client_mutation,completed,1788432591728409,178842684286993612,,,,1788432591726161,1788432591726161,1788432591728409,,,http_data_plane,,,,,2248
server,client_mutation,completed,1788432592227841,178842684286993612,,,,1788432592225585,1788432592225585,1788432592227841,,,http_data_plane,,,,,2256
server,peer_replication_pull_request,sent,1788432592467778,178842684286993612,,,,,,,,,connected_peers=19,,,,,
server,peer_replication_merge_delta,completed,1788432592493957,178842684286993612,,55,,1788432592487944,1788432592493914,1788432592493957,,,"delta_len=48,sent_us=1788432592482143",,,,,43
server,client_mutation,completed,1788432592727982,178842684286993612,,,,1788432592725555,1788432592725555,1788432592727982,,,http_data_plane,,,,,2427
server,peer_replication_get_delta,completed,1788432592736785,178842684286993612,178842683956185212,55,,1788432592736580,1788432592736585,1788432592736785,,,"delta_len=78,sent_us=1788432592717256",,,,,200
server,peer_replication_get_delta,completed,1788432592888753,178842684286993612,178842684114093209,55,,1788432592888559,1788432592888564,1788432592888753,,,"delta_len=72,sent_us=1788432592873467",,,,,189
server,membership_directory_read,completed,1788432593130716,178842684286993612,,,,,1788432593072235,1788432593130716,,,poll:276 descriptors,,,,,58481
server,client_mutation,completed,1788432593229670,178842684286993612,,,,1788432593226871,1788432593226871,1788432593229670,,,http_data_plane,,,,,2799
server,peer_replication_pull_request,sent,1788432593467767,178842684286993612,,,,,,,,,connected_peers=19,,,,,
server,peer_replication_get_delta,completed,1788432593494753,178842684286993612,178842684426432112,55,,1788432593494562,1788432593494567,1788432593494753,,,"delta_len=52,sent_us=1788432593481609",,,,,186
server,peer_replication_get_delta,completed,1788432593598522,178842684286993612,178842684114092210,55,,1788432593598348,1788432593598354,1788432593598522,,,"delta_len=60,sent_us=1788432593583177",,,,,168
server,peer_replication_merge_delta,completed,1788432593625850,178842684286993612,,55,,1788432593616998,1788432593625799,1788432593625850,,,"delta_len=51,sent_us=1788432593574748",,,,,51
server,client_mutation,completed,1788432593727751,178842684286993612,,,,1788432593725639,1788432593725639,1788432593727751,,,http_data_plane,,,,,2112
server,peer_replication_get_delta,completed,1788432593787088,178842684286993612,178842683849157813,55,,1788432593786841,1788432593786846,1788432593787088,,,"delta_len=118,sent_us=1788432593701177",,,,,242
server,client_mutation,completed,1788432594227756,178842684286993612,,,,1788432594225704,1788432594225704,1788432594227756,,,http_data_plane,,,,,2052
server,peer_replication_pull_request,sent,1788432594467686,178842684286993612,,,,,,,,,connected_peers=19,,,,,
server,peer_replication_merge_delta,completed,1788432594585872,178842684286993612,,55,,1788432594580530,1788432594585849,1788432594585872,,,"delta_len=30,sent_us=1788432594566399",,,,,23
server,client_mutation,completed,1788432594727748,178842684286993612,,,,1788432594725576,1788432594725576,1788432594727748,,,http_data_plane,,,,,2172
server,peer_replication_get_delta,completed,1788432595188368,178842684286993612,178842684426434112,55,,1788432595188157,1788432595188164,1788432595188368,,,"delta_len=82,sent_us=1788432595124474",,,,,204
server,client_mutation,completed,1788432595227886,178842684286993612,,,,1788432595225559,1788432595225559,1788432595227886,,,http_data_plane,,,,,2327
server,peer_replication_pull_request,sent,1788432595467771,178842684286993612,,,,,,,,,connected_peers=19,,,,,
server,peer_replication_get_delta,completed,1788432595498528,178842684286993612,178842683849156813,55,,1788432595498341,1788432595498347,1788432595498528,,,"delta_len=55,sent_us=1788432595456294",,,,,181
server,peer_replication_merge_delta,completed,1788432595513656,178842684286993612,,55,,1788432595505798,1788432595513604,1788432595513656,,,"delta_len=69,sent_us=1788432595486569",,,,,52
server,client_mutation,completed,1788432595729391,178842684286993612,,,,1788432595725789,1788432595725789,1788432595729391,,,http_data_plane,,,,,3602
server,client_mutation,completed,1788432596227759,178842684286993612,,,,1788432596225647,1788432596225647,1788432596227759,,,http_data_plane,,,,,2112
server,peer_replication_pull_request,sent,1788432596467769,178842684286993612,,,,,,,,,connected_peers=19,,,,,
server,peer_replication_merge_delta,completed,1788432596476047,178842684286993612,,55,,1788432596469872,1788432596476014,1788432596476047,,,"delta_len=30,sent_us=1788432596468839",,,,,33
server,peer_replication_get_delta,completed,1788432596500184,178842684286993612,178842684286997609,55,,1788432596499998,1788432596500005,1788432596500184,,,"delta_len=80,sent_us=1788432596498453",,,,,179
server,client_mutation,completed,1788432596727717,178842684286993612,,,,1788432596725603,1788432596725603,1788432596727717,,,http_data_plane,,,,,2114
server,peer_replication_get_delta,completed,1788432596873106,178842684286993612,178842684286996610,55,,1788432596872923,1788432596872933,1788432596873106,,,"delta_len=24,sent_us=1788432596872122",,,,,173
server,client_mutation,completed,1788432597227999,178842684286993612,,,,1788432597225604,1788432597225604,1788432597227999,,,http_data_plane,,,,,2395
server,peer_replication_get_delta,completed,1788432597339688,178842684286993612,178842684286995611,55,,1788432597339394,1788432597339401,1788432597339688,,,"delta_len=20,sent_us=1788432597337512",,,,,287
server,peer_replication_pull_request,sent,1788432597467082,178842684286993612,,,,,,,,,connected_peers=19,,,,,
server,peer_replication_merge_delta,completed,1788432597492467,178842684286993612,,55,,1788432597487041,1788432597492439,1788432597492467,,,"delta_len=29,sent_us=1788432597481428",,,,,28
server,client_mutation,completed,1788432597727677,178842684286993612,,,,1788432597725565,1788432597725565,1788432597727677,,,http_data_plane,,,,,2112
server,peer_replication_get_delta,completed,1788432597873138,178842684286993612,178842684286996610,55,,1788432597872958,1788432597872964,1788432597873138,,,"delta_len=20,sent_us=1788432597872348",,,,,174
server,peer_replication_get_delta,completed,1788432597910755,178842684286993612,178842683956184212,55,,1788432597910539,1788432597910545,1788432597910755,,,"delta_len=30,sent_us=1788432597891212",,,,,210
server,membership_directory_read,completed,1788432598143265,178842684286993612,,,,,1788432598072269,1788432598143265,,,poll:276 descriptors,,,,,70996
server,client_mutation,completed,1788432598228438,178842684286993612,,,,1788432598225889,1788432598225890,1788432598228438,,,http_data_plane,,,,,2548
server,peer_replication_pull_request,sent,1788432598467434,178842684286993612,,,,,,,,,connected_peers=19,,,,,
server,peer_replication_merge_delta,completed,1788432598475643,178842684286993612,,55,,1788432598469012,1788432598475593,1788432598475643,,,"delta_len=57,sent_us=1788432598468368",,,,,50
server,peer_replication_get_delta,completed,1788432598697048,178842684286993612,178842683849155813,55,,1788432598696875,1788432598696882,1788432598697048,,,"delta_len=16,sent_us=1788432598654843",,,,,166
server,client_mutation,completed,1788432598728959,178842684286993612,,,,1788432598726392,1788432598726392,1788432598728959,,,http_data_plane,,,,,2567
server,client_mutation,completed,1788432599227838,178842684286993612,,,,1788432599225573,1788432599225573,1788432599227838,,,http_data_plane,,,,,2265
server,peer_replication_pull_request,sent,1788432599466762,178842684286993612,,,,,,,,,connected_peers=19,,,,,
server,peer_replication_merge_delta,completed,1788432599496024,178842684286993612,,55,,1788432599486858,1788432599495986,1788432599496024,,,"delta_len=41,sent_us=1788432599481211",,,,,38
server,client_mutation,completed,1788432599727854,178842684286993612,,,,1788432599725749,1788432599725750,1788432599727854,,,http_data_plane,,,,,2104
server,client_mutation,completed,1788432600228215,178842684286993612,,,,1788432600225918,1788432600225918,1788432600228215,,,http_data_plane,,,,,2297
server,peer_replication_pull_request,sent,1788432600467924,178842684286993612,,,,,,,,,connected_peers=19,,,,,
server,peer_replication_get_delta,completed,1788432600697252,178842684286993612,178842683849155813,55,,1788432600696712,1788432600696720,1788432600697252,,,"delta_len=18,sent_us=1788432600654391",,,,,532
server,client_mutation,completed,1788432600728133,178842684286993612,,,,1788432600725987,1788432600725987,1788432600728133,,,http_data_plane,,,,,2146
server,peer_replication_merge_delta,completed,1788432601105403,178842684286993612,,55,,1788432601098536,1788432601105357,1788432601105403,,,"delta_len=36,sent_us=1788432601097440",,,,,46
server,client_mutation,completed,1788432601227989,178842684286993612,,,,1788432601225791,1788432601225791,1788432601227989,,,http_data_plane,,,,,2198
server,peer_replication_pull_request,sent,1788432601467283,178842684286993612,,,,,,,,,connected_peers=19,,,,,
server,peer_replication_merge_delta,completed,1788432601497317,178842684286993612,,55,,1788432601487625,1788432601497260,1788432601497317,,,"delta_len=44,sent_us=1788432601481720",,,,,57
server,client_mutation,completed,1788432601728022,178842684286993612,,,,1788432601725699,1788432601725699,1788432601728022,,,http_data_plane,,,,,2323
server,peer_replication_get_delta,completed,1788432601780883,178842684286993612,178842684426433112,55,,1788432601780693,1788432601780702,1788432601780883,,,"delta_len=83,sent_us=1788432601768887",,,,,181
server,client_mutation,completed,1788432602228873,178842684286993612,,,,1788432602225880,1788432602225880,1788432602228873,,,http_data_plane,,,,,2993
server,peer_replication_pull_request,sent,1788432602467330,178842684286993612,,,,,,,,,connected_peers=19,,,,,
server,peer_replication_merge_delta,completed,1788432602475402,178842684286993612,,55,,1788432602469199,1788432602475284,1788432602475402,,,"delta_len=37,sent_us=1788432602468275",,,,,118
server,peer_replication_get_delta,completed,1788432602496103,178842684286993612,178842684426432112,55,,1788432602495908,1788432602495915,1788432602496103,,,"delta_len=48,sent_us=1788432602481641",,,,,188
server,peer_replication_get_delta,completed,1788432602696782,178842684286993612,178842683849155813,55,,1788432602696597,1788432602696603,1788432602696782,,,"delta_len=28,sent_us=1788432602654551",,,,,179
server,client_mutation,completed,1788432602728272,178842684286993612,,,,1788432602726088,1788432602726089,1788432602728272,,,http_data_plane,,,,,2183
server,peer_replication_get_delta,completed,1788432602874009,178842684286993612,178842684286996610,55,,1788432602873717,1788432602873724,1788432602874009,,,"delta_len=1,sent_us=1788432602871840",,,,,285
server,membership_directory_read,completed,1788432603133735,178842684286993612,,,,,1788432603072211,1788432603133735,,,poll:279 descriptors,,,,,61524
server,client_mutation,completed,1788432603230879,178842684286993612,,,,1788432603228433,1788432603228434,1788432603230879,,,http_data_plane,,,,,2445
server,peer_replication_get_delta,completed,1788432604577879,178842684286993612,178842684286996610,55,,1788432604577721,1788432604577725,1788432604577879,,,"delta_len=3,sent_us=1788432603871902",,,,,154
server,peer_replication_pull_request,sent,1788432604578005,178842684286993612,,,,,,,,,connected_peers=16,,,,,
server,peer_replication_pull_request,sent,1788432604578037,178842684286993612,,,,,,,,,connected_peers=16,,,,,
server,client_mutation,completed,1788432603729212,178842684286993612,,,,1788432603726491,1788432603726491,1788432603729212,,,http_data_plane,,,,,2721
server,client_mutation,completed,1788432604228358,178842684286993612,,,,1788432604225878,1788432604225878,1788432604228358,,,http_data_plane,,,,,2480
server,peer_replication_merge_delta,completed,1788432604649507,178842684286993612,,55,,1788432604637688,1788432604649474,1788432604649507,,,"delta_len=55,sent_us=1788432604620750",,,,,33
server,peer_replication_merge_delta,completed,1788432604656173,178842684286993612,,55,,1788432604649568,1788432604656154,1788432604656173,,,"delta_len=15,sent_us=1788432604624871",,,,,19
server,client_mutation,completed,1788432604728824,178842684286993612,,,,1788432604726447,1788432604726447,1788432604728824,,,http_data_plane,,,,,2377
server,client_mutation,completed,1788432605228480,178842684286993612,,,,1788432605226353,1788432605226353,1788432605228480,,,http_data_plane,,,,,2127
server,peer_replication_pull_request,sent,1788432605466910,178842684286993612,,,,,,,,,connected_peers=16,,,,,
server,peer_replication_get_delta,completed,1788432605552134,178842684286993612,178842684286994612,55,,1788432605551952,1788432605551958,1788432605552134,,,"delta_len=15,sent_us=1788432605551346",,,,,176
server,client_mutation,completed,1788432605727783,178842684286993612,,,,1788432605725579,1788432605725579,1788432605727783,,,http_data_plane,,,,,2204
server,client_mutation,completed,1788432606228263,178842684286993612,,,,1788432606225664,1788432606225664,1788432606228263,,,http_data_plane,,,,,2599
server,peer_replication_get_delta,completed,1788432606339428,178842684286993612,178842684286995611,55,,1788432606338376,1788432606338382,1788432606339428,,,"delta_len=12,sent_us=1788432606337379",,,,,1046
server,peer_replication_pull_request,sent,1788432606467245,178842684286993612,,,,,,,,,connected_peers=16,,,,,
server,peer_replication_merge_delta,completed,1788432606514126,178842684286993612,,55,,1788432606492242,1788432606514022,1788432606514126,,,"delta_len=95,sent_us=1788432606480350",,,,,104
server,client_mutation,completed,1788432606727781,178842684286993612,,,,1788432606725596,1788432606725596,1788432606727781,,,http_data_plane,,,,,2185
server,client_mutation,completed,1788432607228074,178842684286993612,,,,1788432607225806,1788432607225806,1788432607228074,,,http_data_plane,,,,,2268
server,peer_replication_pull_request,sent,1788432607467666,178842684286993612,,,,,,,,,connected_peers=16,,,,,
server,peer_replication_merge_delta,completed,1788432607620626,178842684286993612,,55,,1788432607609968,1788432607620538,1788432607620626,,,"delta_len=83,sent_us=1788432607568421",,,,,88
server,client_mutation,completed,1788432607741709,178842684286993612,,,,1788432607725915,1788432607725915,1788432607741709,,,http_data_plane,,,,,15794
server,membership_directory_read,completed,1788432608130492,178842684286993612,,,,,1788432608071968,1788432608130492,,,poll:281 descriptors,,,,,58524
server,client_mutation,completed,1788432608249659,178842684286993612,,,,1788432608229112,1788432608229112,1788432608249659,,,http_data_plane,,,,,20547
server,peer_replication_pull_request,sent,1788432608466779,178842684286993612,,,,,,,,,connected_peers=16,,,,,
server,peer_replication_merge_delta,completed,1788432608479180,178842684286993612,,55,,1788432608468764,1788432608479136,1788432608479180,,,"delta_len=58,sent_us=1788432608467984",,,,,44
server,client_mutation,completed,1788432608726937,178842684286993612,,,,1788432608725671,1788432608725671,1788432608726937,,,http_data_plane,,,,,1266
server,client_mutation,completed,1788432609226811,178842684286993612,,,,1788432609225759,1788432609225759,1788432609226811,,,http_data_plane,,,,,1052
server,peer_replication_pull_request,sent,1788432609468961,178842684286993612,,,,,,,,,connected_peers=16,,,,,
server,peer_replication_merge_delta,completed,1788432609509113,178842684286993612,,55,,1788432609483890,1788432609509088,1788432609509113,,,"delta_len=24,sent_us=1788432609478916",,,,,25
server,peer_replication_get_delta,completed,1788432609579716,178842684286993612,178842684286997609,55,,1788432609579490,1788432609579496,1788432609579716,,,"delta_len=128,sent_us=1788432609578646",,,,,220
server,client_mutation,completed,1788432609726826,178842684286993612,,,,1788432609725739,1788432609725740,1788432609726826,,,http_data_plane,,,,,1086
server,client_mutation,completed,1788432610227265,178842684286993612,,,,1788432610226302,1788432610226302,1788432610227265,,,http_data_plane,,,,,963
server,peer_replication_pull_request,sent,1788432610467429,178842684286993612,,,,,,,,,connected_peers=16,,,,,
server,gc_observed,start,1788432610469307,178842684286993612,,56,,,,,,,,,,,,
server,gc_observed,completed,1788432611132705,178842684286993612,,56,,,,,,,,,,,,
server,peer_replication_merge_delta,completed,1788432611137103,178842684286993612,,56,,1788432610469305,1788432611137088,1788432611137103,,,"delta_len=13,sent_us=1788432610468444",,,,,15
server,client_mutation,completed,1788432611133808,178842684286993612,,,,1788432610728505,1788432610728506,1788432611133808,,,http_data_plane,,,,,405302
server,client_mutation,completed,1788432611226713,178842684286993612,,,,1788432611225761,1788432611225761,1788432611226713,,,http_data_plane,,,,,952
server,peer_replication_pull_request,sent,1788432611467781,178842684286993612,,,,,,,,,connected_peers=16,,,,,
server,client_mutation,completed,1788432611726715,178842684286993612,,,,1788432611725587,1788432611725588,1788432611726715,,,http_data_plane,,,,,1127
server,client_mutation,completed,1788432612227178,178842684286993612,,,,1788432612225716,1788432612225716,1788432612227178,,,http_data_plane,,,,,1462
server,peer_replication_pull_request,sent,1788432612467374,178842684286993612,,,,,,,,,connected_peers=16,,,,,
server,client_mutation,completed,1788432612727008,178842684286993612,,,,1788432612725731,1788432612725731,1788432612727008,,,http_data_plane,,,,,1277
server,membership_directory_read,completed,1788432613137926,178842684286993612,,,,,1788432613072019,1788432613137926,,,poll:281 descriptors,,,,,65907
server,client_mutation,completed,1788432613227297,178842684286993612,,,,1788432613226038,1788432613226038,1788432613227297,,,http_data_plane,,,,,1259
server,peer_replication_get_delta,completed,1788432613337676,178842684286993612,178842684286995611,56,,1788432613337490,1788432613337497,1788432613337676,,,"delta_len=45,sent_us=1788432613336669",,,,,179
server,peer_replication_pull_request,sent,1788432613467074,178842684286993612,,,,,,,,,connected_peers=16,,,,,
server,peer_replication_merge_delta,completed,1788432613475811,178842684286993612,,56,,1788432613469029,1788432613475748,1788432613475811,,,"delta_len=86,sent_us=1788432613468314",,,,,63
server,peer_replication_get_delta,completed,1788432613498620,178842684286993612,178842684286997609,56,,1788432613498457,1788432613498464,1788432613498620,,,"delta_len=29,sent_us=1788432613497792",,,,,156
server,client_mutation,completed,1788432613728349,178842684286993612,,,,1788432613726656,1788432613726656,1788432613728349,,,http_data_plane,,,,,1693
server,client_mutation,completed,1788432614226741,178842684286993612,,,,1788432614225680,1788432614225680,1788432614226741,,,http_data_plane,,,,,1061
server,peer_replication_pull_request,sent,1788432614467696,178842684286993612,,,,,,,,,connected_peers=16,,,,,
server,peer_replication_merge_delta,completed,1788432614477937,178842684286993612,,56,,1788432614469461,1788432614477876,1788432614477937,,,"delta_len=80,sent_us=1788432614468624",,,,,61
server,peer_replication_get_delta,completed,1788432614546265,178842684286993612,178842684114094212,56,,1788432614545985,1788432614545992,1788432614546265,,,"delta_len=84,sent_us=1788432614530387",,,,,273
server,client_mutation,completed,1788432614727700,178842684286993612,,,,1788432614725617,1788432614725617,1788432614727700,,,http_data_plane,,,,,2083
server,peer_replication_get_delta,completed,1788432614872637,178842684286993612,178842684286996610,56,,1788432614872447,1788432614872462,1788432614872637,,,"delta_len=38,sent_us=1788432614871786",,,,,175
server,peer_replication_get_delta,completed,1788432614888813,178842684286993612,178842684114093209,56,,1788432614888645,1788432614888651,1788432614888813,,,"delta_len=32,sent_us=1788432614873611",,,,,162
server,client_mutation,completed,1788432615226853,178842684286993612,,,,1788432615225593,1788432615225593,1788432615226853,,,http_data_plane,,,,,1260
server,peer_replication_pull_request,sent,1788432615466863,178842684286993612,,,,,,,,,connected_peers=16,,,,,
server,peer_replication_merge_delta,completed,1788432615532713,178842684286993612,,56,,1788432615527047,1788432615532667,1788432615532713,,,"delta_len=51,sent_us=1788432615513225",,,,,46
server,client_mutation,completed,1788432615726723,178842684286993612,,,,1788432615725571,1788432615725571,1788432615726723,,,http_data_plane,,,,,1152
server,peer_replication_get_delta,completed,1788432616188439,178842684286993612,178842684426434112,56,,1788432616188257,1788432616188267,1788432616188439,,,"delta_len=7,sent_us=1788432616124450",,,,,172
server,client_mutation,completed,1788432616226593,178842684286993612,,,,1788432616225596,1788432616225596,1788432616226593,,,http_data_plane,,,,,997
server,peer_replication_pull_request,sent,1788432616467981,178842684286993612,,,,,,,,,connected_peers=16,,,,,
server,client_mutation,completed,1788432616726983,178842684286993612,,,,1788432616725942,1788432616725942,1788432616726983,,,http_data_plane,,,,,1041
server,client_mutation,completed,1788432617226873,178842684286993612,,,,1788432617225867,1788432617225867,1788432617226873,,,http_data_plane,,,,,1006
server,peer_replication_pull_request,sent,1788432617467868,178842684286993612,,,,,,,,,connected_peers=16,,,,,
server,peer_replication_merge_delta,completed,1788432617533587,178842684286993612,,56,,1788432617528098,1788432617533545,1788432617533587,,,"delta_len=39,sent_us=1788432617513959",,,,,42
server,client_mutation,completed,1788432617726822,178842684286993612,,,,1788432617725637,1788432617725637,1788432617726822,,,http_data_plane,,,,,1185
server,membership_directory_read,completed,1788432618139932,178842684286993612,,,,,1788432618071845,1788432618139932,,,poll:281 descriptors,,,,,68087
server,client_mutation,completed,1788432618226639,178842684286993612,,,,1788432618225645,1788432618225645,1788432618226639,,,http_data_plane,,,,,994
server,peer_replication_pull_request,sent,1788432618467985,178842684286993612,,,,,,,,,connected_peers=16,,,,,
server,peer_replication_merge_delta,completed,1788432618518280,178842684286993612,,56,,1788432618501164,1788432618518081,1788432618518280,,,"delta_len=227,sent_us=1788432618485181",,,,,199
server,client_mutation,completed,1788432618727106,178842684286993612,,,,1788432618725945,1788432618725945,1788432618727106,,,http_data_plane,,,,,1161
server,client_mutation,completed,1788432619227044,178842684286993612,,,,1788432619225722,1788432619225722,1788432619227044,,,http_data_plane,,,,,1322
server,peer_replication_pull_request,sent,1788432619466930,178842684286993612,,,,,,,,,connected_peers=16,,,,,
server,peer_replication_get_delta,completed,1788432619494620,178842684286993612,178842684426432112,56,,1788432619494431,1788432619494437,1788432619494620,,,"delta_len=102,sent_us=1788432619481599",,,,,183
server,peer_replication_merge_delta,completed,1788432619502930,178842684286993612,,56,,1788432619496793,1788432619502853,1788432619502930,,,"delta_len=52,sent_us=1788432619481547",,,,,77
server,client_mutation,completed,1788432619726728,178842684286993612,,,,1788432619725577,1788432619725577,1788432619726728,,,http_data_plane,,,,,1151
server,client_mutation,completed,1788432620229015,178842684286993612,,,,1788432620227392,1788432620227392,1788432620229015,,,http_data_plane,,,,,1623
server,peer_replication_pull_request,sent,1788432620466942,178842684286993612,,,,,,,,,connected_peers=16,,,,,
server,peer_replication_merge_delta,completed,1788432620496008,178842684286993612,,56,,1788432620492032,1788432620495984,1788432620496008,,,"delta_len=17,sent_us=1788432620480045",,,,,24
server,client_mutation,completed,1788432620726992,178842684286993612,,,,1788432620725579,1788432620725579,1788432620726992,,,http_data_plane,,,,,1413
server,peer_replication_get_delta,completed,1788432620780668,178842684286993612,178842684426433112,56,,1788432620780257,1788432620780264,1788432620780668,,,"delta_len=14,sent_us=1788432620768364",,,,,404
server,peer_replication_get_delta,completed,1788432620874255,178842684286993612,178842684286996610,56,,1788432620874082,1788432620874088,1788432620874255,,,"delta_len=14,sent_us=1788432620872411",,,,,167
server,client_mutation,completed,1788432621227357,178842684286993612,,,,1788432621226266,1788432621226266,1788432621227357,,,http_data_plane,,,,,1091
server,peer_replication_pull_request,sent,1788432621467412,178842684286993612,,,,,,,,,connected_peers=16,,,,,
server,peer_replication_merge_delta,completed,1788432621473331,178842684286993612,,56,,1788432621469215,1788432621473302,1788432621473331,,,"delta_len=30,sent_us=1788432621468370",,,,,29
server,client_mutation,completed,1788432621728644,178842684286993612,,,,1788432621727651,1788432621727651,1788432621728644,,,http_data_plane,,,,,993
server,client_mutation,completed,1788432622226678,178842684286993612,,,,1788432622225604,1788432622225604,1788432622226678,,,http_data_plane,,,,,1074
server,client_mutation,completed,1788432622729534,178842684286993612,,,,1788432622726370,1788432622726371,1788432622729534,,,http_data_plane,,,,,3163
server,membership_directory_read,completed,1788432623137059,178842684286993612,,,,,1788432623072565,1788432623137059,,,poll:281 descriptors,,,,,64494
server,client_mutation,completed,1788432623226909,178842684286993612,,,,1788432623225607,1788432623225607,1788432623226909,,,http_data_plane,,,,,1302
server,peer_replication_get_delta,completed,1788432623338453,178842684286993612,178842684286995611,56,,1788432623338280,1788432623338284,1788432623338453,,,"delta_len=5,sent_us=1788432623337410",,,,,169
server,peer_replication_pull_request,sent,1788432623466852,178842684286993612,,,,,,,,,connected_peers=15,,,,,
server,peer_replication_merge_delta,completed,1788432623481577,178842684286993612,,56,,1788432623469852,1788432623481512,1788432623481577,,,"delta_len=74,sent_us=1788432623468326",,,,,65
server,client_mutation,completed,1788432623726952,178842684286993612,,,,1788432623725765,1788432623725766,1788432623726952,,,http_data_plane,,,,,1186
server,client_mutation,completed,1788432624227429,178842684286993612,,,,1788432624226254,1788432624226255,1788432624227429,,,http_data_plane,,,,,1174
server,peer_replication_pull_request,sent,1788432624467164,178842684286993612,,,,,,,,,connected_peers=15,,,,,
server,peer_replication_merge_delta,completed,1788432624480700,178842684286993612,,56,,1788432624469906,1788432624480622,1788432624480700,,,"delta_len=100,sent_us=1788432624468423",,,,,78
server,client_mutation,completed,1788432624728976,178842684286993612,,,,1788432624727887,1788432624727887,1788432624728976,,,http_data_plane,,,,,1089
server,client_mutation,completed,1788432625226665,178842684286993612,,,,1788432625225617,1788432625225617,1788432625226665,,,http_data_plane,,,,,1048
server,peer_replication_pull_request,sent,1788432625466935,178842684286993612,,,,,,,,,connected_peers=15,,,,,
server,peer_replication_merge_delta,completed,1788432625472471,178842684286993612,,56,,1788432625470022,1788432625472457,1788432625472471,,,"delta_len=8,sent_us=1788432625469045",,,,,14
server,peer_replication_get_delta,completed,1788432625498885,178842684286993612,178842683849156813,56,,1788432625498705,1788432625498710,1788432625498885,,,"delta_len=11,sent_us=1788432625456405",,,,,175
server,peer_replication_get_delta,completed,1788432625697913,178842684286993612,178842683849155813,56,,1788432625697677,1788432625697682,1788432625697913,,,"delta_len=35,sent_us=1788432625654232",,,,,231
server,client_mutation,completed,1788432625727964,178842684286993612,,,,1788432625725824,1788432625725824,1788432625727964,,,http_data_plane,,,,,2140
server,peer_replication_get_delta,completed,1788432626188797,178842684286993612,178842684426434112,56,,1788432626188240,1788432626188247,1788432626188797,,,"delta_len=21,sent_us=1788432626124468",,,,,550
server,client_mutation,completed,1788432626226728,178842684286993612,,,,1788432626225603,1788432626225603,1788432626226728,,,http_data_plane,,,,,1125
server,peer_replication_pull_request,sent,1788432626467788,178842684286993612,,,,,,,,,connected_peers=15,,,,,
server,client_mutation,completed,1788432626727672,178842684286993612,,,,1788432626726320,1788432626726320,1788432626727672,,,http_data_plane,,,,,1352
server,peer_replication_get_delta,completed,1788432627144284,178842684286993612,178842684286994612,56,,1788432627144099,1788432627144105,1788432627144284,,,"delta_len=12,sent_us=1788432627143153",,,,,179
server,client_mutation,completed,1788432627227063,178842684286993612,,,,1788432627225769,1788432627225770,1788432627227063,,,http_data_plane,,,,,1293
server,peer_replication_pull_request,sent,1788432627467307,178842684286993612,,,,,,,,,connected_peers=15,,,,,
server,client_mutation,completed,1788432627726623,178842684286993612,,,,1788432627725627,1788432627725627,1788432627726623,,,http_data_plane,,,,,996
server,peer_replication_get_delta,completed,1788432627827280,178842684286993612,178842684426433112,56,,1788432627827100,1788432627827105,1788432627827280,,,"delta_len=27,sent_us=1788432627768716",,,,,175
server,membership_directory_read,completed,1788432628135035,178842684286993612,,,,,1788432628071959,1788432628135035,,,poll:281 descriptors,,,,,63076
server,client_mutation,completed,1788432628226880,178842684286993612,,,,1788432628225601,1788432628225602,1788432628226880,,,http_data_plane,,,,,1278
server,peer_replication_get_delta,completed,1788432628339453,178842684286993612,178842684286995611,56,,1788432628339284,1788432628339290,1788432628339453,,,"delta_len=10,sent_us=1788432628336980",,,,,163
server,peer_replication_pull_request,sent,1788432628467026,178842684286993612,,,,,,,,,connected_peers=15,,,,,
server,peer_replication_get_delta,completed,1788432628494997,178842684286993612,178842684426432112,56,,1788432628494800,1788432628494808,1788432628494997,,,"delta_len=5,sent_us=1788432628481742",,,,,189
server,client_mutation,completed,1788432628726488,178842684286993612,,,,1788432628725554,1788432628725554,1788432628726488,,,http_data_plane,,,,,934
server,peer_replication_get_delta,completed,1788432628889307,178842684286993612,178842684114093209,56,,1788432628888984,1788432628888991,1788432628889307,,,"delta_len=4,sent_us=1788432628873508",,,,,316
server,client_mutation,completed,1788432629226988,178842684286993612,,,,1788432629225766,1788432629225766,1788432629226988,,,http_data_plane,,,,,1222
server,peer_replication_pull_request,sent,1788432629466873,178842684286993612,,,,,,,,,connected_peers=15,,,,,
server,peer_replication_merge_delta,completed,1788432629567722,178842684286993612,,56,,1788432629554656,1788432629567457,1788432629567722,,,"delta_len=168,sent_us=1788432629512296",,,,,265
server,client_mutation,completed,1788432629726722,178842684286993612,,,,1788432629725586,1788432629725586,1788432629726722,,,http_data_plane,,,,,1136
server,client_mutation,completed,1788432630226796,178842684286993612,,,,1788432630225709,1788432630225710,1788432630226796,,,http_data_plane,,,,,1086
server,peer_replication_pull_request,sent,1788432630467745,178842684286993612,,,,,,,,,connected_peers=15,,,,,
server,peer_replication_merge_delta,completed,1788432630474966,178842684286993612,,56,,1788432630469983,1788432630474940,1788432630474966,,,"delta_len=20,sent_us=1788432630468789",,,,,26
server,peer_replication_get_delta,completed,1788432630494750,178842684286993612,178842684426432112,56,,1788432630494549,1788432630494557,1788432630494750,,,"delta_len=66,sent_us=1788432630481687",,,,,193
server,client_mutation,completed,1788432630726752,178842684286993612,,,,1788432630725615,1788432630725616,1788432630726752,,,http_data_plane,,,,,1136
server,client_mutation,completed,1788432631226923,178842684286993612,,,,1788432631225627,1788432631225627,1788432631226923,,,http_data_plane,,,,,1296
server,peer_replication_pull_request,sent,1788432631466852,178842684286993612,,,,,,,,,connected_peers=15,,,,,
server,peer_replication_merge_delta,completed,1788432631509555,178842684286993612,,56,,1788432631498859,1788432631509470,1788432631509555,,,"delta_len=109,sent_us=1788432631481380",,,,,85
server,client_mutation,completed,1788432631726869,178842684286993612,,,,1788432631725879,1788432631725879,1788432631726869,,,http_data_plane,,,,,990
server,peer_replication_get_delta,completed,1788432631889234,178842684286993612,178842684114093209,56,,1788432631889052,1788432631889059,1788432631889234,,,"delta_len=84,sent_us=1788432631873765",,,,,175
server,client_mutation,completed,1788432632227881,178842684286993612,,,,1788432632226614,1788432632226614,1788432632227881,,,http_data_plane,,,,,1267
server,peer_replication_pull_request,sent,1788432632466875,178842684286993612,,,,,,,,,connected_peers=15,,,,,
server,peer_replication_merge_delta,completed,1788432632490219,178842684286993612,,56,,1788432632484119,1788432632490179,1788432632490219,,,"delta_len=32,sent_us=1788432632479961",,,,,40
server,client_mutation,completed,1788432632727373,178842684286993612,,,,1788432632726012,1788432632726012,1788432632727373,,,http_data_plane,,,,,1361
server,membership_directory_read,completed,1788432633142026,178842684286993612,,,,,1788432633073003,1788432633142026,,,poll:281 descriptors,,,,,69023
server,client_mutation,completed,1788432633226987,178842684286993612,,,,1788432633225730,1788432633225730,1788432633226987,,,http_data_plane,,,,,1257
server,peer_replication_pull_request,sent,1788432633467236,178842684286993612,,,,,,,,,connected_peers=15,,,,,
server,peer_replication_merge_delta,completed,1788432633505551,178842684286993612,,56,,1788432633495737,1788432633505447,1788432633505551,,,"delta_len=125,sent_us=1788432633481343",,,,,104
server,client_mutation,completed,1788432633727614,178842684286993612,,,,1788432633725769,1788432633725769,1788432633727614,,,http_data_plane,,,,,1845
server,client_mutation,completed,1788432634226509,178842684286993612,,,,1788432634225590,1788432634225590,1788432634226509,,,http_data_plane,,,,,919
server,peer_replication_pull_request,sent,1788432634467306,178842684286993612,,,,,,,,,connected_peers=15,,,,,
server,peer_replication_merge_delta,completed,1788432634487245,178842684286993612,,56,,1788432634483968,1788432634487226,1788432634487245,,,"delta_len=14,sent_us=1788432634479138",,,,,19
server,peer_replication_get_delta,completed,1788432634697302,178842684286993612,178842683849155813,56,,1788432634697027,1788432634697033,1788432634697302,,,"delta_len=33,sent_us=1788432634655057",,,,,269
server,client_mutation,completed,1788432634727720,178842684286993612,,,,1788432634725615,1788432634725615,1788432634727720,,,http_data_plane,,,,,2105
server,client_mutation,completed,1788432635226892,178842684286993612,,,,1788432635225625,1788432635225625,1788432635226892,,,http_data_plane,,,,,1267
server,peer_replication_pull_request,sent,1788432635466883,178842684286993612,,,,,,,,,connected_peers=15,,,,,
server,peer_replication_merge_delta,completed,1788432635476728,178842684286993612,,56,,1788432635469286,1788432635476694,1788432635476728,,,"delta_len=47,sent_us=1788432635468097",,,,,34
server,peer_replication_get_delta,completed,1788432635500182,178842684286993612,178842684286997609,56,,1788432635499866,1788432635499872,1788432635500182,,,"delta_len=55,sent_us=1788432635498760",,,,,310
server,client_mutation,completed,1788432635726748,178842684286993612,,,,1788432635725720,1788432635725720,1788432635726748,,,http_data_plane,,,,,1028
server,peer_replication_get_delta,completed,1788432635889942,178842684286993612,178842684114093209,56,,1788432635889695,1788432635889701,1788432635889942,,,"delta_len=58,sent_us=1788432635873607",,,,,241
server,client_mutation,completed,1788432636228350,178842684286993612,,,,1788432636225596,1788432636225596,1788432636228350,,,http_data_plane,,,,,2754
server,peer_replication_pull_request,sent,1788432636467692,178842684286993612,,,,,,,,,connected_peers=15,,,,,
server,peer_replication_merge_delta,completed,1788432636493861,178842684286993612,,56,,1788432636488335,1788432636493821,1788432636493861,,,"delta_len=27,sent_us=1788432636482314",,,,,40
server,client_mutation,completed,1788432636727752,178842684286993612,,,,1788432636725883,1788432636725883,1788432636727752,,,http_data_plane,,,,,1869
server,peer_replication_get_delta,completed,1788432636788549,178842684286993612,178842683849157813,56,,1788432636788271,1788432636788277,1788432636788549,,,"delta_len=39,sent_us=1788432636701315",,,,,272
server,client_mutation,completed,1788432637226788,178842684286993612,,,,1788432637225715,1788432637225716,1788432637226788,,,http_data_plane,,,,,1072
server,peer_replication_get_delta,completed,1788432637338142,178842684286993612,178842684286995611,56,,1788432637337965,1788432637337970,1788432637338142,,,"delta_len=14,sent_us=1788432637337291",,,,,172
server,peer_replication_pull_request,sent,1788432637467716,178842684286993612,,,,,,,,,connected_peers=15,,,,,
server,peer_replication_merge_delta,completed,1788432637492978,178842684286993612,,56,,1788432637488128,1788432637492945,1788432637492978,,,"delta_len=31,sent_us=1788432637484232",,,,,33
server,peer_replication_get_delta,completed,1788432637697044,178842684286993612,178842683849155813,56,,1788432637696814,1788432637696820,1788432637697044,,,"delta_len=36,sent_us=1788432637654681",,,,,224
server,client_mutation,completed,1788432637727412,178842684286993612,,,,1788432637726054,1788432637726054,1788432637727412,,,http_data_plane,,,,,1358
server,membership_directory_read,completed,1788432638135417,178842684286993612,,,,,1788432638072083,1788432638135417,,,poll:281 descriptors,,,,,63334
server,client_mutation,completed,1788432638228628,178842684286993612,,,,1788432638225716,1788432638225716,1788432638228628,,,http_data_plane,,,,,2912
server,peer_replication_pull_request,sent,1788432638467687,178842684286993612,,,,,,,,,connected_peers=15,,,,,
server,peer_replication_merge_delta,completed,1788432638493714,178842684286993612,,56,,1788432638487976,1788432638493668,1788432638493714,,,"delta_len=58,sent_us=1788432638482086",,,,,46
server,peer_replication_get_delta,completed,1788432638498671,178842684286993612,178842684286997609,56,,1788432638498481,1788432638498487,1788432638498671,,,"delta_len=94,sent_us=1788432638497834",,,,,184
server,client_mutation,completed,1788432638727903,178842684286993612,,,,1788432638726511,1788432638726511,1788432638727903,,,http_data_plane,,,,,1392
server,client_mutation,completed,1788432639226600,178842684286993612,,,,1788432639225603,1788432639225603,1788432639226600,,,http_data_plane,,,,,997
server,peer_replication_pull_request,sent,1788432639467754,178842684286993612,,,,,,,,,connected_peers=15,,,,,
server,peer_replication_merge_delta,completed,1788432639507575,178842684286993612,,56,,1788432639498177,1788432639507138,1788432639507575,,,"delta_len=55,sent_us=1788432639482492",,,,,437
server,peer_replication_get_delta,completed,1788432639507829,178842684286993612,178842684286997609,56,,1788432639507667,1788432639507670,1788432639507829,,,"delta_len=33,sent_us=1788432639498146",,,,,159
server,client_mutation,completed,1788432639726807,178842684286993612,,,,1788432639725690,1788432639725690,1788432639726807,,,http_data_plane,,,,,1117
server,peer_replication_get_delta,completed,1788432639788042,178842684286993612,178842683849157813,56,,1788432639787868,1788432639787874,1788432639788042,,,"delta_len=26,sent_us=1788432639701054",,,,,168
server,client_mutation,completed,1788432640227093,178842684286993612,,,,1788432640225978,1788432640225978,1788432640227093,,,http_data_plane,,,,,1115
server,peer_replication_pull_request,sent,1788432640466920,178842684286993612,,,,,,,,,connected_peers=15,,,,,
server,peer_replication_merge_delta,completed,1788432640486634,178842684286993612,,56,,1788432640483788,1788432640486621,1788432640486634,,,"delta_len=10,sent_us=1788432640479940",,,,,13
server,client_mutation,completed,1788432640726570,178842684286993612,,,,1788432640725566,1788432640725566,1788432640726570,,,http_data_plane,,,,,1004
server,client_mutation,completed,1788432641226787,178842684286993612,,,,1788432641225596,1788432641225596,1788432641226787,,,http_data_plane,,,,,1191
server,peer_replication_pull_request,sent,1788432641467030,178842684286993612,,,,,,,,,connected_peers=15,,,,,
server,peer_replication_merge_delta,completed,1788432641488466,178842684286993612,,56,,1788432641484435,1788432641488449,1788432641488466,,,"delta_len=14,sent_us=1788432641480137",,,,,17
server,client_mutation,completed,1788432641726696,178842684286993612,,,,1788432641725628,1788432641725628,1788432641726696,,,http_data_plane,,,,,1068
server,client_mutation,completed,1788432642230234,178842684286993612,,,,1788432642228675,1788432642228676,1788432642230234,,,http_data_plane,,,,,1558
server,peer_replication_pull_request,sent,1788432642467379,178842684286993612,,,,,,,,,connected_peers=15,,,,,
server,peer_replication_merge_delta,completed,1788432642505682,178842684286993612,,56,,1788432642497315,1788432642505618,1788432642505682,,,"delta_len=74,sent_us=1788432642481911",,,,,64
server,peer_replication_get_delta,completed,1788432642540045,178842684286993612,178842684286997609,56,,1788432642539870,1788432642539877,1788432642540045,,,"delta_len=47,sent_us=1788432642497883",,,,,168
server,client_mutation,completed,1788432642726764,178842684286993612,,,,1788432642725565,1788432642725565,1788432642726764,,,http_data_plane,,,,,1199
server,membership_directory_read,completed,1788432643129959,178842684286993612,,,,,1788432643072210,1788432643129959,,,poll:281 descriptors,,,,,57749
server,client_mutation,completed,1788432643227409,178842684286993612,,,,1788432643226252,1788432643226252,1788432643227409,,,http_data_plane,,,,,1157
server,peer_replication_pull_request,sent,1788432643467581,178842684286993612,,,,,,,,,connected_peers=15,,,,,
server,peer_replication_merge_delta,completed,1788432643532520,178842684286993612,,56,,1788432643526870,1788432643532477,1788432643532520,,,"delta_len=30,sent_us=1788432643513365",,,,,43
server,client_mutation,completed,1788432643728066,178842684286993612,,,,1788432643725797,1788432643725798,1788432643728066,,,http_data_plane,,,,,2268
server,peer_replication_get_delta,completed,1788432643780216,178842684286993612,178842684426433112,56,,1788432643780026,1788432643780032,1788432643780216,,,"delta_len=71,sent_us=1788432643768101",,,,,184
server,client_mutation,completed,1788432644226975,178842684286993612,,,,1788432644225643,1788432644225643,1788432644226975,,,http_data_plane,,,,,1332
server,peer_replication_get_delta,completed,1788432644337826,178842684286993612,178842684286995611,56,,1788432644337626,1788432644337632,1788432644337826,,,"delta_len=35,sent_us=1788432644336934",,,,,194
server,client_mutation,completed,1788432644726650,178842684286993612,,,,1788432644725561,1788432644725561,1788432644726650,,,http_data_plane,,,,,1089
server,peer_replication_get_delta,completed,1788432644827276,178842684286993612,178842684426433112,56,,1788432644827052,1788432644827059,1788432644827276,,,"delta_len=2,sent_us=1788432644768179",,,,,217
server,client_mutation,completed,1788432645228766,178842684286993612,,,,1788432645226907,1788432645226907,1788432645228766,,,http_data_plane,,,,,1859
server,peer_replication_get_delta,completed,1788432645340107,178842684286993612,178842684286995611,56,,1788432645339797,1788432645339803,1788432645340107,,,"delta_len=2,sent_us=1788432645337256",,,,,304
server,peer_replication_pull_request,sent,1788432645467655,178842684286993612,,,,,,,,,connected_peers=14,,,,,
server,peer_replication_get_delta,completed,1788432645497721,178842684286993612,178842683849156813,56,,1788432645497538,1788432645497544,1788432645497721,,,"delta_len=34,sent_us=1788432645456697",,,,,177
server,peer_replication_merge_delta,completed,1788432645504501,178842684286993612,,56,,1788432645497940,1788432645504449,1788432645504501,,,"delta_len=58,sent_us=1788432645482231",,,,,52
server,client_mutation,completed,1788432645726778,178842684286993612,,,,1788432645725553,1788432645725553,1788432645726778,,,http_data_plane,,,,,1225
server,peer_replication_get_delta,completed,1788432646137628,178842684286993612,178842684426434112,56,,1788432646137432,1788432646137439,1788432646137628,,,"delta_len=73,sent_us=1788432646123588",,,,,189
server,client_mutation,completed,1788432646226697,178842684286993612,,,,1788432646225680,1788432646225680,1788432646226697,,,http_data_plane,,,,,1017
server,peer_replication_pull_request,sent,1788432646467750,178842684286993612,,,,,,,,,connected_peers=14,,,,,
server,peer_replication_merge_delta,completed,1788432646501915,178842684286993612,,56,,1788432646492534,1788432646501784,1788432646501915,,,"delta_len=125,sent_us=1788432646479555",,,,,131
server,client_mutation,completed,1788432646726619,178842684286993612,,,,1788432646725568,1788432646725568,1788432646726619,,,http_data_plane,,,,,1051
server,client_mutation,completed,1788432647226629,178842684286993612,,,,1788432647225589,1788432647225589,1788432647226629,,,http_data_plane,,,,,1040
server,peer_replication_pull_request,sent,1788432647467493,178842684286993612,,,,,,,,,connected_peers=14,,,,,
server,peer_replication_merge_delta,completed,1788432647564062,178842684286993612,,56,,1788432647555884,1788432647563985,1788432647564062,,,"delta_len=95,sent_us=1788432647513327",,,,,77
server,client_mutation,completed,1788432647726567,178842684286993612,,,,1788432647725591,1788432647725591,1788432647726567,,,http_data_plane,,,,,976
server,membership_directory_read,completed,1788432648131496,178842684286993612,,,,,1788432648071829,1788432648131496,,,poll:281 descriptors,,,,,59667
server,peer_replication_get_delta,completed,1788432648142982,178842684286993612,178842684286994612,56,,1788432648142800,1788432648142807,1788432648142982,,,"delta_len=72,sent_us=1788432648142228",,,,,175
server,client_mutation,completed,1788432648226788,178842684286993612,,,,1788432648225859,1788432648225859,1788432648226788,,,http_data_plane,,,,,929
server,peer_replication_pull_request,sent,1788432648467198,178842684286993612,,,,,,,,,connected_peers=14,,,,,
server,peer_replication_merge_delta,completed,1788432648474941,178842684286993612,,56,,1788432648470011,1788432648474891,1788432648474941,,,"delta_len=34,sent_us=1788432648469038",,,,,50
server,client_mutation,completed,1788432648726650,178842684286993612,,,,1788432648725637,1788432648725637,1788432648726650,,,http_data_plane,,,,,1013
server,client_mutation,completed,1788432649227489,178842684286993612,,,,1788432649226314,1788432649226314,1788432649227489,,,http_data_plane,,,,,1175
server,peer_replication_pull_request,sent,1788432649467677,178842684286993612,,,,,,,,,connected_peers=14,,,,,
server,peer_replication_merge_delta,completed,1788432649496810,178842684286993612,,56,,1788432649492536,1788432649496757,1788432649496810,,,"delta_len=32,sent_us=1788432649479628",,,,,53
server,client_mutation,completed,1788432649726988,178842684286993612,,,,1788432649725645,1788432649725646,1788432649726988,,,http_data_plane,,,,,1342
server,client_mutation,completed,1788432650227309,178842684286993612,,,,1788432650226032,1788432650226032,1788432650227309,,,http_data_plane,,,,,1277
server,peer_replication_pull_request,sent,1788432650467252,178842684286993612,,,,,,,,,connected_peers=14,,,,,
server,client_mutation,completed,1788432650726661,178842684286993612,,,,1788432650725619,1788432650725619,1788432650726661,,,http_data_plane,,,,,1042
server,client_mutation,completed,1788432651227053,178842684286993612,,,,1788432651225622,1788432651225622,1788432651227053,,,http_data_plane,,,,,1431
server,peer_replication_pull_request,sent,1788432651467004,178842684286993612,,,,,,,,,connected_peers=14,,,,,
server,peer_replication_merge_delta,completed,1788432651477321,178842684286993612,,56,,1788432651468774,1788432651477259,1788432651477321,,,"delta_len=98,sent_us=1788432651467915",,,,,62
server,client_mutation,completed,1788432651726786,178842684286993612,,,,1788432651725595,1788432651725595,1788432651726786,,,http_data_plane,,,,,1191
server,client_mutation,completed,1788432652226996,178842684286993612,,,,1788432652225704,1788432652225704,1788432652226996,,,http_data_plane,,,,,1292
server,peer_replication_pull_request,sent,1788432652467460,178842684286993612,,,,,,,,,connected_peers=14,,,,,
server,peer_replication_merge_delta,completed,1788432652477849,178842684286993612,,56,,1788432652469472,1788432652477766,1788432652477849,,,"delta_len=91,sent_us=1788432652468464",,,,,83
server,client_mutation,completed,1788432652727421,178842684286993612,,,,1788432652725772,1788432652725773,1788432652727421,,,http_data_plane,,,,,1648
server,peer_replication_get_delta,completed,1788432652800120,178842684286993612,178842683849157813,56,,1788432652799938,1788432652799944,1788432652800120,,,"delta_len=49,sent_us=1788432652702272",,,,,176
server,membership_directory_read,completed,1788432653143887,178842684286993612,,,,,1788432653072837,1788432653143887,,,poll:281 descriptors,,,,,71050
server,client_mutation,completed,1788432653226719,178842684286993612,,,,1788432653225579,1788432653225579,1788432653226719,,,http_data_plane,,,,,1140
server,peer_replication_pull_request,sent,1788432653467739,178842684286993612,,,,,,,,,connected_peers=14,,,,,
server,peer_replication_merge_delta,completed,1788432653504889,178842684286993612,,56,,1788432653498075,1788432653504724,1788432653504889,,,"delta_len=68,sent_us=1788432653482312",,,,,165
server,client_mutation,completed,1788432653727033,178842684286993612,,,,1788432653725704,1788432653725704,1788432653727033,,,http_data_plane,,,,,1329
server,peer_replication_get_delta,completed,1788432653827608,178842684286993612,178842684426433112,56,,1788432653827040,1788432653827046,1788432653827608,,,"delta_len=81,sent_us=1788432653768315",,,,,562
server,peer_replication_get_delta,completed,1788432654142978,178842684286993612,178842684286994612,56,,1788432654142792,1788432654142799,1788432654142978,,,"delta_len=72,sent_us=1788432654142185",,,,,179
server,client_mutation,completed,1788432654226874,178842684286993612,,,,1788432654225657,1788432654225657,1788432654226874,,,http_data_plane,,,,,1217
server,peer_replication_pull_request,sent,1788432654466993,178842684286993612,,,,,,,,,connected_peers=14,,,,,
server,peer_replication_merge_delta,completed,1788432654490337,178842684286993612,,56,,1788432654486023,1788432654490311,1788432654490337,,,"delta_len=23,sent_us=1788432654481059",,,,,26
server,peer_replication_get_delta,completed,1788432654697252,178842684286993612,178842683849155813,56,,1788432654697061,1788432654697070,1788432654697252,,,"delta_len=69,sent_us=1788432654655080",,,,,182
server,client_mutation,completed,1788432654726945,178842684286993612,,,,1788432654725609,1788432654725609,1788432654726945,,,http_data_plane,,,,,1336
server,client_mutation,completed,1788432655226794,178842684286993612,,,,1788432655225673,1788432655225673,1788432655226794,,,http_data_plane,,,,,1121
server,peer_replication_pull_request,sent,1788432655468266,178842684286993612,,,,,,,,,connected_peers=14,,,,,
server,peer_replication_merge_delta,completed,1788432655583886,178842684286993612,,56,,1788432655576181,1788432655583842,1788432655583886,,,"delta_len=44,sent_us=1788432655561087",,,,,44
server,client_mutation,completed,1788432655727090,178842684286993612,,,,1788432655725701,1788432655725701,1788432655727090,,,http_data_plane,,,,,1389
server,client_mutation,completed,1788432656227721,178842684286993612,,,,1788432656226332,1788432656226332,1788432656227721,,,http_data_plane,,,,,1389
server,peer_replication_pull_request,sent,1788432656467300,178842684286993612,,,,,,,,,connected_peers=14,,,,,
server,client_mutation,completed,1788432656727385,178842684286993612,,,,1788432656725680,1788432656725680,1788432656727385,,,http_data_plane,,,,,1705
server,client_mutation,completed,1788432657226671,178842684286993612,,,,1788432657225594,1788432657225594,1788432657226671,,,http_data_plane,,,,,1077
server,peer_replication_pull_request,sent,1788432657466904,178842684286993612,,,,,,,,,connected_peers=14,,,,,
server,peer_replication_merge_delta,completed,1788432657475480,178842684286993612,,56,,1788432657468369,1788432657475420,1788432657475480,,,"delta_len=69,sent_us=1788432657467729",,,,,60
server,client_mutation,completed,1788432657727116,178842684286993612,,,,1788432657725619,1788432657725619,1788432657727116,,,http_data_plane,,,,,1497
server,membership_directory_read,completed,1788432658135382,178842684286993612,,,,,1788432658072176,1788432658135382,,,poll:281 descriptors,,,,,63206
server,client_mutation,completed,1788432658227250,178842684286993612,,,,1788432658225857,1788432658225857,1788432658227250,,,http_data_plane,,,,,1393
server,peer_replication_pull_request,sent,1788432658467216,178842684286993612,,,,,,,,,connected_peers=14,,,,,
server,peer_replication_merge_delta,completed,1788432658578390,178842684286993612,,56,,1788432658573455,1788432658578343,1788432658578390,,,"delta_len=48,sent_us=1788432658558721",,,,,47
server,client_mutation,completed,1788432658727454,178842684286993612,,,,1788432658725780,1788432658725780,1788432658727454,,,http_data_plane,,,,,1674
server,client_mutation,completed,1788432659226918,178842684286993612,,,,1788432659225577,1788432659225577,1788432659226918,,,http_data_plane,,,,,1341
server,peer_replication_get_delta,completed,1788432659338327,178842684286993612,178842684286995611,56,,1788432659338148,1788432659338157,1788432659338327,,,"delta_len=12,sent_us=1788432659337052",,,,,170
server,peer_replication_pull_request,sent,1788432659467772,178842684286993612,,,,,,,,,connected_peers=14,,,,,
server,peer_replication_merge_delta,completed,1788432659473233,178842684286993612,,56,,1788432659469513,1788432659473218,1788432659473233,,,"delta_len=10,sent_us=1788432659468736",,,,,15
server,peer_replication_get_delta,completed,1788432659549936,178842684286993612,178842684114094212,56,,1788432659549759,1788432659549765,1788432659549936,,,"delta_len=30,sent_us=1788432659530205",,,,,171
server,client_mutation,completed,1788432659727763,178842684286993612,,,,1788432659725970,1788432659725971,1788432659727763,,,http_data_plane,,,,,1792
server,client_mutation,completed,1788432660232732,178842684286993612,,,,1788432660228937,1788432660228937,1788432660232732,,,http_data_plane,,,,,3795
server,peer_replication_pull_request,sent,1788432660467074,178842684286993612,,,,,,,,,connected_peers=14,,,,,
server,peer_replication_merge_delta,completed,1788432660511142,178842684286993612,,56,,1788432660495255,1788432660511039,1788432660511142,,,"delta_len=139,sent_us=1788432660481168",,,,,103
server,peer_replication_connection,established,1788432660517283,178842684286993612,178842683956183213,,,,,,,,,,,,,
server,client_mutation,completed,1788432660727711,178842684286993612,,,,1788432660725673,1788432660725673,1788432660727711,,,http_data_plane,,,,,2038
server,client_mutation,completed,1788432661227879,178842684286993612,,,,1788432661225601,1788432661225601,1788432661227879,,,http_data_plane,,,,,2278
server,peer_replication_pull_request,sent,1788432661466900,178842684286993612,,,,,,,,,connected_peers=15,,,,,
server,peer_replication_merge_delta,completed,1788432661472984,178842684286993612,,56,,1788432661468670,1788432661472961,1788432661472984,,,"delta_len=17,sent_us=1788432661467912",,,,,23
server,peer_replication_get_delta,completed,1788432661545261,178842684286993612,178842684114094212,56,,1788432661545038,1788432661545045,1788432661545261,,,"delta_len=11,sent_us=1788432661529458",,,,,216
server,client_mutation,completed,1788432661728068,178842684286993612,,,,1788432661725922,1788432661725922,1788432661728068,,,http_data_plane,,,,,2146
server,peer_replication_get_delta,completed,1788432662138606,178842684286993612,178842684426434112,56,,1788432662138428,1788432662138435,1788432662138606,,,"delta_len=16,sent_us=1788432662124524",,,,,171
server,client_mutation,completed,1788432662228064,178842684286993612,,,,1788432662225920,1788432662225920,1788432662228064,,,http_data_plane,,,,,2144
server,peer_replication_pull_request,sent,1788432662467878,178842684286993612,,,,,,,,,connected_peers=15,,,,,
server,peer_replication_merge_delta,completed,1788432662493107,178842684286993612,,56,,1788432662488342,1788432662493084,1788432662493107,,,"delta_len=26,sent_us=1788432662482362",,,,,23
server,peer_replication_get_delta,completed,1788432662698693,178842684286993612,178842683849155813,56,,1788432662698485,1788432662698491,1788432662698693,,,"delta_len=41,sent_us=1788432662656516",,,,,202
server,client_mutation,completed,1788432662727776,178842684286993612,,,,1788432662725599,1788432662725599,1788432662727776,,,http_data_plane,,,,,2177
server,peer_replication_connection,established,1788432662784555,178842684286993612,178842683956184213,,,,,,,,,,,,,
server,membership_directory_read,completed,1788432663136928,178842684286993612,,,,,1788432663071866,1788432663136928,,,poll:286 descriptors,,,,,65062
server,client_mutation,completed,1788432663228369,178842684286993612,,,,1788432663225761,1788432663225761,1788432663228369,,,http_data_plane,,,,,2608
server,peer_replication_get_delta,completed,1788432663337612,178842684286993612,178842684286995611,56,,1788432663337358,1788432663337363,1788432663337612,,,"delta_len=26,sent_us=1788432663336701",,,,,249
server,peer_replication_pull_request,sent,1788432663467007,178842684286993612,,,,,,,,,connected_peers=16,,,,,
server,peer_replication_merge_delta,completed,1788432663476758,178842684286993612,,56,,1788432663469327,1788432663476714,1788432663476758,,,"delta_len=59,sent_us=1788432663468374",,,,,44
server,peer_replication_get_delta,completed,1788432663499620,178842684286993612,178842684286997609,56,,1788432663499280,1788432663499286,1788432663499620,,,"delta_len=54,sent_us=1788432663498470",,,,,334
server,client_mutation,completed,1788432663727873,178842684286993612,,,,1788432663725607,1788432663725607,1788432663727873,,,http_data_plane,,,,,2266
server,client_mutation,completed,1788432664227725,178842684286993612,,,,1788432664225592,1788432664225592,1788432664227725,,,http_data_plane,,,,,2133
server,peer_replication_pull_request,sent,1788432664466777,178842684286993612,,,,,,,,,connected_peers=16,,,,,
server,peer_replication_merge_delta,completed,1788432664511493,178842684286993612,,56,,1788432664503755,1788432664511431,1788432664511493,,,"delta_len=69,sent_us=1788432664486356",,,,,62
server,client_mutation,completed,1788432664727782,178842684286993612,,,,1788432664725570,1788432664725570,1788432664727782,,,http_data_plane,,,,,2212
server,peer_replication_connection,established,1788432665201827,178842684286993612,178842683956185213,,,,,,,,,,,,,
server,client_mutation,completed,1788432665227875,178842684286993612,,,,1788432665225606,1788432665225606,1788432665227875,,,http_data_plane,,,,,2269
server,peer_replication_pull_request,sent,1788432665467731,178842684286993612,,,,,,,,,connected_peers=17,,,,,
server,peer_replication_merge_delta,completed,1788432665490823,178842684286993612,,56,,1788432665484596,1788432665490767,1788432665490823,,,"delta_len=37,sent_us=1788432665479454",,,,,56
server,peer_replication_get_delta,completed,1788432665492364,178842684286993612,178842684426432112,56,,1788432665492177,1788432665492192,1788432665492364,,,"delta_len=33,sent_us=1788432665481638",,,,,172
server,client_mutation,completed,1788432665728352,178842684286993612,,,,1788432665725859,1788432665725859,1788432665728352,,,http_data_plane,,,,,2493
server,client_mutation,completed,1788432666227462,178842684286993612,,,,1788432666225580,1788432666225580,1788432666227462,,,http_data_plane,,,,,1882
server,peer_replication_pull_request,sent,1788432666467472,178842684286993612,,,,,,,,,connected_peers=17,,,,,
server,peer_replication_merge_delta,completed,1788432666475769,178842684286993612,,56,,1788432666469247,1788432666475709,1788432666475769,,,"delta_len=48,sent_us=1788432666468416",,,,,60
server,client_mutation,completed,1788432666727647,178842684286993612,,,,1788432666725552,1788432666725552,1788432666727647,,,http_data_plane,,,,,2095
server,client_mutation,completed,1788432667228216,178842684286993612,,,,1788432667226027,1788432667226028,1788432667228216,,,http_data_plane,,,,,2188
server,peer_replication_pull_request,sent,1788432667467086,178842684286993612,,,,,,,,,connected_peers=17,,,,,
server,peer_replication_get_delta,completed,1788432667498736,178842684286993612,178842684286997609,56,,1788432667498562,1788432667498567,1788432667498736,,,"delta_len=29,sent_us=1788432667497927",,,,,169
server,peer_replication_merge_delta,completed,1788432667579680,178842684286993612,,56,,1788432667574004,1788432667579632,1788432667579680,,,"delta_len=42,sent_us=1788432667560555",,,,,48
server,client_mutation,completed,1788432667727694,178842684286993612,,,,1788432667725603,1788432667725603,1788432667727694,,,http_data_plane,,,,,2091
server,membership_directory_read,completed,1788432668132846,178842684286993612,,,,,1788432668072691,1788432668132846,,,poll:287 descriptors,,,,,60155
server,client_mutation,completed,1788432668227799,178842684286993612,,,,1788432668225598,1788432668225598,1788432668227799,,,http_data_plane,,,,,2201
server,peer_replication_pull_request,sent,1788432668467795,178842684286993612,,,,,,,,,connected_peers=17,,,,,
server,peer_replication_merge_delta,completed,1788432668495656,178842684286993612,,56,,1788432668491677,1788432668495639,1788432668495656,,,"delta_len=11,sent_us=1788432668485494",,,,,17
server,client_mutation,completed,1788432668728006,178842684286993612,,,,1788432668725783,1788432668725783,1788432668728006,,,http_data_plane,,,,,2223
server,peer_replication_get_delta,completed,1788432668784737,178842684286993612,178842683956184213,56,,1788432668784545,1788432668784550,1788432668784737,,,"delta_len=62,sent_us=1788432668767522",,,,,187
server,peer_replication_get_delta,completed,1788432668872601,178842684286993612,178842684286996610,56,,1788432668872406,1788432668872410,1788432668872601,,,"delta_len=34,sent_us=1788432668871745",,,,,191
server,client_mutation,completed,1788432669227776,178842684286993612,,,,1788432669225616,1788432669225616,1788432669227776,,,http_data_plane,,,,,2160
server,peer_replication_pull_request,sent,1788432669467690,178842684286993612,,,,,,,,,connected_peers=17,,,,,
server,peer_replication_merge_delta,completed,1788432669505827,178842684286993612,,56,,1788432669497881,1788432669505754,1788432669505827,,,"delta_len=63,sent_us=1788432669482231",,,,,73
server,client_mutation,completed,1788432669727930,178842684286993612,,,,1788432669725654,1788432669725654,1788432669727930,,,http_data_plane,,,,,2276
server,client_mutation,completed,1788432670227755,178842684286993612,,,,1788432670225603,1788432670225603,1788432670227755,,,http_data_plane,,,,,2152
server,peer_replication_pull_request,sent,1788432670467787,178842684286993612,,,,,,,,,connected_peers=17,,,,,
server,peer_replication_merge_delta,completed,1788432670475672,178842684286993612,,56,,1788432670469708,1788432670475643,1788432670475672,,,"delta_len=36,sent_us=1788432670468972",,,,,29
server,client_mutation,completed,1788432670728345,178842684286993612,,,,1788432670726043,1788432670726043,1788432670728345,,,http_data_plane,,,,,2302
server,client_mutation,completed,1788432671227713,178842684286993612,,,,1788432671225569,1788432671225569,1788432671227713,,,http_data_plane,,,,,2144
server,peer_replication_pull_request,sent,1788432671467772,178842684286993612,,,,,,,,,connected_peers=17,,,,,
server,peer_replication_merge_delta,completed,1788432671494546,178842684286993612,,56,,1788432671488304,1788432671494478,1788432671494546,,,"delta_len=38,sent_us=1788432671482383",,,,,68
server,client_mutation,completed,1788432671727913,178842684286993612,,,,1788432671725652,1788432671725652,1788432671727913,,,http_data_plane,,,,,2261
server,client_mutation,completed,1788432672228180,178842684286993612,,,,1788432672225962,1788432672225962,1788432672228180,,,http_data_plane,,,,,2218
server,peer_replication_pull_request,sent,1788432672467529,178842684286993612,,,,,,,,,connected_peers=17,,,,,
server,peer_replication_merge_delta,completed,1788432672547277,178842684286993612,,56,,1788432672540190,1788432672547236,1788432672547277,,,"delta_len=50,sent_us=1788432672534152",,,,,41
server,peer_replication_get_delta,completed,1788432672547678,178842684286993612,178842684114094212,56,,1788432672547335,1788432672547338,1788432672547678,,,"delta_len=39,sent_us=1788432672530357",,,,,340
server,client_mutation,completed,1788432672727966,178842684286993612,,,,1788432672725700,1788432672725700,1788432672727966,,,http_data_plane,,,,,2266
server,peer_replication_get_delta,completed,1788432672827240,178842684286993612,178842684426433112,56,,1788432672827060,1788432672827067,1788432672827240,,,"delta_len=29,sent_us=1788432672768322",,,,,173
server,peer_replication_get_delta,completed,1788432672830706,178842684286993612,178842683956184213,56,,1788432672830422,1788432672830428,1788432672830706,,,"delta_len=59,sent_us=1788432672767522",,,,,278
server,peer_replication_get_delta,completed,1788432672872856,178842684286993612,178842684286996610,56,,1788432672872662,1788432672872668,1788432672872856,,,"delta_len=45,sent_us=1788432672872010",,,,,188
server,membership_directory_read,completed,1788432673137326,178842684286993612,,,,,1788432673072246,1788432673137326,,,poll:287 descriptors,,,,,65080
server,client_mutation,completed,1788432673227811,178842684286993612,,,,1788432673225602,1788432673225602,1788432673227811,,,http_data_plane,,,,,2209
server,client_mutation,completed,1788432673727907,178842684286993612,,,,1788432673725630,1788432673725631,1788432673727907,,,http_data_plane,,,,,2276
server,peer_replication_get_delta,completed,1788432673888586,178842684286993612,178842684114093209,56,,1788432673888402,1788432673888408,1788432673888586,,,"delta_len=23,sent_us=1788432673873381",,,,,178
server,client_mutation,completed,1788432674227901,178842684286993612,,,,1788432674225676,1788432674225676,1788432674227901,,,http_data_plane,,,,,2225
server,peer_replication_pull_request,sent,1788432674466967,178842684286993612,,,,,,,,,connected_peers=16,,,,,
server,peer_replication_merge_delta,completed,1788432674478713,178842684286993612,,56,,1788432674468610,1788432674478608,1788432674478713,,,"delta_len=108,sent_us=1788432674467810",,,,,105
server,peer_replication_get_delta,completed,1788432674697107,178842684286993612,178842683849155813,56,,1788432674696926,1788432674696932,1788432674697107,,,"delta_len=38,sent_us=1788432674654962",,,,,175
server,client_mutation,completed,1788432674727846,178842684286993612,,,,1788432674725676,1788432674725676,1788432674727846,,,http_data_plane,,,,,2170
server,client_mutation,completed,1788432675227646,178842684286993612,,,,1788432675225586,1788432675225586,1788432675227646,,,http_data_plane,,,,,2060
server,peer_replication_pull_request,sent,1788432675467741,178842684286993612,,,,,,,,,connected_peers=16,,,,,
server,peer_replication_merge_delta,completed,1788432675560729,178842684286993612,,56,,1788432675551471,1788432675560617,1788432675560729,,,"delta_len=104,sent_us=1788432675534027",,,,,112
server,client_mutation,completed,1788432675727802,178842684286993612,,,,1788432675725629,1788432675725629,1788432675727802,,,http_data_plane,,,,,2173
server,client_mutation,completed,1788432676229647,178842684286993612,,,,1788432676226881,1788432676226881,1788432676229647,,,http_data_plane,,,,,2766
server,peer_replication_get_delta,completed,1788432676338069,178842684286993612,178842684286995611,56,,1788432676337881,1788432676337888,1788432676338069,,,"delta_len=57,sent_us=1788432676337013",,,,,181
server,peer_replication_pull_request,sent,1788432676467610,178842684286993612,,,,,,,,,connected_peers=16,,,,,
server,peer_replication_merge_delta,completed,1788432676496082,178842684286993612,,56,,1788432676492298,1788432676496069,1788432676496082,,,"delta_len=9,sent_us=1788432676479482",,,,,13
server,client_mutation,completed,1788432676727850,178842684286993612,,,,1788432676725616,1788432676725616,1788432676727850,,,http_data_plane,,,,,2234
server,client_mutation,completed,1788432677227737,178842684286993612,,,,1788432677225565,1788432677225565,1788432677227737,,,http_data_plane,,,,,2172
server,peer_replication_pull_request,sent,1788432677467281,178842684286993612,,,,,,,,,connected_peers=16,,,,,
server,peer_replication_merge_delta,completed,1788432677475922,178842684286993612,,56,,1788432677468935,1788432677475847,1788432677475922,,,"delta_len=61,sent_us=1788432677468290",,,,,75
server,client_mutation,completed,1788432677727743,178842684286993612,,,,1788432677725640,1788432677725640,1788432677727743,,,http_data_plane,,,,,2103
server,membership_directory_read,completed,1788432678132477,178842684286993612,,,,,1788432678072018,1788432678132477,,,poll:287 descriptors,,,,,60459
server,client_mutation,completed,1788432678227991,178842684286993612,,,,1788432678225801,1788432678225801,1788432678227991,,,http_data_plane,,,,,2190
server,peer_replication_pull_request,sent,1788432678466914,178842684286993612,,,,,,,,,connected_peers=16,,,,,
server,peer_replication_merge_delta,completed,1788432678473517,178842684286993612,,56,,1788432678468563,1788432678473488,1788432678473517,,,"delta_len=28,sent_us=1788432678467889",,,,,29
server,client_mutation,completed,1788432678727841,178842684286993612,,,,1788432678725631,1788432678725631,1788432678727841,,,http_data_plane,,,,,2210
server,client_mutation,completed,1788432679227943,178842684286993612,,,,1788432679225857,1788432679225857,1788432679227943,,,http_data_plane,,,,,2086
server,peer_replication_pull_request,sent,1788432679466831,178842684286993612,,,,,,,,,connected_peers=16,,,,,
server,peer_replication_merge_delta,completed,1788432679492853,178842684286993612,,56,,1788432679487332,1788432679492825,1788432679492853,,,"delta_len=28,sent_us=1788432679481504",,,,,28
server,client_mutation,completed,1788432679728139,178842684286993612,,,,1788432679725629,1788432679725629,1788432679728139,,,http_data_plane,,,,,2510
server,peer_replication_get_delta,completed,1788432679830552,178842684286993612,178842683956184213,56,,1788432679830376,1788432679830384,1788432679830552,,,"delta_len=11,sent_us=1788432679767458",,,,,168
server,peer_replication_get_delta,completed,1788432680214040,178842684286993612,178842683956185213,56,,1788432680213858,1788432680213865,1788432680214040,,,"delta_len=25,sent_us=1788432680196757",,,,,175
server,client_mutation,completed,1788432680227825,178842684286993612,,,,1788432680225650,1788432680225650,1788432680227825,,,http_data_plane,,,,,2175
server,peer_replication_pull_request,sent,1788432680466934,178842684286993612,,,,,,,,,connected_peers=16,,,,,
server,peer_replication_merge_delta,completed,1788432680503892,178842684286993612,,56,,1788432680495085,1788432680503714,1788432680503892,,,"delta_len=72,sent_us=1788432680481039",,,,,178
server,peer_replication_get_delta,completed,1788432680504329,178842684286993612,178842684286997609,56,,1788432680503965,1788432680503968,1788432680504329,,,"delta_len=63,sent_us=1788432680497801",,,,,361
server,client_mutation,completed,1788432680727762,178842684286993612,,,,1788432680725588,1788432680725588,1788432680727762,,,http_data_plane,,,,,2174
server,client_mutation,completed,1788432681227721,178842684286993612,,,,1788432681225584,1788432681225584,1788432681227721,,,http_data_plane,,,,,2137
server,peer_replication_pull_request,sent,1788432681467716,178842684286993612,,,,,,,,,connected_peers=16,,,,,
server,peer_replication_get_delta,completed,1788432681495023,178842684286993612,178842684426432112,56,,1788432681494795,1788432681494800,1788432681495023,,,"delta_len=14,sent_us=1788432681481982",,,,,223
server,peer_replication_merge_delta,completed,1788432681531619,178842684286993612,,56,,1788432681525701,1788432681531498,1788432681531619,,,"delta_len=23,sent_us=1788432681511793",,,,,121
server,client_mutation,completed,1788432681727751,178842684286993612,,,,1788432681725646,1788432681725646,1788432681727751,,,http_data_plane,,,,,2105
server,peer_replication_get_delta,completed,1788432681872997,178842684286993612,178842684286996610,56,,1788432681872824,1788432681872832,1788432681872997,,,"delta_len=24,sent_us=1788432681872303",,,,,165
server,client_mutation,completed,1788432682227854,178842684286993612,,,,1788432682225679,1788432682225679,1788432682227854,,,http_data_plane,,,,,2175
server,peer_replication_get_delta,completed,1788432682260398,178842684286993612,178842683956185213,56,,1788432682260227,1788432682260233,1788432682260398,,,"delta_len=28,sent_us=1788432682197088",,,,,165
server,peer_replication_pull_request,sent,1788432682466867,178842684286993612,,,,,,,,,connected_peers=16,,,,,
server,peer_replication_merge_delta,completed,1788432682562580,178842684286993612,,56,,1788432682551768,1788432682562506,1788432682562580,,,"delta_len=61,sent_us=1788432682509626",,,,,74
server,client_mutation,completed,1788432682727841,178842684286993612,,,,1788432682725705,1788432682725705,1788432682727841,,,http_data_plane,,,,,2136
server,membership_directory_read,completed,1788432683129996,178842684286993612,,,,,1788432683071922,1788432683129996,,,poll:287 descriptors,,,,,58074
server,client_mutation,completed,1788432683226611,178842684286993612,,,,1788432683225582,1788432683225583,1788432683226611,,,http_data_plane,,,,,1028
server,peer_replication_pull_request,sent,1788432683467485,178842684286993612,,,,,,,,,connected_peers=16,,,,,
server,peer_replication_get_delta,completed,1788432683499038,178842684286993612,178842684286997609,56,,1788432683498821,1788432683498826,1788432683499038,,,"delta_len=26,sent_us=1788432683498283",,,,,212
server,peer_replication_merge_delta,completed,1788432683514562,178842684286993612,,56,,1788432683503597,1788432683514497,1788432683514562,,,"delta_len=68,sent_us=1788432683485223",,,,,65
server,client_mutation,completed,1788432683726533,178842684286993612,,,,1788432683725546,1788432683725546,1788432683726533,,,http_data_plane,,,,,987
server,client_mutation,completed,1788432684226545,178842684286993612,,,,1788432684225582,1788432684225582,1788432684226545,,,http_data_plane,,,,,963
server,peer_replication_pull_request,sent,1788432684467396,178842684286993612,,,,,,,,,connected_peers=16,,,,,
server,peer_replication_merge_delta,completed,1788432684544204,178842684286993612,,56,,1788432684540121,1788432684544190,1788432684544204,,,"delta_len=14,sent_us=1788432684534238",,,,,14
server,client_mutation,completed,1788432684726613,178842684286993612,,,,1788432684725648,1788432684725648,1788432684726613,,,http_data_plane,,,,,965
server,client_mutation,completed,1788432685226837,178842684286993612,,,,1788432685225557,1788432685225557,1788432685226837,,,http_data_plane,,,,,1280
server,peer_replication_pull_request,sent,1788432685467705,178842684286993612,,,,,,,,,connected_peers=16,,,,,
server,peer_replication_merge_delta,completed,1788432685544190,178842684286993612,,56,,1788432685539897,1788432685544163,1788432685544190,,,"delta_len=34,sent_us=1788432685534174",,,,,27
server,client_mutation,completed,1788432685726829,178842684286993612,,,,1788432685725647,1788432685725648,1788432685726829,,,http_data_plane,,,,,1181
server,client_mutation,completed,1788432686226732,178842684286993612,,,,1788432686225591,1788432686225591,1788432686226732,,,http_data_plane,,,,,1141
server,peer_replication_pull_request,sent,1788432686467603,178842684286993612,,,,,,,,,connected_peers=16,,,,,
server,peer_replication_merge_delta,completed,1788432686529879,178842684286993612,,56,,1788432686524894,1788432686529832,1788432686529879,,,"delta_len=40,sent_us=1788432686511247",,,,,47
server,client_mutation,completed,1788432686726920,178842684286993612,,,,1788432686725554,1788432686725554,1788432686726920,,,http_data_plane,,,,,1366
server,client_mutation,completed,1788432687226709,178842684286993612,,,,1788432687225574,1788432687225574,1788432687226709,,,http_data_plane,,,,,1135
server,peer_replication_pull_request,sent,1788432687467618,178842684286993612,,,,,,,,,connected_peers=16,,,,,
server,peer_replication_merge_delta,completed,1788432687566777,178842684286993612,,56,,1788432687556477,1788432687566702,1788432687566777,,,"delta_len=91,sent_us=1788432687515287",,,,,75
server,client_mutation,completed,1788432687727387,178842684286993612,,,,1788432687725682,1788432687725682,1788432687727387,,,http_data_plane,,,,,1705
server,membership_directory_read,completed,1788432688138104,178842684286993612,,,,,1788432688072082,1788432688138104,,,poll:287 descriptors,,,,,66022
server,client_mutation,completed,1788432688227432,178842684286993612,,,,1788432688225596,1788432688225596,1788432688227432,,,http_data_plane,,,,,1836
server,peer_replication_pull_request,sent,1788432688467338,178842684286993612,,,,,,,,,connected_peers=16,,,,,
server,peer_replication_merge_delta,completed,1788432688532573,178842684286993612,,56,,1788432688526021,1788432688532518,1788432688532573,,,"delta_len=55,sent_us=1788432688512679",,,,,55
server,client_mutation,completed,1788432688727733,178842684286993612,,,,1788432688725608,1788432688725608,1788432688727733,,,http_data_plane,,,,,2125
server,peer_replication_get_delta,completed,1788432688827203,178842684286993612,178842684426433112,56,,1788432688827013,1788432688827020,1788432688827203,,,"delta_len=53,sent_us=1788432688768499",,,,,183
server,peer_replication_get_delta,completed,1788432688872954,178842684286993612,178842684286996610,56,,1788432688872773,1788432688872779,1788432688872954,,,"delta_len=40,sent_us=1788432688872216",,,,,175
server,client_mutation,completed,1788432689227715,178842684286993612,,,,1788432689225587,1788432689225587,1788432689227715,,,http_data_plane,,,,,2128
server,peer_replication_pull_request,sent,1788432689467711,178842684286993612,,,,,,,,,connected_peers=16,,,,,
server,peer_replication_merge_delta,completed,1788432689502789,178842684286993612,,56,,1788432689495934,1788432689502733,1788432689502789,,,"delta_len=56,sent_us=1788432689481976",,,,,56
server,peer_replication_get_delta,completed,1788432689545080,178842684286993612,178842684114094212,56,,1788432689544887,1788432689544893,1788432689545080,,,"delta_len=27,sent_us=1788432689529456",,,,,187
server,client_mutation,completed,1788432689728029,178842684286993612,,,,1788432689725566,1788432689725566,1788432689728029,,,http_data_plane,,,,,2463
server,client_mutation,completed,1788432690228365,178842684286993612,,,,1788432690225937,1788432690225937,1788432690228365,,,http_data_plane,,,,,2428
server,peer_replication_pull_request,sent,1788432690467610,178842684286993612,,,,,,,,,connected_peers=16,,,,,
server,peer_replication_merge_delta,completed,1788432690509976,178842684286993612,,56,,1788432690501753,1788432690509919,1788432690509976,,,"delta_len=64,sent_us=1788432690484881",,,,,57
server,client_mutation,completed,1788432690728143,178842684286993612,,,,1788432690725941,1788432690725942,1788432690728143,,,http_data_plane,,,,,2201
server,client_mutation,completed,1788432691227938,178842684286993612,,,,1788432691225773,1788432691225773,1788432691227938,,,http_data_plane,,,,,2165
server,peer_replication_pull_request,sent,1788432691467325,178842684286993612,,,,,,,,,connected_peers=16,,,,,
server,peer_replication_merge_delta,completed,1788432691479845,178842684286993612,,56,,1788432691471157,1788432691479796,1788432691479845,,,"delta_len=34,sent_us=1788432691468511",,,,,49
server,peer_replication_get_delta,completed,1788432691495364,178842684286993612,178842684426432112,56,,1788432691494499,1788432691494509,1788432691495364,,,"delta_len=57,sent_us=1788432691481358",,,,,855
server,peer_replication_get_delta,completed,1788432691699062,178842684286993612,178842683849155813,56,,1788432691698825,1788432691698835,1788432691699062,,,"delta_len=56,sent_us=1788432691655337",,,,,227
server,client_mutation,completed,1788432691728155,178842684286993612,,,,1788432691725887,1788432691725887,1788432691728155,,,http_data_plane,,,,,2268
server,peer_replication_get_delta,completed,1788432691745106,178842684286993612,178842683849157813,56,,1788432691744868,1788432691744876,1788432691745106,,,"delta_len=41,sent_us=1788432691701997",,,,,230
server,client_mutation,completed,1788432692228732,178842684286993612,,,,1788432692225641,1788432692225641,1788432692228732,,,http_data_plane,,,,,3091
server,peer_replication_pull_request,sent,1788432692466856,178842684286993612,,,,,,,,,connected_peers=16,,,,,
server,peer_replication_merge_delta,completed,1788432692545112,178842684286993612,,56,,1788432692540236,1788432692545089,1788432692545112,,,"delta_len=19,sent_us=1788432692533967",,,,,23
server,client_mutation,completed,1788432692727726,178842684286993612,,,,1788432692725586,1788432692725586,1788432692727726,,,http_data_plane,,,,,2140
server,membership_directory_read,completed,1788432693131891,178842684286993612,,,,,1788432693072634,1788432693131891,,,poll:287 descriptors,,,,,59257
server,client_mutation,completed,1788432693229179,178842684286993612,,,,1788432693226128,1788432693226128,1788432693229179,,,http_data_plane,,,,,3051
server,peer_replication_pull_request,sent,1788432693467431,178842684286993612,,,,,,,,,connected_peers=16,,,,,
server,client_mutation,completed,1788432693728228,178842684286993612,,,,1788432693725700,1788432693725700,1788432693728228,,,http_data_plane,,,,,2528
server,client_mutation,completed,1788432694227748,178842684286993612,,,,1788432694225598,1788432694225598,1788432694227748,,,http_data_plane,,,,,2150
server,peer_replication_pull_request,sent,1788432694467694,178842684286993612,,,,,,,,,connected_peers=16,,,,,
server,peer_replication_merge_delta,completed,1788432694494252,178842684286993612,,56,,1788432694487753,1788432694494216,1788432694494252,,,"delta_len=45,sent_us=1788432694482045",,,,,36
server,client_mutation,completed,1788432694728313,178842684286993612,,,,1788432694726042,1788432694726042,1788432694728313,,,http_data_plane,,,,,2271
server,client_mutation,completed,1788432695227881,178842684286993612,,,,1788432695225670,1788432695225670,1788432695227881,,,http_data_plane,,,,,2211
server,peer_replication_pull_request,sent,1788432695466866,178842684286993612,,,,,,,,,connected_peers=16,,,,,
server,peer_replication_merge_delta,completed,1788432695615997,178842684286993612,,56,,1788432695602911,1788432695615925,1788432695615997,,,"delta_len=93,sent_us=1788432695560138",,,,,72
server,client_mutation,completed,1788432695730901,178842684286993612,,,,1788432695728843,1788432695728844,1788432695730901,,,http_data_plane,,,,,2057
server,client_mutation,completed,1788432696228129,178842684286993612,,,,1788432696225695,1788432696225695,1788432696228129,,,http_data_plane,,,,,2434
server,peer_replication_pull_request,sent,1788432696467823,178842684286993612,,,,,,,,,connected_peers=16,,,,,
server,peer_replication_merge_delta,completed,1788432696491056,178842684286993612,,56,,1788432696484783,1788432696491006,1788432696491056,,,"delta_len=33,sent_us=1788432696479772",,,,,50
server,peer_replication_get_delta,completed,1788432696497780,178842684286993612,178842683849156813,56,,1788432696497592,1788432696497597,1788432696497780,,,"delta_len=72,sent_us=1788432696456551",,,,,183
server,client_mutation,completed,1788432696727914,178842684286993612,,,,1788432696725575,1788432696725575,1788432696727914,,,http_data_plane,,,,,2339
server,client_mutation,completed,1788432697229722,178842684286993612,,,,1788432697226477,1788432697226477,1788432697229722,,,http_data_plane,,,,,3245
server,peer_replication_pull_request,sent,1788432697467761,178842684286993612,,,,,,,,,connected_peers=16,,,,,
server,peer_replication_merge_delta,completed,1788432697513209,178842684286993612,,56,,1788432697504242,1788432697513148,1788432697513209,,,"delta_len=75,sent_us=1788432697486637",,,,,61
server,client_mutation,completed,1788432697730399,178842684286993612,,,,1788432697727826,1788432697727826,1788432697730399,,,http_data_plane,,,,,2573
server,peer_replication_get_delta,completed,1788432697785659,178842684286993612,178842683956184213,56,,1788432697785479,1788432697785486,1788432697785659,,,"delta_len=19,sent_us=1788432697768308",,,,,173
server,peer_replication_get_delta,completed,1788432697888575,178842684286993612,178842684114093209,56,,1788432697888253,1788432697888261,1788432697888575,,,"delta_len=25,sent_us=1788432697872985",,,,,314
server,membership_directory_read,completed,1788432698143828,178842684286993612,,,,,1788432698072175,1788432698143828,,,poll:287 descriptors,,,,,71653
server,client_mutation,completed,1788432698227956,178842684286993612,,,,1788432698225845,1788432698225845,1788432698227956,,,http_data_plane,,,,,2111
server,peer_replication_get_delta,completed,1788432698338004,178842684286993612,178842684286995611,56,,1788432698337827,1788432698337834,1788432698338004,,,"delta_len=22,sent_us=1788432698336978",,,,,170
server,peer_replication_pull_request,sent,1788432698467405,178842684286993612,,,,,,,,,connected_peers=16,,,,,
server,peer_replication_get_delta,completed,1788432698494668,178842684286993612,178842684426432112,56,,1788432698494483,1788432698494490,1788432698494668,,,"delta_len=35,sent_us=1788432698481741",,,,,178
server,peer_replication_merge_delta,completed,1788432698559824,178842684286993612,,56,,1788432698551008,1788432698559768,1788432698559824,,,"delta_len=75,sent_us=1788432698534059",,,,,56
server,client_mutation,completed,1788432698728133,178842684286993612,,,,1788432698725798,1788432698725798,1788432698728133,,,http_data_plane,,,,,2335
server,client_mutation,completed,1788432699230465,178842684286993612,,,,1788432699227631,1788432699227631,1788432699230465,,,http_data_plane,,,,,2834
server,peer_replication_pull_request,sent,1788432699467821,178842684286993612,,,,,,,,,connected_peers=16,,,,,
server,peer_replication_merge_delta,completed,1788432699480101,178842684286993612,,56,,1788432699470100,1788432699480060,1788432699480101,,,"delta_len=56,sent_us=1788432699469471",,,,,41
server,client_mutation,completed,1788432699727927,178842684286993612,,,,1788432699725714,1788432699725714,1788432699727927,,,http_data_plane,,,,,2213
server,peer_replication_get_delta,completed,1788432699743743,178842684286993612,178842683849157813,56,,1788432699743476,1788432699743482,1788432699743743,,,"delta_len=61,sent_us=1788432699700835",,,,,261
server,client_mutation,completed,1788432700228244,178842684286993612,,,,1788432700225993,1788432700225993,1788432700228244,,,http_data_plane,,,,,2251
server,peer_replication_pull_request,sent,1788432700467841,178842684286993612,,,,,,,,,connected_peers=16,,,,,
server,peer_replication_get_delta,completed,1788432700516112,178842684286993612,178842683956183213,56,,1788432700515922,1788432700515928,1788432700516112,,,"delta_len=22,sent_us=1788432700498897",,,,,184
server,peer_replication_merge_delta,completed,1788432700532263,178842684286993612,,56,,1788432700526494,1788432700532233,1788432700532263,,,"delta_len=34,sent_us=1788432700513139",,,,,30
server,client_mutation,completed,1788432700729118,178842684286993612,,,,1788432700725591,1788432700725592,1788432700729118,,,http_data_plane,,,,,3526
server,client_mutation,completed,1788432701227663,178842684286993612,,,,1788432701225629,1788432701225629,1788432701227663,,,http_data_plane,,,,,2034
server,peer_replication_pull_request,sent,1788432701467853,178842684286993612,,,,,,,,,connected_peers=16,,,,,
server,peer_replication_merge_delta,completed,1788432701477238,178842684286993612,,56,,1788432701470128,1788432701477211,1788432701477238,,,"delta_len=24,sent_us=1788432701469255",,,,,27
server,client_mutation,completed,1788432701728619,178842684286993612,,,,1788432701726094,1788432701726094,1788432701728619,,,http_data_plane,,,,,2525
server,peer_replication_get_delta,completed,1788432701873419,178842684286993612,178842684286996610,56,,1788432701872964,1788432701872969,1788432701873419,,,"delta_len=12,sent_us=1788432701872225",,,,,450
server,client_mutation,completed,1788432702229996,178842684286993612,,,,1788432702226258,1788432702226258,1788432702229996,,,http_data_plane,,,,,3738
server,peer_replication_pull_request,sent,1788432702466923,178842684286993612,,,,,,,,,connected_peers=16,,,,,
server,peer_replication_merge_delta,completed,1788432702557875,178842684286993612,,56,,1788432702552061,1788432702557750,1788432702557875,,,"delta_len=29,sent_us=1788432702546176",,,,,125
server,client_mutation,completed,1788432702732903,178842684286993612,,,,1788432702726485,1788432702726485,1788432702732903,,,http_data_plane,,,,,6418
server,peer_replication_get_delta,completed,1788432702828162,178842684286993612,178842684426433112,56,,1788432702827276,1788432702827285,1788432702828162,,,"delta_len=66,sent_us=1788432702768855",,,,,877
server,membership_directory_read,completed,1788432703153952,178842684286993612,,,,,1788432703072777,1788432703153952,,,poll:287 descriptors,,,,,81175
server,client_mutation,completed,1788432703228220,178842684286993612,,,,1788432703225625,1788432703225625,1788432703228220,,,http_data_plane,,,,,2595
server,peer_replication_pull_request,sent,1788432703467498,178842684286993612,,,,,,,,,connected_peers=16,,,,,
server,peer_replication_merge_delta,completed,1788432703475274,178842684286993612,,56,,1788432703469177,1788432703475233,1788432703475274,,,"delta_len=49,sent_us=1788432703468454",,,,,41
server,client_mutation,completed,1788432703727997,178842684286993612,,,,1788432703725645,1788432703725645,1788432703727997,,,http_data_plane,,,,,2352
server,peer_replication_get_delta,completed,1788432703872964,178842684286993612,178842684286996610,56,,1788432703872785,1788432703872792,1788432703872964,,,"delta_len=34,sent_us=1788432703872239",,,,,172
server,client_mutation,completed,1788432704229349,178842684286993612,,,,1788432704226260,1788432704226260,1788432704229349,,,http_data_plane,,,,,3089
server,peer_replication_pull_request,sent,1788432704467312,178842684286993612,,,,,,,,,connected_peers=16,,,,,
server,client_mutation,completed,1788432704727741,178842684286993612,,,,1788432704725567,1788432704725567,1788432704727741,,,http_data_plane,,,,,2174
server,client_mutation,completed,1788432705229215,178842684286993612,,,,1788432705226640,1788432705226641,1788432705229215,,,http_data_plane,,,,,2574
server,peer_replication_pull_request,sent,1788432705467082,178842684286993612,,,,,,,,,connected_peers=16,,,,,
server,peer_replication_get_delta,completed,1788432705697065,178842684286993612,178842683849155813,56,,1788432705696718,1788432705696724,1788432705697065,,,"delta_len=27,sent_us=1788432705654322",,,,,341
server,client_mutation,completed,1788432705729520,178842684286993612,,,,1788432705726989,1788432705726989,1788432705729520,,,http_data_plane,,,,,2531
server,client_mutation,completed,1788432706228101,178842684286993612,,,,1788432706225931,1788432706225931,1788432706228101,,,http_data_plane,,,,,2170
server,peer_replication_pull_request,sent,1788432706467164,178842684286993612,,,,,,,,,connected_peers=16,,,,,
server,peer_replication_merge_delta,completed,1788432706568383,178842684286993612,,56,,1788432706551330,1788432706568218,1788432706568383,,,"delta_len=171,sent_us=1788432706534111",,,,,165
server,client_mutation,completed,1788432706728950,178842684286993612,,,,1788432706726475,1788432706726475,1788432706728950,,,http_data_plane,,,,,2475
server,client_mutation,completed,1788432707227781,178842684286993612,,,,1788432707225603,1788432707225603,1788432707227781,,,http_data_plane,,,,,2178
server,peer_replication_pull_request,sent,1788432707466928,178842684286993612,,,,,,,,,connected_peers=16,,,,,
server,peer_replication_merge_delta,completed,1788432707560980,178842684286993612,,56,,1788432707551351,1788432707560896,1788432707560980,,,"delta_len=88,sent_us=1788432707534130",,,,,84
server,peer_replication_get_delta,completed,1788432707697940,178842684286993612,178842683849155813,56,,1788432707697339,1788432707697345,1788432707697940,,,"delta_len=92,sent_us=1788432707654774",,,,,595
server,client_mutation,completed,1788432707728252,178842684286993612,,,,1788432707725959,1788432707725959,1788432707728252,,,http_data_plane,,,,,2293
server,peer_replication_get_delta,completed,1788432707746038,178842684286993612,178842683849157813,56,,1788432707745778,1788432707745792,1788432707746038,,,"delta_len=38,sent_us=1788432707702070",,,,,246
server,peer_replication_get_delta,completed,1788432707827406,178842684286993612,178842684426433112,56,,1788432707827069,1788432707827076,1788432707827406,,,"delta_len=52,sent_us=1788432707768941",,,,,330
server,membership_directory_read,completed,1788432708136636,178842684286993612,,,,,1788432708071934,1788432708136636,,,poll:287 descriptors,,,,,64702
server,client_mutation,completed,1788432708228026,178842684286993612,,,,1788432708225740,1788432708225740,1788432708228026,,,http_data_plane,,,,,2286
server,peer_replication_pull_request,sent,1788432708467766,178842684286993612,,,,,,,,,connected_peers=16,,,,,
server,peer_replication_merge_delta,completed,1788432708479447,178842684286993612,,56,,1788432708471956,1788432708479402,1788432708479447,,,"delta_len=37,sent_us=1788432708470968",,,,,45
server,client_mutation,completed,1788432708728163,178842684286993612,,,,1788432708725944,1788432708725944,1788432708728163,,,http_data_plane,,,,,2219
server,peer_replication_get_delta,completed,1788432708746280,178842684286993612,178842683849157813,56,,1788432708746092,1788432708746098,1788432708746280,,,"delta_len=32,sent_us=1788432708701194",,,,,182
server,client_mutation,completed,1788432709227827,178842684286993612,,,,1788432709225742,1788432709225742,1788432709227827,,,http_data_plane,,,,,2085
server,peer_replication_pull_request,sent,1788432709467051,178842684286993612,,,,,,,,,connected_peers=16,,,,,
server,peer_replication_merge_delta,completed,1788432709490745,178842684286993612,,56,,1788432709484356,1788432709490695,1788432709490745,,,"delta_len=48,sent_us=1788432709479420",,,,,50
server,client_mutation,completed,1788432709728387,178842684286993612,,,,1788432709725675,1788432709725675,1788432709728387,,,http_data_plane,,,,,2712
server,client_mutation,completed,1788432710228058,178842684286993612,,,,1788432710225906,1788432710225907,1788432710228058,,,http_data_plane,,,,,2151
server,peer_replication_pull_request,sent,1788432710467203,178842684286993612,,,,,,,,,connected_peers=16,,,,,
server,peer_replication_merge_delta,completed,1788432710534538,178842684286993612,,56,,1788432710526253,1788432710534497,1788432710534538,,,"delta_len=39,sent_us=1788432710512247",,,,,41
server,client_mutation,completed,1788432710727868,178842684286993612,,,,1788432710725591,1788432710725591,1788432710727868,,,http_data_plane,,,,,2277
server,client_mutation,completed,1788432711228057,178842684286993612,,,,1788432711225864,1788432711225864,1788432711228057,,,http_data_plane,,,,,2193
server,peer_replication_pull_request,sent,1788432711467052,178842684286993612,,,,,,,,,connected_peers=16,,,,,
server,peer_replication_get_delta,completed,1788432711545878,178842684286993612,178842684114094212,56,,1788432711545671,1788432711545679,1788432711545878,,,"delta_len=25,sent_us=1788432711529785",,,,,199
server,peer_replication_merge_delta,completed,1788432711566346,178842684286993612,,56,,1788432711554927,1788432711566264,1788432711566346,,,"delta_len=95,sent_us=1788432711512411",,,,,82
server,client_mutation,completed,1788432711731867,178842684286993612,,,,1788432711728293,1788432711728293,1788432711731867,,,http_data_plane,,,,,3574
server,peer_replication_get_delta,completed,1788432712216172,178842684286993612,178842683956185213,56,,1788432712215676,1788432712215683,1788432712216172,,,"delta_len=94,sent_us=1788432712197478",,,,,489
server,client_mutation,completed,1788432712232675,178842684286993612,,,,1788432712229330,1788432712229330,1788432712232675,,,http_data_plane,,,,,3345
server,peer_replication_pull_request,sent,1788432712466915,178842684286993612,,,,,,,,,connected_peers=16,,,,,
server,peer_replication_merge_delta,completed,1788432712535865,178842684286993612,,56,,1788432712531197,1788432712535844,1788432712535865,,,"delta_len=13,sent_us=1788432712525237",,,,,21
server,peer_replication_get_delta,completed,1788432712541153,178842684286993612,178842684114094212,56,,1788432712540925,1788432712540931,1788432712541153,,,"delta_len=54,sent_us=1788432712529568",,,,,222
server,client_mutation,completed,1788432712728421,178842684286993612,,,,1788432712725606,1788432712725606,1788432712728421,,,http_data_plane,,,,,2815
server,peer_replication_get_delta,completed,1788432712827199,178842684286993612,178842684426433112,56,,1788432712827012,1788432712827019,1788432712827199,,,"delta_len=35,sent_us=1788432712768312",,,,,180
server,peer_replication_get_delta,completed,1788432712872861,178842684286993612,178842684286996610,56,,1788432712872675,1788432712872681,1788432712872861,,,"delta_len=30,sent_us=1788432712871895",,,,,180
server,membership_directory_read,completed,1788432713136710,178842684286993612,,,,,1788432713072235,1788432713136710,,,poll:287 descriptors,,,,,64475
server,client_mutation,completed,1788432713227361,178842684286993612,,,,1788432713225563,1788432713225563,1788432713227361,,,http_data_plane,,,,,1798
server,peer_replication_pull_request,sent,1788432713467397,178842684286993612,,,,,,,,,connected_peers=16,,,,,
server,peer_replication_merge_delta,completed,1788432713488568,178842684286993612,,56,,1788432713484188,1788432713488547,1788432713488568,,,"delta_len=18,sent_us=1788432713480362",,,,,21
server,client_mutation,completed,1788432713728082,178842684286993612,,,,1788432713725616,1788432713725616,1788432713728082,,,http_data_plane,,,,,2466
server,client_mutation,completed,1788432714228281,178842684286993612,,,,1788432714225621,1788432714225621,1788432714228281,,,http_data_plane,,,,,2660
server,peer_replication_pull_request,sent,1788432714467153,178842684286993612,,,,,,,,,connected_peers=16,,,,,
server,peer_replication_merge_delta,completed,1788432714474880,178842684286993612,,56,,1788432714469803,1788432714474856,1788432714474880,,,"delta_len=29,sent_us=1788432714468499",,,,,24
server,peer_replication_get_delta,completed,1788432714497567,178842684286993612,178842683849156813,56,,1788432714497388,1788432714497393,1788432714497567,,,"delta_len=49,sent_us=1788432714456370",,,,,174
server,peer_replication_get_delta,completed,1788432714499777,178842684286993612,178842684286997609,56,,1788432714499607,1788432714499612,1788432714499777,,,"delta_len=22,sent_us=1788432714498725",,,,,165
server,client_mutation,completed,1788432714727618,178842684286993612,,,,1788432714725634,1788432714725634,1788432714727618,,,http_data_plane,,,,,1984
server,client_mutation,completed,1788432715227690,178842684286993612,,,,1788432715225574,1788432715225575,1788432715227690,,,http_data_plane,,,,,2115
server,peer_replication_pull_request,sent,1788432715467765,178842684286993612,,,,,,,,,connected_peers=16,,,,,
server,client_mutation,completed,1788432715728737,178842684286993612,,,,1788432715725557,1788432715725557,1788432715728737,,,http_data_plane,,,,,3180
server,client_mutation,completed,1788432716227762,178842684286993612,,,,1788432716225628,1788432716225628,1788432716227762,,,http_data_plane,,,,,2134
server,peer_replication_pull_request,sent,1788432716467925,178842684286993612,,,,,,,,,connected_peers=16,,,,,
server,peer_replication_merge_delta,completed,1788432716513365,178842684286993612,,56,,1788432716503441,1788432716513303,1788432716513365,,,"delta_len=68,sent_us=1788432716486168",,,,,62
server,client_mutation,completed,1788432716727745,178842684286993612,,,,1788432716725795,1788432716725795,1788432716727745,,,http_data_plane,,,,,1950
server,client_mutation,completed,1788432717228782,178842684286993612,,,,1788432717226180,1788432717226180,1788432717228782,,,http_data_plane,,,,,2602
server,peer_replication_pull_request,sent,1788432717466848,178842684286993612,,,,,,,,,connected_peers=16,,,,,
server,peer_replication_merge_delta,completed,1788432717479081,178842684286993612,,56,,1788432717469565,1788432717479007,1788432717479081,,,"delta_len=99,sent_us=1788432717468037",,,,,74
server,client_mutation,completed,1788432717728978,178842684286993612,,,,1788432717726297,1788432717726297,1788432717728978,,,http_data_plane,,,,,2681
