source,event,phase,timestamp_us,replica_pid,peer_pid,gc_marker,sent_us,received_us,start_us,end_us,insert_count,delete_count,detail,client_id,operation,value,status_code,latency_us
client,client_request,completed,1777553761766578,1,,,1777553761729917,1777553761766578,1777553761729917,1777553761766578,,,,client-1-3,Remove,2369121,200,36661
client,client_request,completed,1777553761771886,1,,,1777553761766710,1777553761771886,1777553761766710,1777553761771886,,,,client-1-3,Insert,7371967,200,5176
client,client_request,completed,1777553761779984,1,,,1777553761772393,1777553761779984,1777553761772393,1777553761779984,,,,client-1-3,Remove,2406967,200,7591
client,client_request,completed,1777553761785150,1,,,1777553761780110,1777553761785150,1777553761780110,1777553761785150,,,,client-1-3,Remove,12660504,200,5040
client,client_request,completed,1777553761790220,1,,,1777553761785552,1777553761790220,1777553761785552,1777553761790220,,,,client-1-3,Remove,6329104,200,4668
client,client_request,completed,1777553761796623,1,,,1777553761790321,1777553761796623,1777553761790321,1777553761796623,,,,client-1-3,Insert,-7373698,200,6302
client,client_request,completed,1777553761802839,1,,,1777553761797342,1777553761802839,1777553761797342,1777553761802839,,,,client-1-3,Insert,-7370099,200,5497
client,client_request,completed,1777553761808260,1,,,1777553761804127,1777553761808260,1777553761804127,1777553761808260,,,,client-1-3,Insert,9055599,200,4133
client,client_request,completed,1777553761813460,1,,,1777553761809633,1777553761813460,1777553761809633,1777553761813460,,,,client-1-3,Remove,-7083000,200,3827
client,client_request,completed,1777553761820259,1,,,1777553761813845,1777553761820259,1777553761813845,1777553761820259,,,,client-1-3,Remove,15390329,200,6414
client,client_request,completed,1777553761825250,1,,,1777553761820851,1777553761825250,1777553761820851,1777553761825250,,,,client-1-3,Remove,-15109658,200,4399
client,client_request,completed,1777553761832045,1,,,1777553761825496,1777553761832045,1777553761825496,1777553761832045,,,,client-1-3,Remove,-2737054,200,6549
client,client_request,completed,1777553761839992,1,,,1777553761832834,1777553761839992,1777553761832834,1777553761839992,,,,client-1-3,Insert,-11768926,200,7158
client,client_request,completed,1777553761845886,1,,,1777553761840487,1777553761845886,1777553761840487,1777553761845886,,,,client-1-3,Insert,14393229,200,5399
client,client_request,completed,1777553761853761,1,,,1777553761847258,1777553761853761,1777553761847258,1777553761853761,,,,client-1-3,Remove,-11172040,200,6503
client,client_request,completed,1777553761858906,1,,,1777553761854468,1777553761858906,1777553761854468,1777553761858906,,,,client-1-3,Insert,9809439,200,4438
client,client_request,completed,1777553761863114,1,,,1777553761859516,1777553761863114,1777553761859516,1777553761863114,,,,client-1-3,Remove,8446987,200,3598
client,client_request,completed,1777553761872719,1,,,1777553761866214,1777553761872719,1777553761866214,1777553761872719,,,,client-1-3,Insert,8284680,200,6505
client,client_request,completed,1777553761879837,1,,,1777553761872909,1777553761879837,1777553761872909,1777553761879837,,,,client-1-3,Insert,12753020,200,6928
client,client_request,completed,1777553761883582,1,,,1777553761879938,1777553761883582,1777553761879938,1777553761883582,,,,client-1-3,Remove,10062267,200,3644
client,client_request,completed,1777553761888639,1,,,1777553761884447,1777553761888639,1777553761884447,1777553761888639,,,,client-1-3,Remove,-12060,200,4192
client,client_request,completed,1777553761894839,1,,,1777553761889239,1777553761894839,1777553761889239,1777553761894839,,,,client-1-3,Insert,11334591,200,5600
client,client_request,completed,1777553761903204,1,,,1777553761895556,1777553761903204,1777553761895556,1777553761903204,,,,client-1-3,Remove,-2893032,200,7648
client,client_request,completed,1777553761909749,1,,,1777553761904058,1777553761909749,1777553761904058,1777553761909749,,,,client-1-3,Insert,-15982107,200,5691
client,client_request,completed,1777553761914262,1,,,1777553761910064,1777553761914262,1777553761910064,1777553761914262,,,,client-1-3,Insert,4235504,200,4198
client,client_request,completed,1777553761919055,1,,,1777553761914695,1777553761919055,1777553761914695,1777553761919055,,,,client-1-3,Remove,1706219,200,4360
client,client_request,completed,1777553761926783,1,,,1777553761920849,1777553761926783,1777553761920849,1777553761926783,,,,client-1-3,Remove,-13258991,200,5934
client,client_request,completed,1777553761930795,1,,,1777553761926884,1777553761930795,1777553761926884,1777553761930795,,,,client-1-3,Remove,4088253,200,3911
client,client_request,completed,1777553761935661,1,,,1777553761930894,1777553761935661,1777553761930894,1777553761935661,,,,client-1-3,Insert,9261163,200,4767
client,client_request,completed,1777553761940858,1,,,1777553761936506,1777553761940858,1777553761936506,1777553761940858,,,,client-1-3,Remove,-11663397,200,4352
client,client_request,completed,1777553761946870,1,,,1777553761941397,1777553761946870,1777553761941397,1777553761946870,,,,client-1-3,Insert,-15610887,200,5473
client,client_request,completed,1777553761954524,1,,,1777553761947254,1777553761954524,1777553761947254,1777553761954524,,,,client-1-3,Insert,260317,200,7270
client,client_request,completed,1777553761960197,1,,,1777553761955033,1777553761960197,1777553761955033,1777553761960197,,,,client-1-3,Remove,4097762,200,5164
client,client_request,completed,1777553761963386,1,,,1777553761960634,1777553761963386,1777553761960634,1777553761963386,,,,client-1-3,Insert,6675150,200,2752
client,client_request,completed,1777553761969835,1,,,1777553761963690,1777553761969835,1777553761963690,1777553761969835,,,,client-1-3,Insert,-14777898,200,6145
client,client_request,completed,1777553761975236,1,,,1777553761970333,1777553761975236,1777553761970333,1777553761975236,,,,client-1-3,Insert,-13722323,200,4903
client,client_request,completed,1777553761979780,1,,,1777553761975552,1777553761979780,1777553761975552,1777553761979780,,,,client-1-3,Insert,-7205793,200,4228
client,client_request,completed,1777553761986642,1,,,1777553761980672,1777553761986642,1777553761980672,1777553761986642,,,,client-1-3,Insert,520785,200,5970
client,client_request,completed,1777553761992687,1,,,1777553761987317,1777553761992687,1777553761987317,1777553761992687,,,,client-1-3,Remove,-16390717,200,5370
client,client_request,completed,1777553761999377,1,,,1777553761993349,1777553761999377,1777553761993349,1777553761999377,,,,client-1-3,Insert,-15010657,200,6028
client,client_request,completed,1777553762005332,1,,,1777553762000862,1777553762005332,1777553762000862,1777553762005332,,,,client-1-3,Insert,11962654,200,4470
client,client_request,completed,1777553762010591,1,,,1777553762006006,1777553762010591,1777553762006006,1777553762010591,,,,client-1-3,Insert,-16511526,200,4585
client,client_request,completed,1777553762017272,1,,,1777553762011203,1777553762017272,1777553762011203,1777553762017272,,,,client-1-3,Insert,-15947711,200,6069
client,client_request,completed,1777553762023741,1,,,1777553762017729,1777553762023741,1777553762017729,1777553762023741,,,,client-1-3,Remove,6300276,200,6012
client,client_request,completed,1777553762030582,1,,,1777553762024163,1777553762030582,1777553762024163,1777553762030582,,,,client-1-3,Remove,-5140795,200,6419
client,client_request,completed,1777553762039134,1,,,1777553762031876,1777553762039134,1777553762031876,1777553762039134,,,,client-1-3,Insert,-14456108,200,7258
client,client_request,completed,1777553762045949,1,,,1777553762039235,1777553762045949,1777553762039235,1777553762045949,,,,client-1-3,Remove,8982400,200,6714
client,client_request,completed,1777553762050748,1,,,1777553762046200,1777553762050748,1777553762046200,1777553762050748,,,,client-1-3,Insert,-8174638,200,4548
client,client_request,completed,1777553762058015,1,,,1777553762052079,1777553762058015,1777553762052079,1777553762058015,,,,client-1-3,Insert,-1709335,200,5936
client,client_request,completed,1777553762065511,1,,,1777553762059031,1777553762065511,1777553762059031,1777553762065511,,,,client-1-3,Insert,3352393,200,6480
client,client_request,completed,1777553762071216,1,,,1777553762065876,1777553762071216,1777553762065876,1777553762071216,,,,client-1-3,Remove,-769016,200,5340
client,client_request,completed,1777553762076554,1,,,1777553762071736,1777553762076554,1777553762071736,1777553762076554,,,,client-1-3,Insert,2130178,200,4818
client,client_request,completed,1777553762082943,1,,,1777553762079382,1777553762082943,1777553762079382,1777553762082943,,,,client-1-3,Insert,1121571,200,3561
client,client_request,completed,1777553762088508,1,,,1777553762084325,1777553762088508,1777553762084325,1777553762088508,,,,client-1-3,Remove,14955535,200,4183
client,client_request,completed,1777553762094221,1,,,1777553762088756,1777553762094221,1777553762088756,1777553762094221,,,,client-1-3,Remove,11664357,200,5465
client,client_request,completed,1777553762101387,1,,,1777553762095227,1777553762101387,1777553762095227,1777553762101387,,,,client-1-3,Remove,7857243,200,6160
client,client_request,completed,1777553762106716,1,,,1777553762102334,1777553762106716,1777553762102334,1777553762106716,,,,client-1-3,Remove,-4739074,200,4382
client,client_request,completed,1777553762113236,1,,,1777553762107632,1777553762113236,1777553762107632,1777553762113236,,,,client-1-3,Insert,-1541630,200,5604
client,client_request,completed,1777553762117039,1,,,1777553762113333,1777553762117039,1777553762113333,1777553762117039,,,,client-1-3,Insert,3591875,200,3706
client,client_request,completed,1777553762123374,1,,,1777553762117150,1777553762123374,1777553762117150,1777553762123374,,,,client-1-3,Remove,12832081,200,6224
client,client_request,completed,1777553762128872,1,,,1777553762124343,1777553762128872,1777553762124343,1777553762128872,,,,client-1-3,Remove,-4292676,200,4529
client,client_request,completed,1777553762138022,1,,,1777553762129323,1777553762138022,1777553762129323,1777553762138022,,,,client-1-3,Remove,-6465510,200,8699
client,client_request,completed,1777553762149760,1,,,1777553762138235,1777553762149760,1777553762138235,1777553762149760,,,,client-1-3,Insert,-6929068,200,11525
client,client_request,completed,1777553762156117,1,,,1777553762150846,1777553762156117,1777553762150846,1777553762156117,,,,client-1-3,Insert,-7848817,200,5271
client,client_request,completed,1777553762161270,1,,,1777553762156657,1777553762161270,1777553762156657,1777553762161270,,,,client-1-3,Insert,9482809,200,4613
client,client_request,completed,1777553762167564,1,,,1777553762161822,1777553762167564,1777553762161822,1777553762167564,,,,client-1-3,Remove,-4965619,200,5742
client,client_request,completed,1777553762174341,1,,,1777553762167681,1777553762174341,1777553762167681,1777553762174341,,,,client-1-3,Remove,14006024,200,6660
client,client_request,completed,1777553762179393,1,,,1777553762174768,1777553762179393,1777553762174768,1777553762179393,,,,client-1-3,Remove,12496283,200,4625
client,client_request,completed,1777553762185220,1,,,1777553762181256,1777553762185220,1777553762181256,1777553762185220,,,,client-1-3,Remove,-5603436,200,3964
client,client_request,completed,1777553762189552,1,,,1777553762185319,1777553762189552,1777553762185319,1777553762189552,,,,client-1-3,Insert,-13902063,200,4233
client,client_request,completed,1777553762197054,1,,,1777553762190125,1777553762197054,1777553762190125,1777553762197054,,,,client-1-3,Remove,923348,200,6929
client,client_request,completed,1777553762201218,1,,,1777553762197524,1777553762201218,1777553762197524,1777553762201218,,,,client-1-3,Insert,-4240667,200,3694
client,client_request,completed,1777553762205495,1,,,1777553762201798,1777553762205495,1777553762201798,1777553762205495,,,,client-1-3,Remove,-11956733,200,3697
client,client_request,completed,1777553762213499,1,,,1777553762205903,1777553762213499,1777553762205903,1777553762213499,,,,client-1-3,Remove,-13874539,200,7596
client,client_request,completed,1777553762218518,1,,,1777553762213598,1777553762218518,1777553762213598,1777553762218518,,,,client-1-3,Insert,-16592670,200,4920
client,client_request,completed,1777553762222644,1,,,1777553762218618,1777553762222644,1777553762218618,1777553762222644,,,,client-1-3,Remove,-12160947,200,4026
client,client_request,completed,1777553762228698,1,,,1777553762224282,1777553762228698,1777553762224282,1777553762228698,,,,client-1-3,Remove,16089665,200,4416
client,client_request,completed,1777553762235790,1,,,1777553762229231,1777553762235790,1777553762229231,1777553762235790,,,,client-1-3,Remove,13416392,200,6559
client,client_request,completed,1777553762243164,1,,,1777553762237206,1777553762243164,1777553762237206,1777553762243164,,,,client-1-3,Insert,-4978867,200,5958
client,client_request,completed,1777553762248011,1,,,1777553762243264,1777553762248011,1777553762243264,1777553762248011,,,,client-1-3,Insert,14177346,200,4747
client,client_request,completed,1777553762254458,1,,,1777553762249775,1777553762254458,1777553762249775,1777553762254458,,,,client-1-3,Remove,-2718777,200,4683
client,client_request,completed,1777553762260707,1,,,1777553762255147,1777553762260707,1777553762255147,1777553762260707,,,,client-1-3,Insert,-6709427,200,5560
client,client_request,completed,1777553762266431,1,,,1777553762261351,1777553762266431,1777553762261351,1777553762266431,,,,client-1-3,Insert,9759674,200,5080
client,client_request,completed,1777553762270858,1,,,1777553762266531,1777553762270858,1777553762266531,1777553762270858,,,,client-1-3,Remove,-10470037,200,4327
client,client_request,completed,1777553762275516,1,,,1777553762271457,1777553762275516,1777553762271457,1777553762275516,,,,client-1-3,Remove,3296146,200,4059
client,client_request,completed,1777553762281930,1,,,1777553762275615,1777553762281930,1777553762275615,1777553762281930,,,,client-1-3,Remove,-4638099,200,6315
client,client_request,completed,1777553762289860,1,,,1777553762282027,1777553762289860,1777553762282027,1777553762289860,,,,client-1-3,Remove,-381203,200,7833
client,client_request,completed,1777553762296437,1,,,1777553762291158,1777553762296437,1777553762291158,1777553762296437,,,,client-1-3,Insert,-998669,200,5279
client,client_request,completed,1777553762303405,1,,,1777553762297111,1777553762303405,1777553762297111,1777553762303405,,,,client-1-3,Remove,-4565457,200,6294
client,client_request,completed,1777553762307849,1,,,1777553762304582,1777553762307849,1777553762304582,1777553762307849,,,,client-1-3,Insert,655192,200,3267
client,client_request,completed,1777553762314054,1,,,1777553762308779,1777553762314054,1777553762308779,1777553762314054,,,,client-1-3,Insert,1624984,200,5275
client,client_request,completed,1777553762319941,1,,,1777553762315269,1777553762319941,1777553762315269,1777553762319941,,,,client-1-3,Insert,2288761,200,4672
client,client_request,completed,1777553762327438,1,,,1777553762320056,1777553762327438,1777553762320056,1777553762327438,,,,client-1-3,Remove,-2470513,200,7382
client,client_request,completed,1777553762335610,1,,,1777553762328249,1777553762335610,1777553762328249,1777553762335610,,,,client-1-3,Insert,5091387,200,7361
client,client_request,completed,1777553762343625,1,,,1777553762336173,1777553762343625,1777553762336173,1777553762343625,,,,client-1-3,Insert,-741447,200,7452
client,client_request,completed,1777553762350713,1,,,1777553762344270,1777553762350713,1777553762344270,1777553762350713,,,,client-1-3,Insert,3492502,200,6443
client,client_request,completed,1777553762355599,1,,,1777553762351473,1777553762355599,1777553762351473,1777553762355599,,,,client-1-3,Remove,6023620,200,4126
client,client_request,completed,1777553762361063,1,,,1777553762355698,1777553762361063,1777553762355698,1777553762361063,,,,client-1-3,Insert,-4311373,200,5365
client,client_request,completed,1777553762369483,1,,,1777553762362221,1777553762369483,1777553762362221,1777553762369483,,,,client-1-3,Remove,-7491116,200,7262
client,client_request,completed,1777553762375741,1,,,1777553762369976,1777553762375741,1777553762369976,1777553762375741,,,,client-1-3,Insert,312950,200,5765
client,client_request,completed,1777553762381326,1,,,1777553762375841,1777553762381326,1777553762375841,1777553762381326,,,,client-1-3,Remove,9709146,200,5485
client,client_request,completed,1777553762387407,1,,,1777553762381460,1777553762387407,1777553762381460,1777553762387407,,,,client-1-3,Insert,-6889286,200,5947
client,client_request,completed,1777553762393176,1,,,1777553762387509,1777553762393176,1777553762387509,1777553762393176,,,,client-1-3,Insert,2632679,200,5667
client,client_request,completed,1777553762399304,1,,,1777553762393278,1777553762399304,1777553762393278,1777553762399304,,,,client-1-3,Remove,393670,200,6026
client,client_request,completed,1777553762405591,1,,,1777553762399539,1777553762405591,1777553762399539,1777553762405591,,,,client-1-3,Remove,3278633,200,6052
client,client_request,completed,1777553762411762,1,,,1777553762406351,1777553762411762,1777553762406351,1777553762411762,,,,client-1-3,Remove,4878655,200,5411
client,client_request,completed,1777553762418183,1,,,1777553762412076,1777553762418183,1777553762412076,1777553762418183,,,,client-1-3,Remove,1738642,200,6107
client,client_request,completed,1777553762424839,1,,,1777553762419401,1777553762424839,1777553762419401,1777553762424839,,,,client-1-3,Remove,-1194249,200,5438
client,client_request,completed,1777553762428618,1,,,1777553762424941,1777553762428618,1777553762424941,1777553762428618,,,,client-1-3,Remove,13705375,200,3677
client,client_request,completed,1777553762435632,1,,,1777553762429997,1777553762435632,1777553762429997,1777553762435632,,,,client-1-3,Remove,-11008094,200,5635
client,client_request,completed,1777553762441573,1,,,1777553762435735,1777553762441573,1777553762435735,1777553762441573,,,,client-1-3,Remove,-6907099,200,5838
client,client_request,completed,1777553762448341,1,,,1777553762443183,1777553762448341,1777553762443183,1777553762448341,,,,client-1-3,Insert,8271542,200,5158
client,client_request,completed,1777553762454279,1,,,1777553762449412,1777553762454279,1777553762449412,1777553762454279,,,,client-1-3,Remove,-16688058,200,4867
client,client_request,completed,1777553762458634,1,,,1777553762454398,1777553762458634,1777553762454398,1777553762458634,,,,client-1-3,Remove,2579494,200,4236
client,client_request,completed,1777553762466541,1,,,1777553762459260,1777553762466541,1777553762459260,1777553762466541,,,,client-1-3,Remove,-13838392,200,7281
client,client_request,completed,1777553762472593,1,,,1777553762467311,1777553762472593,1777553762467311,1777553762472593,,,,client-1-3,Insert,-1042292,200,5282
client,client_request,completed,1777553762478229,1,,,1777553762473789,1777553762478229,1777553762473789,1777553762478229,,,,client-1-3,Remove,5191689,200,4440
client,client_request,completed,1777553762489896,1,,,1777553762479480,1777553762489896,1777553762479480,1777553762489896,,,,client-1-3,Insert,10591086,200,10416
client,client_request,completed,1777553762498028,1,,,1777553762491792,1777553762498028,1777553762491792,1777553762498028,,,,client-1-3,Remove,12942307,200,6236
client,client_request,completed,1777553762504890,1,,,1777553762498157,1777553762504890,1777553762498157,1777553762504890,,,,client-1-3,Remove,-11381870,200,6733
client,client_request,completed,1777553762509400,1,,,1777553762505313,1777553762509400,1777553762505313,1777553762509400,,,,client-1-3,Remove,12164790,200,4087
client,client_request,completed,1777553762515752,1,,,1777553762511029,1777553762515752,1777553762511029,1777553762515752,,,,client-1-3,Insert,14268104,200,4723
client,client_request,completed,1777553762519754,1,,,1777553762516676,1777553762519754,1777553762516676,1777553762519754,,,,client-1-3,Remove,-14103626,200,3078
client,client_request,completed,1777553762526051,1,,,1777553762519995,1777553762526051,1777553762519995,1777553762526051,,,,client-1-3,Remove,-13564269,200,6056
client,client_request,completed,1777553762531164,1,,,1777553762526574,1777553762531164,1777553762526574,1777553762531164,,,,client-1-3,Insert,-10981204,200,4590
client,client_request,completed,1777553762537308,1,,,1777553762531278,1777553762537308,1777553762531278,1777553762537308,,,,client-1-3,Insert,15154059,200,6030
client,client_request,completed,1777553762594865,1,,,1777553762537745,1777553762594865,1777553762537745,1777553762594865,,,,client-1-3,Insert,-2694096,200,57120
client,client_request,completed,1777553762601547,1,,,1777553762595015,1777553762601547,1777553762595015,1777553762601547,,,,client-1-3,Insert,7241551,200,6532
client,client_request,completed,1777553762609434,1,,,1777553762601655,1777553762609434,1777553762601655,1777553762609434,,,,client-1-3,Insert,10195901,200,7779
client,client_request,completed,1777553762617062,1,,,1777553762610028,1777553762617062,1777553762610028,1777553762617062,,,,client-1-3,Remove,-8836188,200,7034
client,client_request,completed,1777553762625162,1,,,1777553762617561,1777553762625162,1777553762617561,1777553762625162,,,,client-1-3,Insert,4668167,200,7601
client,client_request,completed,1777553762630614,1,,,1777553762625264,1777553762630614,1777553762625264,1777553762630614,,,,client-1-3,Insert,9205155,200,5350
client,client_request,completed,1777553762635500,1,,,1777553762630816,1777553762635500,1777553762630816,1777553762635500,,,,client-1-3,Remove,-1981477,200,4684
client,client_request,completed,1777553762640051,1,,,1777553762635801,1777553762640051,1777553762635801,1777553762640051,,,,client-1-3,Insert,11738072,200,4250
client,client_request,completed,1777553762647441,1,,,1777553762640392,1777553762647441,1777553762640392,1777553762647441,,,,client-1-3,Insert,-5163883,200,7049
client,client_request,completed,1777553762654680,1,,,1777553762648644,1777553762654680,1777553762648644,1777553762654680,,,,client-1-3,Remove,-3639935,200,6036
client,client_request,completed,1777553762660656,1,,,1777553762655497,1777553762660656,1777553762655497,1777553762660656,,,,client-1-3,Remove,8430974,200,5159
client,client_request,completed,1777553762667563,1,,,1777553762661003,1777553762667563,1777553762661003,1777553762667563,,,,client-1-3,Insert,-3781433,200,6560
client,client_request,completed,1777553762673716,1,,,1777553762667814,1777553762673716,1777553762667814,1777553762673716,,,,client-1-3,Insert,3828379,200,5902
client,client_request,completed,1777553762680056,1,,,1777553762673819,1777553762680056,1777553762673819,1777553762680056,,,,client-1-3,Insert,12614020,200,6237
client,client_request,completed,1777553762683865,1,,,1777553762680156,1777553762683865,1777553762680156,1777553762683865,,,,client-1-3,Insert,4457115,200,3709
client,client_request,completed,1777553762689735,1,,,1777553762684678,1777553762689735,1777553762684678,1777553762689735,,,,client-1-3,Remove,-6187292,200,5057
client,client_request,completed,1777553762698059,1,,,1777553762689923,1777553762698059,1777553762689923,1777553762698059,,,,client-1-3,Insert,5153287,200,8136
client,client_request,completed,1777553762703232,1,,,1777553762698405,1777553762703232,1777553762698405,1777553762703232,,,,client-1-3,Insert,-1953242,200,4827
client,client_request,completed,1777553762710980,1,,,1777553762703330,1777553762710980,1777553762703330,1777553762710980,,,,client-1-3,Remove,-15019117,200,7650
client,client_request,completed,1777553762719752,1,,,1777553762711628,1777553762719752,1777553762711628,1777553762719752,,,,client-1-3,Remove,-11098152,200,8124
client,client_request,completed,1777553762727040,1,,,1777553762720417,1777553762727040,1777553762720417,1777553762727040,,,,client-1-3,Insert,15201542,200,6623
client,client_request,completed,1777553762735112,1,,,1777553762728914,1777553762735112,1777553762728914,1777553762735112,,,,client-1-3,Insert,1112039,200,6198
client,client_request,completed,1777553762749117,1,,,1777553762736002,1777553762749117,1777553762736002,1777553762749117,,,,client-1-3,Remove,15008033,200,13115
client,client_request,completed,1777553762757644,1,,,1777553762749774,1777553762757644,1777553762749774,1777553762757644,,,,client-1-3,Remove,10361284,200,7870
client,client_request,completed,1777553762763946,1,,,1777553762758113,1777553762763946,1777553762758113,1777553762763946,,,,client-1-3,Insert,13387322,200,5833
client,client_request,completed,1777553762769516,1,,,1777553762765085,1777553762769516,1777553762765085,1777553762769516,,,,client-1-3,Insert,-5846993,200,4431
client,client_request,completed,1777553762776916,1,,,1777553762769732,1777553762776916,1777553762769732,1777553762776916,,,,client-1-3,Remove,12740503,200,7184
client,client_request,completed,1777553762783434,1,,,1777553762778280,1777553762783434,1777553762778280,1777553762783434,,,,client-1-3,Insert,-6369536,200,5154
client,client_request,completed,1777553762791245,1,,,1777553762784049,1777553762791245,1777553762784049,1777553762791245,,,,client-1-3,Insert,-8790427,200,7196
client,client_request,completed,1777553762799119,1,,,1777553762791345,1777553762799119,1777553762791345,1777553762799119,,,,client-1-3,Remove,7761151,200,7774
client,client_request,completed,1777553762804994,1,,,1777553762799630,1777553762804994,1777553762799630,1777553762804994,,,,client-1-3,Remove,-11123610,200,5364
client,client_request,completed,1777553762811163,1,,,1777553762805765,1777553762811163,1777553762805765,1777553762811163,,,,client-1-3,Insert,-13309460,200,5398
client,client_request,completed,1777553762818507,1,,,1777553762812216,1777553762818507,1777553762812216,1777553762818507,,,,client-1-3,Remove,7456135,200,6291
client,client_request,completed,1777553762825318,1,,,1777553762818745,1777553762825318,1777553762818745,1777553762825318,,,,client-1-3,Insert,9278826,200,6573
client,client_request,completed,1777553762829159,1,,,1777553762825818,1777553762829159,1777553762825818,1777553762829159,,,,client-1-3,Remove,-10413411,200,3341
client,client_request,completed,1777553762834762,1,,,1777553762829557,1777553762834762,1777553762829557,1777553762834762,,,,client-1-3,Remove,7511060,200,5205
client,client_request,completed,1777553762842491,1,,,1777553762836051,1777553762842491,1777553762836051,1777553762842491,,,,client-1-3,Insert,14014710,200,6440
client,client_request,completed,1777553762850263,1,,,1777553762842850,1777553762850263,1777553762842850,1777553762850263,,,,client-1-3,Remove,2794962,200,7413
client,client_request,completed,1777553762855913,1,,,1777553762850998,1777553762855913,1777553762850998,1777553762855913,,,,client-1-3,Insert,-12553658,200,4915
client,client_request,completed,1777553762861418,1,,,1777553762858366,1777553762861418,1777553762858366,1777553762861418,,,,client-1-3,Remove,-13517139,200,3052
client,client_request,completed,1777553762867514,1,,,1777553762861515,1777553762867514,1777553762861515,1777553762867514,,,,client-1-3,Insert,13558597,200,5999
client,client_request,completed,1777553762874224,1,,,1777553762868208,1777553762874224,1777553762868208,1777553762874224,,,,client-1-3,Insert,-384858,200,6016
client,client_request,completed,1777553762879876,1,,,1777553762874329,1777553762879876,1777553762874329,1777553762879876,,,,client-1-3,Remove,16194931,200,5547
client,client_request,completed,1777553762884609,1,,,1777553762880730,1777553762884609,1777553762880730,1777553762884609,,,,client-1-3,Insert,3309391,200,3879
client,client_request,completed,1777553762893730,1,,,1777553762884914,1777553762893730,1777553762884914,1777553762893730,,,,client-1-3,Insert,12441600,200,8816
client,client_request,completed,1777553762902256,1,,,1777553762895171,1777553762902256,1777553762895171,1777553762902256,,,,client-1-3,Remove,-16528411,200,7085
client,client_request,completed,1777553762906553,1,,,1777553762902387,1777553762906553,1777553762902387,1777553762906553,,,,client-1-3,Remove,-1533786,200,4166
client,client_request,completed,1777553762911726,1,,,1777553762907143,1777553762911726,1777553762907143,1777553762911726,,,,client-1-3,Insert,-1473201,200,4583
client,client_request,completed,1777553762920028,1,,,1777553762911841,1777553762920028,1777553762911841,1777553762920028,,,,client-1-3,Remove,-8556164,200,8187
client,client_request,completed,1777553762926885,1,,,1777553762920963,1777553762926885,1777553762920963,1777553762926885,,,,client-1-3,Insert,-1554416,200,5922
client,client_request,completed,1777553762931986,1,,,1777553762927410,1777553762931986,1777553762927410,1777553762931986,,,,client-1-3,Remove,6843453,200,4576
client,client_request,completed,1777553762937777,1,,,1777553762932755,1777553762937777,1777553762932755,1777553762937777,,,,client-1-3,Remove,-7890398,200,5022
client,client_request,completed,1777553762944258,1,,,1777553762938875,1777553762944258,1777553762938875,1777553762944258,,,,client-1-3,Remove,-7746574,200,5383
client,client_request,completed,1777553762950650,1,,,1777553762944340,1777553762950650,1777553762944340,1777553762950650,,,,client-1-3,Remove,-5364490,200,6310
client,client_request,completed,1777553762986861,1,,,1777553762951453,1777553762986861,1777553762951453,1777553762986861,,,,client-1-3,Insert,5457809,200,35408
client,client_request,completed,1777553763000606,1,,,1777553762987830,1777553763000606,1777553762987830,1777553763000606,,,,client-1-3,Remove,204819,200,12776
client,client_request,completed,1777553763017804,1,,,1777553763002494,1777553763017804,1777553763002494,1777553763017804,,,,client-1-3,Remove,14120956,200,15310
client,client_request,completed,1777553763036146,1,,,1777553763019808,1777553763036146,1777553763019808,1777553763036146,,,,client-1-3,Insert,-2290707,200,16338
client,client_request,completed,1777553763045052,1,,,1777553763037078,1777553763045052,1777553763037078,1777553763045052,,,,client-1-3,Insert,364256,200,7974
client,client_request,completed,1777553763052283,1,,,1777553763045778,1777553763052283,1777553763045778,1777553763052283,,,,client-1-3,Remove,1432015,200,6505
client,client_request,completed,1777553763061663,1,,,1777553763052876,1777553763061663,1777553763052876,1777553763061663,,,,client-1-3,Insert,4275149,200,8787
client,client_request,completed,1777553763074850,1,,,1777553763062833,1777553763074850,1777553763062833,1777553763074850,,,,client-1-3,Insert,-3871968,200,12017
client,client_request,completed,1777553763090369,1,,,1777553763074966,1777553763090369,1777553763074966,1777553763090369,,,,client-1-3,Insert,12892287,200,15403
client,client_request,completed,1777553763107220,1,,,1777553763091506,1777553763107220,1777553763091506,1777553763107220,,,,client-1-3,Remove,-11758611,200,15714
client,client_request,completed,1777553763115337,1,,,1777553763107326,1777553763115337,1777553763107326,1777553763115337,,,,client-1-3,Remove,-4407647,200,8011
client,client_request,completed,1777553763127988,1,,,1777553763116754,1777553763127988,1777553763116754,1777553763127988,,,,client-1-3,Insert,12261361,200,11234
client,client_request,completed,1777553763138385,1,,,1777553763128097,1777553763138385,1777553763128097,1777553763138385,,,,client-1-3,Insert,15731,200,10288
client,client_request,completed,1777553763149045,1,,,1777553763138487,1777553763149045,1777553763138487,1777553763149045,,,,client-1-3,Insert,-14249834,200,10558
client,client_request,completed,1777553763163959,1,,,1777553763151510,1777553763163959,1777553763151510,1777553763163959,,,,client-1-3,Remove,16345328,200,12449
client,client_request,completed,1777553763177384,1,,,1777553763164653,1777553763177384,1777553763164653,1777553763177384,,,,client-1-3,Remove,14074659,200,12731
client,client_request,completed,1777553763195021,1,,,1777553763178803,1777553763195021,1777553763178803,1777553763195021,,,,client-1-3,Insert,4239320,200,16218
client,client_request,completed,1777553763214639,1,,,1777553763202393,1777553763214639,1777553763202393,1777553763214639,,,,client-1-3,Insert,11228758,200,12246
client,client_request,completed,1777553763221969,1,,,1777553763214770,1777553763221969,1777553763214770,1777553763221969,,,,client-1-3,Insert,11653966,200,7199
client,client_request,completed,1777553763237951,1,,,1777553763223106,1777553763237951,1777553763223106,1777553763237951,,,,client-1-3,Remove,4209405,200,14845
client,client_request,completed,1777553763249157,1,,,1777553763238056,1777553763249157,1777553763238056,1777553763249157,,,,client-1-3,Insert,-11646504,200,11101
client,client_request,completed,1777553763264718,1,,,1777553763249269,1777553763264718,1777553763249269,1777553763264718,,,,client-1-3,Remove,-6659865,200,15449
client,client_request,completed,1777553763282700,1,,,1777553763270055,1777553763282700,1777553763270055,1777553763282700,,,,client-1-3,Insert,1969291,200,12645
client,client_request,completed,1777553763293800,1,,,1777553763283691,1777553763293800,1777553763283691,1777553763293800,,,,client-1-3,Remove,-942849,200,10109
client,client_request,completed,1777553763311388,1,,,1777553763294592,1777553763311388,1777553763294592,1777553763311388,,,,client-1-3,Insert,-4901556,200,16796
client,client_request,completed,1777553763326962,1,,,1777553763313382,1777553763326962,1777553763313382,1777553763326962,,,,client-1-3,Insert,3309349,200,13580
client,client_request,completed,1777553763336278,1,,,1777553763327864,1777553763336278,1777553763327864,1777553763336278,,,,client-1-3,Remove,16138293,200,8414
client,client_request,completed,1777553763352092,1,,,1777553763339165,1777553763352092,1777553763339165,1777553763352092,,,,client-1-3,Remove,-458253,200,12927
client,client_request,completed,1777553763369010,1,,,1777553763355534,1777553763369010,1777553763355534,1777553763369010,,,,client-1-3,Remove,3593903,200,13476
client,client_request,completed,1777553763389159,1,,,1777553763372239,1777553763389159,1777553763372239,1777553763389159,,,,client-1-3,Insert,-13736582,200,16920
client,client_request,completed,1777553763418708,1,,,1777553763391416,1777553763418708,1777553763391416,1777553763418708,,,,client-1-3,Insert,8762214,200,27292
client,client_request,completed,1777553763435322,1,,,1777553763418834,1777553763435322,1777553763418834,1777553763435322,,,,client-1-3,Remove,3350338,200,16488
client,client_request,completed,1777553763455436,1,,,1777553763435434,1777553763455436,1777553763435434,1777553763455436,,,,client-1-3,Remove,15244677,200,20002
client,client_request,completed,1777553763475992,1,,,1777553763456653,1777553763475992,1777553763456653,1777553763475992,,,,client-1-3,Insert,12438077,200,19339
client,client_request,completed,1777553763494332,1,,,1777553763481032,1777553763494332,1777553763481032,1777553763494332,,,,client-1-3,Insert,-11329543,200,13300
client,client_request,completed,1777553763507807,1,,,1777553763495395,1777553763507807,1777553763495395,1777553763507807,,,,client-1-3,Insert,-16451841,200,12412
client,client_request,completed,1777553763522463,1,,,1777553763510158,1777553763522463,1777553763510158,1777553763522463,,,,client-1-3,Insert,5889919,200,12305
client,client_request,completed,1777553763543587,1,,,1777553763523673,1777553763543587,1777553763523673,1777553763543587,,,,client-1-3,Remove,8095334,200,19914
client,client_request,completed,1777553763605438,1,,,1777553763544304,1777553763605438,1777553763544304,1777553763605438,,,,client-1-3,Remove,10368272,200,61134
client,client_request,completed,1777553763621968,1,,,1777553763605567,1777553763621968,1777553763605567,1777553763621968,,,,client-1-3,Insert,6408266,200,16401
client,client_request,completed,1777553763633356,1,,,1777553763624168,1777553763633356,1777553763624168,1777553763633356,,,,client-1-3,Insert,-14981731,200,9188
client,client_request,completed,1777553763653398,1,,,1777553763633466,1777553763653398,1777553763633466,1777553763653398,,,,client-1-3,Remove,-6416377,200,19932
client,client_request,completed,1777553763677514,1,,,1777553763654959,1777553763677514,1777553763654959,1777553763677514,,,,client-1-3,Remove,10737412,200,22555
client,client_request,completed,1777553763689993,1,,,1777553763677616,1777553763689993,1777553763677616,1777553763689993,,,,client-1-3,Insert,16018231,200,12377
client,client_request,completed,1777553763700031,1,,,1777553763690107,1777553763700031,1777553763690107,1777553763700031,,,,client-1-3,Insert,13755030,200,9924
client,client_request,completed,1777553763718100,1,,,1777553763703373,1777553763718100,1777553763703373,1777553763718100,,,,client-1-3,Insert,-8374372,200,14727
client,client_request,completed,1777553763729044,1,,,1777553763718200,1777553763729044,1777553763718200,1777553763729044,,,,client-1-3,Remove,6750307,200,10844
client,client_request,completed,1777553763737970,1,,,1777553763729173,1777553763737970,1777553763729173,1777553763737970,,,,client-1-3,Insert,14539438,200,8797
client,client_request,completed,1777553763754053,1,,,1777553763739320,1777553763754053,1777553763739320,1777553763754053,,,,client-1-3,Remove,-1953118,200,14733
client,client_request,completed,1777553763768964,1,,,1777553763754806,1777553763768964,1777553763754806,1777553763768964,,,,client-1-3,Remove,-4466492,200,14158
client,client_request,completed,1777553763778861,1,,,1777553763771638,1777553763778861,1777553763771638,1777553763778861,,,,client-1-3,Insert,8365619,200,7223
client,client_request,completed,1777553763784542,1,,,1777553763780086,1777553763784542,1777553763780086,1777553763784542,,,,client-1-3,Insert,-14749520,200,4456
client,client_request,completed,1777553763789520,1,,,1777553763785028,1777553763789520,1777553763785028,1777553763789520,,,,client-1-3,Insert,3169322,200,4492
client,client_request,completed,1777553763796239,1,,,1777553763790652,1777553763796239,1777553763790652,1777553763796239,,,,client-1-3,Insert,6612242,200,5587
client,client_request,completed,1777553763801470,1,,,1777553763796537,1777553763801470,1777553763796537,1777553763801470,,,,client-1-3,Remove,-16174314,200,4933
client,client_request,completed,1777553763809282,1,,,1777553763802580,1777553763809282,1777553763802580,1777553763809282,,,,client-1-3,Insert,5300181,200,6702
client,client_request,completed,1777553763814921,1,,,1777553763809681,1777553763814921,1777553763809681,1777553763814921,,,,client-1-3,Remove,-4417119,200,5240
client,client_request,completed,1777553763819209,1,,,1777553763815604,1777553763819209,1777553763815604,1777553763819209,,,,client-1-3,Remove,4692444,200,3605
client,client_request,completed,1777553763827094,1,,,1777553763820773,1777553763827094,1777553763820773,1777553763827094,,,,client-1-3,Insert,16601152,200,6321
client,client_request,completed,1777553763836983,1,,,1777553763828129,1777553763836983,1777553763828129,1777553763836983,,,,client-1-3,Insert,-15737460,200,8854
client,client_request,completed,1777553763852305,1,,,1777553763838379,1777553763852305,1777553763838379,1777553763852305,,,,client-1-3,Remove,13556047,200,13926
client,client_request,completed,1777553763865769,1,,,1777553763853890,1777553763865769,1777553763853890,1777553763865769,,,,client-1-3,Remove,9066889,200,11879
client,client_request,completed,1777553763880054,1,,,1777553763865898,1777553763880054,1777553763865898,1777553763880054,,,,client-1-3,Insert,4791541,200,14156
client,client_request,completed,1777553763893903,1,,,1777553763883025,1777553763893903,1777553763883025,1777553763893903,,,,client-1-3,Insert,948090,200,10878
client,client_request,completed,1777553763912252,1,,,1777553763895216,1777553763912252,1777553763895216,1777553763912252,,,,client-1-3,Remove,-12229991,200,17036
client,client_request,completed,1777553763926641,1,,,1777553763913914,1777553763926641,1777553763913914,1777553763926641,,,,client-1-3,Remove,1271333,200,12727
client,client_request,completed,1777553763938171,1,,,1777553763928040,1777553763938171,1777553763928040,1777553763938171,,,,client-1-3,Remove,-1279890,200,10131
client,client_request,completed,1777553763956486,1,,,1777553763939455,1777553763956486,1777553763939455,1777553763956486,,,,client-1-3,Insert,-1509062,200,17031
client,client_request,completed,1777553763977311,1,,,1777553763957640,1777553763977311,1777553763957640,1777553763977311,,,,client-1-3,Insert,11267481,200,19671
client,client_request,completed,1777553763988692,1,,,1777553763977415,1777553763988692,1777553763977415,1777553763988692,,,,client-1-3,Remove,-1833127,200,11277
client,client_request,completed,1777553764002758,1,,,1777553763990117,1777553764002758,1777553763990117,1777553764002758,,,,client-1-3,Remove,-910725,200,12641
client,client_request,completed,1777553764016696,1,,,1777553764002859,1777553764016696,1777553764002859,1777553764016696,,,,client-1-3,Remove,-14795655,200,13837
client,client_request,completed,1777553764034400,1,,,1777553764018411,1777553764034400,1777553764018411,1777553764034400,,,,client-1-3,Remove,11143915,200,15989
client,client_request,completed,1777553764050508,1,,,1777553764034540,1777553764050508,1777553764034540,1777553764050508,,,,client-1-3,Insert,-1613490,200,15968
client,client_request,completed,1777553764067763,1,,,1777553764050656,1777553764067763,1777553764050656,1777553764067763,,,,client-1-3,Insert,-14264445,200,17107
client,client_request,completed,1777553764083157,1,,,1777553764068798,1777553764083157,1777553764068798,1777553764083157,,,,client-1-3,Remove,-2950692,200,14359
client,client_request,completed,1777553764111454,1,,,1777553764084206,1777553764111454,1777553764084206,1777553764111454,,,,client-1-3,Remove,827048,200,27248
client,client_request,completed,1777553764130404,1,,,1777553764111594,1777553764130404,1777553764111594,1777553764130404,,,,client-1-3,Remove,7135549,200,18810
client,client_request,completed,1777553764141882,1,,,1777553764130532,1777553764141882,1777553764130532,1777553764141882,,,,client-1-3,Insert,7578468,200,11350
client,client_request,completed,1777553764154020,1,,,1777553764142015,1777553764154020,1777553764142015,1777553764154020,,,,client-1-3,Remove,-14384834,200,12005
client,client_request,completed,1777553764173087,1,,,1777553764155207,1777553764173087,1777553764155207,1777553764173087,,,,client-1-3,Insert,3060059,200,17880
client,client_request,completed,1777553764185722,1,,,1777553764173194,1777553764185722,1777553764173194,1777553764185722,,,,client-1-3,Insert,2503616,200,12528
client,client_request,completed,1777553764198485,1,,,1777553764186885,1777553764198485,1777553764186885,1777553764198485,,,,client-1-3,Insert,2683388,200,11600
client,client_request,completed,1777553764207609,1,,,1777553764198590,1777553764207609,1777553764198590,1777553764207609,,,,client-1-3,Remove,-12778424,200,9019
client,client_request,completed,1777553764223420,1,,,1777553764207730,1777553764223420,1777553764207730,1777553764223420,,,,client-1-3,Remove,6185112,200,15690
client,client_request,completed,1777553764231577,1,,,1777553764224143,1777553764231577,1777553764224143,1777553764231577,,,,client-1-3,Remove,-1090167,200,7434
client,client_request,completed,1777553764240995,1,,,1777553764233179,1777553764240995,1777553764233179,1777553764240995,,,,client-1-3,Insert,2990381,200,7816
client,client_request,completed,1777553764255174,1,,,1777553764241509,1777553764255174,1777553764241509,1777553764255174,,,,client-1-3,Remove,9518126,200,13665
client,client_request,completed,1777553764268470,1,,,1777553764255281,1777553764268470,1777553764255281,1777553764268470,,,,client-1-3,Remove,-14539655,200,13189
client,client_request,completed,1777553764280400,1,,,1777553764268580,1777553764280400,1777553764268580,1777553764280400,,,,client-1-3,Insert,-15264517,200,11820
client,client_request,completed,1777553764297662,1,,,1777553764284428,1777553764297662,1777553764284428,1777553764297662,,,,client-1-3,Remove,3385216,200,13234
client,client_request,completed,1777553764322876,1,,,1777553764303288,1777553764322876,1777553764303288,1777553764322876,,,,client-1-3,Remove,11167660,200,19588
client,client_request,completed,1777553764337973,1,,,1777553764328222,1777553764337973,1777553764328222,1777553764337973,,,,client-1-3,Insert,165324,200,9751
client,client_request,completed,1777553764352093,1,,,1777553764340462,1777553764352093,1777553764340462,1777553764352093,,,,client-1-3,Remove,16275509,200,11631
client,client_request,completed,1777553764368377,1,,,1777553764354675,1777553764368377,1777553764354675,1777553764368377,,,,client-1-3,Insert,2678039,200,13702
client,client_request,completed,1777553764394563,1,,,1777553764372470,1777553764394563,1777553764372470,1777553764394563,,,,client-1-3,Remove,-6848283,200,22093
client,client_request,completed,1777553764408657,1,,,1777553764395598,1777553764408657,1777553764395598,1777553764408657,,,,client-1-3,Insert,-11315032,200,13059
client,client_request,completed,1777553764426314,1,,,1777553764413896,1777553764426314,1777553764413896,1777553764426314,,,,client-1-3,Remove,-5740960,200,12418
client,client_request,completed,1777553764439440,1,,,1777553764426442,1777553764439440,1777553764426442,1777553764439440,,,,client-1-3,Insert,15099575,200,12998
client,client_request,completed,1777553764450642,1,,,1777553764441839,1777553764450642,1777553764441839,1777553764450642,,,,client-1-3,Insert,11369744,200,8803
client,client_request,completed,1777553764462872,1,,,1777553764452200,1777553764462872,1777553764452200,1777553764462872,,,,client-1-3,Insert,-7509986,200,10672
client,client_request,completed,1777553764475957,1,,,1777553764463000,1777553764475957,1777553764463000,1777553764475957,,,,client-1-3,Insert,-9059657,200,12957
client,client_request,completed,1777553764484747,1,,,1777553764476074,1777553764484747,1777553764476074,1777553764484747,,,,client-1-3,Insert,10781478,200,8673
client,client_request,completed,1777553764506967,1,,,1777553764488330,1777553764506967,1777553764488330,1777553764506967,,,,client-1-3,Remove,-567043,200,18637
client,client_request,completed,1777553764520306,1,,,1777553764510535,1777553764520306,1777553764510535,1777553764520306,,,,client-1-3,Insert,-11565371,200,9771
client,client_request,completed,1777553764533171,1,,,1777553764523997,1777553764533171,1777553764523997,1777553764533171,,,,client-1-3,Insert,2995134,200,9174
client,client_request,completed,1777553764598450,1,,,1777553764533265,1777553764598450,1777553764533265,1777553764598450,,,,client-1-3,Insert,-13914018,200,65185
client,client_request,completed,1777553764610363,1,,,1777553764598558,1777553764610363,1777553764598558,1777553764610363,,,,client-1-3,Insert,1893771,200,11805
client,client_request,completed,1777553764630437,1,,,1777553764611250,1777553764630437,1777553764611250,1777553764630437,,,,client-1-3,Insert,2346271,200,19187
client,client_request,completed,1777553764656590,1,,,1777553764631782,1777553764656590,1777553764631782,1777553764656590,,,,client-1-3,Remove,-14250434,200,24808
client,client_request,completed,1777553764673086,1,,,1777553764661721,1777553764673086,1777553764661721,1777553764673086,,,,client-1-3,Remove,16551264,200,11365
client,client_request,completed,1777553764685766,1,,,1777553764674330,1777553764685766,1777553764674330,1777553764685766,,,,client-1-3,Remove,-13472104,200,11436
client,client_request,completed,1777553764704709,1,,,1777553764687220,1777553764704709,1777553764687220,1777553764704709,,,,client-1-3,Insert,-15282676,200,17489
client,client_request,completed,1777553764723720,1,,,1777553764704825,1777553764723720,1777553764704825,1777553764723720,,,,client-1-3,Remove,-11751868,200,18895
client,client_request,completed,1777553764743225,1,,,1777553764725750,1777553764743225,1777553764725750,1777553764743225,,,,client-1-3,Remove,10683052,200,17475
client,client_request,completed,1777553764756287,1,,,1777553764745281,1777553764756287,1777553764745281,1777553764756287,,,,client-1-3,Insert,-8375130,200,11006
client,client_request,completed,1777553764766516,1,,,1777553764759156,1777553764766516,1777553764759156,1777553764766516,,,,client-1-3,Insert,9495835,200,7360
client,client_request,completed,1777553764775862,1,,,1777553764767679,1777553764775862,1777553764767679,1777553764775862,,,,client-1-3,Remove,-7462117,200,8183
client,client_request,completed,1777553764784981,1,,,1777553764778339,1777553764784981,1777553764778339,1777553764784981,,,,client-1-3,Remove,8229380,200,6642
client,client_request,completed,1777553764790733,1,,,1777553764785194,1777553764790733,1777553764785194,1777553764790733,,,,client-1-3,Insert,13687312,200,5539
client,client_request,completed,1777553764795952,1,,,1777553764791918,1777553764795952,1777553764791918,1777553764795952,,,,client-1-3,Remove,289138,200,4034
client,client_request,completed,1777553764800833,1,,,1777553764796248,1777553764800833,1777553764796248,1777553764800833,,,,client-1-3,Insert,6035553,200,4585
client,client_request,completed,1777553764808619,1,,,1777553764801487,1777553764808619,1777553764801487,1777553764808619,,,,client-1-3,Insert,14992750,200,7132
client,client_request,completed,1777553764814358,1,,,1777553764808832,1777553764814358,1777553764808832,1777553764814358,,,,client-1-3,Remove,8230335,200,5526
client,client_request,completed,1777553764820287,1,,,1777553764814948,1777553764820287,1777553764814948,1777553764820287,,,,client-1-3,Remove,6393600,200,5339
client,client_request,completed,1777553764835447,1,,,1777553764821216,1777553764835447,1777553764821216,1777553764835447,,,,client-1-3,Insert,-13140352,200,14231
client,client_request,completed,1777553764849343,1,,,1777553764837947,1777553764849343,1777553764837947,1777553764849343,,,,client-1-3,Remove,-5332991,200,11396
client,client_request,completed,1777553764873409,1,,,1777553764850547,1777553764873409,1777553764850547,1777553764873409,,,,client-1-3,Insert,-3221377,200,22862
client,client_request,completed,1777553764895669,1,,,1777553764873518,1777553764895669,1777553764873518,1777553764895669,,,,client-1-3,Insert,-8827849,200,22151
client,client_request,completed,1777553764903411,1,,,1777553764897685,1777553764903411,1777553764897685,1777553764903411,,,,client-1-3,Insert,13532103,200,5726
client,client_request,completed,1777553764923245,1,,,1777553764904311,1777553764923245,1777553764904311,1777553764923245,,,,client-1-3,Insert,3286114,200,18934
client,client_request,completed,1777553764944289,1,,,1777553764925433,1777553764944289,1777553764925433,1777553764944289,,,,client-1-3,Remove,-193342,200,18856
client,client_request,completed,1777553764962040,1,,,1777553764945251,1777553764962040,1777553764945251,1777553764962040,,,,client-1-3,Remove,-8787094,200,16789
client,client_request,completed,1777553764968565,1,,,1777553764962161,1777553764968565,1777553764962161,1777553764968565,,,,client-1-3,Remove,-12144657,200,6404
client,client_request,completed,1777553764980385,1,,,1777553764969870,1777553764980385,1777553764969870,1777553764980385,,,,client-1-3,Remove,11778739,200,10515
client,client_request,completed,1777553764996770,1,,,1777553764981319,1777553764996770,1777553764981319,1777553764996770,,,,client-1-3,Remove,-14953257,200,15451
client,client_request,completed,1777553765015482,1,,,1777553764999851,1777553765015482,1777553764999851,1777553765015482,,,,client-1-3,Remove,7547630,200,15631
client,client_request,completed,1777553765025843,1,,,1777553765016539,1777553765025843,1777553765016539,1777553765025843,,,,client-1-3,Remove,2935016,200,9304
client,client_request,completed,1777553765034835,1,,,1777553765027356,1777553765034835,1777553765027356,1777553765034835,,,,client-1-3,Insert,11484514,200,7479
client,client_request,completed,1777553765041287,1,,,1777553765035457,1777553765041287,1777553765035457,1777553765041287,,,,client-1-3,Insert,-15546689,200,5830
client,client_request,completed,1777553765066848,1,,,1777553765044137,1777553765066848,1777553765044137,1777553765066848,,,,client-1-3,Remove,-8646733,200,22711
client,client_request,completed,1777553765077867,1,,,1777553765066987,1777553765077867,1777553765066987,1777553765077867,,,,client-1-3,Insert,1581919,200,10880
client,client_request,completed,1777553765091619,1,,,1777553765077973,1777553765091619,1777553765077973,1777553765091619,,,,client-1-3,Remove,-1758860,200,13646
client,client_request,completed,1777553765101814,1,,,1777553765093730,1777553765101814,1777553765093730,1777553765101814,,,,client-1-3,Remove,6709553,200,8084
client,client_request,completed,1777553765108910,1,,,1777553765101916,1777553765108910,1777553765101916,1777553765108910,,,,client-1-3,Remove,-7543628,200,6994
client,client_request,completed,1777553765124528,1,,,1777553765111104,1777553765124528,1777553765111104,1777553765124528,,,,client-1-3,Insert,-4434760,200,13424
client,client_request,completed,1777553765145423,1,,,1777553765128430,1777553765145423,1777553765128430,1777553765145423,,,,client-1-3,Insert,-6246773,200,16993
client,client_request,completed,1777553765156865,1,,,1777553765146013,1777553765156865,1777553765146013,1777553765156865,,,,client-1-3,Remove,3949661,200,10852
client,client_request,completed,1777553765166624,1,,,1777553765158372,1777553765166624,1777553765158372,1777553765166624,,,,client-1-3,Insert,9677861,200,8252
client,client_request,completed,1777553765182704,1,,,1777553765168446,1777553765182704,1777553765168446,1777553765182704,,,,client-1-3,Remove,49515,200,14258
client,client_request,completed,1777553765194509,1,,,1777553765184307,1777553765194509,1777553765184307,1777553765194509,,,,client-1-3,Remove,1983243,200,10202
client,client_request,completed,1777553765207137,1,,,1777553765194625,1777553765207137,1777553765194625,1777553765207137,,,,client-1-3,Remove,-8536134,200,12512
client,client_request,completed,1777553765225543,1,,,1777553765210101,1777553765225543,1777553765210101,1777553765225543,,,,client-1-3,Insert,-6034770,200,15442
client,client_request,completed,1777553765233606,1,,,1777553765225670,1777553765233606,1777553765225670,1777553765233606,,,,client-1-3,Insert,-3993042,200,7936
client,client_request,completed,1777553765254223,1,,,1777553765238641,1777553765254223,1777553765238641,1777553765254223,,,,client-1-3,Remove,9187214,200,15582
client,client_request,completed,1777553765263472,1,,,1777553765256448,1777553765263472,1777553765256448,1777553765263472,,,,client-1-3,Insert,-10366987,200,7024
client,client_request,completed,1777553765274625,1,,,1777553765266423,1777553765274625,1777553765266423,1777553765274625,,,,client-1-3,Insert,-9794890,200,8202
client,client_request,completed,1777553765286140,1,,,1777553765274722,1777553765286140,1777553765274722,1777553765286140,,,,client-1-3,Remove,1143257,200,11418
client,client_request,completed,1777553765303118,1,,,1777553765286264,1777553765303118,1777553765286264,1777553765303118,,,,client-1-3,Insert,14413232,200,16854
client,client_request,completed,1777553765314541,1,,,1777553765303244,1777553765314541,1777553765303244,1777553765314541,,,,client-1-3,Insert,16068237,200,11297
client,client_request,completed,1777553765324772,1,,,1777553765314649,1777553765324772,1777553765314649,1777553765324772,,,,client-1-3,Remove,-5953340,200,10123
client,client_request,completed,1777553765339477,1,,,1777553765324877,1777553765339477,1777553765324877,1777553765339477,,,,client-1-3,Insert,-16624438,200,14600
client,client_request,completed,1777553765350950,1,,,1777553765341119,1777553765350950,1777553765341119,1777553765350950,,,,client-1-3,Remove,-5137006,200,9831
client,client_request,completed,1777553765362464,1,,,1777553765352066,1777553765362464,1777553765352066,1777553765362464,,,,client-1-3,Insert,-16494050,200,10398
client,client_request,completed,1777553765385462,1,,,1777553765363596,1777553765385462,1777553765363596,1777553765385462,,,,client-1-3,Insert,-6298246,200,21866
client,client_request,completed,1777553765393229,1,,,1777553765385586,1777553765393229,1777553765385586,1777553765393229,,,,client-1-3,Remove,7659625,200,7643
client,client_request,completed,1777553765404714,1,,,1777553765393346,1777553765404714,1777553765393346,1777553765404714,,,,client-1-3,Remove,-3527710,200,11368
client,client_request,completed,1777553765416352,1,,,1777553765406283,1777553765416352,1777553765406283,1777553765416352,,,,client-1-3,Insert,9299255,200,10069
client,client_request,completed,1777553765432372,1,,,1777553765420482,1777553765432372,1777553765420482,1777553765432372,,,,client-1-3,Remove,3675924,200,11890
client,client_request,completed,1777553765441330,1,,,1777553765433690,1777553765441330,1777553765433690,1777553765441330,,,,client-1-3,Insert,-8897935,200,7640
client,client_request,completed,1777553765453910,1,,,1777553765441425,1777553765453910,1777553765441425,1777553765453910,,,,client-1-3,Remove,-9799260,200,12485
client,client_request,completed,1777553765474305,1,,,1777553765454014,1777553765474305,1777553765454014,1777553765474305,,,,client-1-3,Remove,-5682240,200,20291
client,client_request,completed,1777553765482680,1,,,1777553765475703,1777553765482680,1777553765475703,1777553765482680,,,,client-1-3,Remove,15842423,200,6977
client,client_request,completed,1777553765496041,1,,,1777553765486177,1777553765496041,1777553765486177,1777553765496041,,,,client-1-3,Insert,-13727093,200,9864
client,client_request,completed,1777553765503736,1,,,1777553765496664,1777553765503736,1777553765496664,1777553765503736,,,,client-1-3,Insert,-11639449,200,7072
client,client_request,completed,1777553765525233,1,,,1777553765507295,1777553765525233,1777553765507295,1777553765525233,,,,client-1-3,Remove,13980953,200,17938
client,client_request,completed,1777553765537256,1,,,1777553765526083,1777553765537256,1777553765526083,1777553765537256,,,,client-1-3,Remove,-16210058,200,11173
client,client_request,completed,1777553765595340,1,,,1777553765538070,1777553765595340,1777553765538070,1777553765595340,,,,client-1-3,Remove,4756457,200,57270
client,client_request,completed,1777553765605201,1,,,1777553765596711,1777553765605201,1777553765596711,1777553765605201,,,,client-1-3,Remove,-10339785,200,8490
client,client_request,completed,1777553765615803,1,,,1777553765605893,1777553765615803,1777553765605893,1777553765615803,,,,client-1-3,Remove,4002146,200,9910
client,client_request,completed,1777553765621360,1,,,1777553765615901,1777553765621360,1777553765615901,1777553765621360,,,,client-1-3,Insert,16669050,200,5459
client,client_request,completed,1777553765628805,1,,,1777553765621459,1777553765628805,1777553765621459,1777553765628805,,,,client-1-3,Insert,-7293275,200,7346
client,client_request,completed,1777553765638682,1,,,1777553765628907,1777553765638682,1777553765628907,1777553765638682,,,,client-1-3,Remove,9583895,200,9775
client,client_request,completed,1777553765655352,1,,,1777553765639489,1777553765655352,1777553765639489,1777553765655352,,,,client-1-3,Insert,12723295,200,15863
client,client_request,completed,1777553765666970,1,,,1777553765658552,1777553765666970,1777553765658552,1777553765666970,,,,client-1-3,Remove,-11785009,200,8418
client,client_request,completed,1777553765676856,1,,,1777553765667093,1777553765676856,1777553765667093,1777553765676856,,,,client-1-3,Insert,15870560,200,9763
client,client_request,completed,1777553765689823,1,,,1777553765676956,1777553765689823,1777553765676956,1777553765689823,,,,client-1-3,Remove,10510160,200,12867
client,client_request,completed,1777553765701733,1,,,1777553765689947,1777553765701733,1777553765689947,1777553765701733,,,,client-1-3,Insert,-1288056,200,11786
client,client_request,completed,1777553765720067,1,,,1777553765708196,1777553765720067,1777553765708196,1777553765720067,,,,client-1-3,Remove,-13999811,200,11871
client,client_request,completed,1777553765736167,1,,,1777553765723588,1777553765736167,1777553765723588,1777553765736167,,,,client-1-3,Remove,3354477,200,12579
client,client_request,completed,1777553765745965,1,,,1777553765737843,1777553765745965,1777553765737843,1777553765745965,,,,client-1-3,Insert,-9897738,200,8122
client,client_request,completed,1777553765766181,1,,,1777553765747598,1777553765766181,1777553765747598,1777553765766181,,,,client-1-3,Remove,15340362,200,18583
client,client_request,completed,1777553765774222,1,,,1777553765766323,1777553765774222,1777553765766323,1777553765774222,,,,client-1-3,Remove,-6353834,200,7899
client,client_request,completed,1777553765778600,1,,,1777553765774326,1777553765778600,1777553765774326,1777553765778600,,,,client-1-3,Insert,-7665557,200,4274
client,client_request,completed,1777553765785534,1,,,1777553765779018,1777553765785534,1777553765779018,1777553765785534,,,,client-1-3,Remove,-824923,200,6516
client,client_request,completed,1777553765790734,1,,,1777553765785639,1777553765790734,1777553765785639,1777553765790734,,,,client-1-3,Insert,2604984,200,5095
client,client_request,completed,1777553765800744,1,,,1777553765791525,1777553765800744,1777553765791525,1777553765800744,,,,client-1-3,Insert,15280552,200,9219
client,client_request,completed,1777553765807872,1,,,1777553765800845,1777553765807872,1777553765800845,1777553765807872,,,,client-1-3,Remove,-3394438,200,7027
client,client_request,completed,1777553765813764,1,,,1777553765807985,1777553765813764,1777553765807985,1777553765813764,,,,client-1-3,Remove,-1171548,200,5779
client,client_request,completed,1777553765819976,1,,,1777553765813877,1777553765819976,1777553765813877,1777553765819976,,,,client-1-3,Insert,-1158142,200,6099
client,client_request,completed,1777553765827613,1,,,1777553765820639,1777553765827613,1777553765820639,1777553765827613,,,,client-1-3,Insert,2911687,200,6974
client,client_request,completed,1777553765836814,1,,,1777553765828751,1777553765836814,1777553765828751,1777553765836814,,,,client-1-3,Remove,12604044,200,8063
client,client_request,completed,1777553765849470,1,,,1777553765837486,1777553765849470,1777553765837486,1777553765849470,,,,client-1-3,Insert,12766111,200,11984
client,client_request,completed,1777553765860789,1,,,1777553765850670,1777553765860789,1777553765850670,1777553765860789,,,,client-1-3,Remove,-3339186,200,10119
client,client_request,completed,1777553765872357,1,,,1777553765861571,1777553765872357,1777553765861571,1777553765872357,,,,client-1-3,Remove,-12412835,200,10786
client,client_request,completed,1777553765884363,1,,,1777553765873068,1777553765884363,1777553765873068,1777553765884363,,,,client-1-3,Remove,-3464367,200,11295
client,client_request,completed,1777553765894158,1,,,1777553765885737,1777553765894158,1777553765885737,1777553765894158,,,,client-1-3,Insert,-11855618,200,8421
client,client_request,completed,1777553765901117,1,,,1777553765894922,1777553765901117,1777553765894922,1777553765901117,,,,client-1-3,Insert,15359254,200,6195
client,client_request,completed,1777553765913571,1,,,1777553765901190,1777553765913571,1777553765901190,1777553765913571,,,,client-1-3,Remove,2222465,200,12381
client,client_request,completed,1777553765933221,1,,,1777553765918757,1777553765933221,1777553765918757,1777553765933221,,,,client-1-3,Insert,881914,200,14464
client,client_request,completed,1777553765942269,1,,,1777553765933331,1777553765942269,1777553765933331,1777553765942269,,,,client-1-3,Insert,1264881,200,8938
client,client_request,completed,1777553765950265,1,,,1777553765943308,1777553765950265,1777553765943308,1777553765950265,,,,client-1-3,Remove,11447377,200,6957
client,client_request,completed,1777553765970731,1,,,1777553765953602,1777553765970731,1777553765953602,1777553765970731,,,,client-1-3,Remove,-14936035,200,17129
client,client_request,completed,1777553765984166,1,,,1777553765972102,1777553765984166,1777553765972102,1777553765984166,,,,client-1-3,Remove,6254646,200,12064
client,client_request,completed,1777553766001762,1,,,1777553765987189,1777553766001762,1777553765987189,1777553766001762,,,,client-1-3,Remove,-5885586,200,14573
client,client_request,completed,1777553766012725,1,,,1777553766003382,1777553766012725,1777553766003382,1777553766012725,,,,client-1-3,Remove,-13479353,200,9343
client,client_request,completed,1777553766025773,1,,,1777553766014164,1777553766025773,1777553766014164,1777553766025773,,,,client-1-3,Insert,-12034671,200,11609
client,client_request,completed,1777553766035740,1,,,1777553766026460,1777553766035740,1777553766026460,1777553766035740,,,,client-1-3,Remove,11672569,200,9280
client,client_request,completed,1777553766052860,1,,,1777553766036833,1777553766052860,1777553766036833,1777553766052860,,,,client-1-3,Insert,-5512365,200,16027
client,client_request,completed,1777553766061227,1,,,1777553766052988,1777553766061227,1777553766052988,1777553766061227,,,,client-1-3,Insert,8642764,200,8239
client,client_request,completed,1777553766074268,1,,,1777553766062408,1777553766074268,1777553766062408,1777553766074268,,,,client-1-3,Remove,7135936,200,11860
client,client_request,completed,1777553766087426,1,,,1777553766075157,1777553766087426,1777553766075157,1777553766087426,,,,client-1-3,Remove,9903068,200,12269
client,client_request,completed,1777553766103048,1,,,1777553766088257,1777553766103048,1777553766088257,1777553766103048,,,,client-1-3,Insert,1663772,200,14791
client,client_request,completed,1777553766119763,1,,,1777553766103154,1777553766119763,1777553766103154,1777553766119763,,,,client-1-3,Insert,6924519,200,16609
client,client_request,completed,1777553766129819,1,,,1777553766123115,1777553766129819,1777553766123115,1777553766129819,,,,client-1-3,Insert,15666314,200,6704
client,client_request,completed,1777553766141944,1,,,1777553766131085,1777553766141944,1777553766131085,1777553766141944,,,,client-1-3,Insert,-16223398,200,10859
client,client_request,completed,1777553766156980,1,,,1777553766144163,1777553766156980,1777553766144163,1777553766156980,,,,client-1-3,Insert,5008911,200,12817
client,client_request,completed,1777553766168970,1,,,1777553766158177,1777553766168970,1777553766158177,1777553766168970,,,,client-1-3,Remove,11202302,200,10793
client,client_request,completed,1777553766184792,1,,,1777553766169078,1777553766184792,1777553766169078,1777553766184792,,,,client-1-3,Insert,7002019,200,15714
client,client_request,completed,1777553766197432,1,,,1777553766186036,1777553766197432,1777553766186036,1777553766197432,,,,client-1-3,Remove,-5817422,200,11396
client,client_request,completed,1777553766205036,1,,,1777553766198488,1777553766205036,1777553766198488,1777553766205036,,,,client-1-3,Insert,-878657,200,6548
client,client_request,completed,1777553766216049,1,,,1777553766205131,1777553766216049,1777553766205131,1777553766216049,,,,client-1-3,Remove,-4697300,200,10918
client,client_request,completed,1777553766238861,1,,,1777553766216197,1777553766238861,1777553766216197,1777553766238861,,,,client-1-3,Insert,8118534,200,22664
client,client_request,completed,1777553766251102,1,,,1777553766241353,1777553766251102,1777553766241353,1777553766251102,,,,client-1-3,Insert,-2414817,200,9749
client,client_request,completed,1777553766258701,1,,,1777553766251576,1777553766258701,1777553766251576,1777553766258701,,,,client-1-3,Remove,5867793,200,7125
client,client_request,completed,1777553766264053,1,,,1777553766258754,1777553766264053,1777553766258754,1777553766264053,,,,client-1-3,Remove,12929519,200,5299
client,client_request,completed,1777553766269117,1,,,1777553766264638,1777553766269117,1777553766264638,1777553766269117,,,,client-1-3,Remove,82670,200,4479
client,client_request,completed,1777553766278295,1,,,1777553766269431,1777553766278295,1777553766269431,1777553766278295,,,,client-1-3,Remove,-224156,200,8864
client,client_request,completed,1777553766287750,1,,,1777553766280055,1777553766287750,1777553766280055,1777553766287750,,,,client-1-3,Insert,10682023,200,7695
client,client_request,completed,1777553766310029,1,,,1777553766290745,1777553766310029,1777553766290745,1777553766310029,,,,client-1-3,Remove,-6366437,200,19284
client,client_request,completed,1777553766320617,1,,,1777553766310151,1777553766320617,1777553766310151,1777553766320617,,,,client-1-3,Remove,-10564418,200,10466
client,client_request,completed,1777553766335237,1,,,1777553766322588,1777553766335237,1777553766322588,1777553766335237,,,,client-1-3,Remove,2859292,200,12649
client,client_request,completed,1777553766347354,1,,,1777553766336486,1777553766347354,1777553766336486,1777553766347354,,,,client-1-3,Remove,2005451,200,10868
client,client_request,completed,1777553766355151,1,,,1777553766347464,1777553766355151,1777553766347464,1777553766355151,,,,client-1-3,Insert,13777333,200,7687
client,client_request,completed,1777553766363149,1,,,1777553766355238,1777553766363149,1777553766355238,1777553766363149,,,,client-1-3,Insert,-13892609,200,7911
client,client_request,completed,1777553766379448,1,,,1777553766368249,1777553766379448,1777553766368249,1777553766379448,,,,client-1-3,Remove,9911644,200,11199
client,client_request,completed,1777553766392467,1,,,1777553766380443,1777553766392467,1777553766380443,1777553766392467,,,,client-1-3,Remove,-9581204,200,12024
client,client_request,completed,1777553766404603,1,,,1777553766393424,1777553766404603,1777553766393424,1777553766404603,,,,client-1-3,Insert,-11583871,200,11179
client,client_request,completed,1777553766424852,1,,,1777553766409304,1777553766424852,1777553766409304,1777553766424852,,,,client-1-3,Remove,-4064449,200,15548
client,client_request,completed,1777553766441205,1,,,1777553766427285,1777553766441205,1777553766427285,1777553766441205,,,,client-1-3,Insert,-11529082,200,13920
client,client_request,completed,1777553766456536,1,,,1777553766443398,1777553766456536,1777553766443398,1777553766456536,,,,client-1-3,Insert,13819840,200,13138
client,client_request,completed,1777553766471286,1,,,1777553766458112,1777553766471286,1777553766458112,1777553766471286,,,,client-1-3,Remove,-9486642,200,13174
client,client_request,completed,1777553766480046,1,,,1777553766471419,1777553766480046,1777553766471419,1777553766480046,,,,client-1-3,Remove,15571681,200,8627
client,client_request,completed,1777553766488939,1,,,1777553766480145,1777553766488939,1777553766480145,1777553766488939,,,,client-1-3,Remove,-13175476,200,8794
client,client_request,completed,1777553766505396,1,,,1777553766489052,1777553766505396,1777553766489052,1777553766505396,,,,client-1-3,Insert,-14904377,200,16344
client,client_request,completed,1777553766525705,1,,,1777553766507359,1777553766525705,1777553766507359,1777553766525705,,,,client-1-3,Remove,-9303288,200,18346
client,client_request,completed,1777553766597224,1,,,1777553766527966,1777553766597224,1777553766527966,1777553766597224,,,,client-1-3,Remove,-4823798,200,69258
client,client_request,completed,1777553766604671,1,,,1777553766597327,1777553766604671,1777553766597327,1777553766604671,,,,client-1-3,Remove,8741737,200,7344
client,client_request,completed,1777553766618323,1,,,1777553766604783,1777553766618323,1777553766604783,1777553766618323,,,,client-1-3,Insert,3813160,200,13540
client,client_request,completed,1777553766630759,1,,,1777553766620266,1777553766630759,1777553766620266,1777553766630759,,,,client-1-3,Remove,-8674368,200,10493
client,client_request,completed,1777553766650953,1,,,1777553766631450,1777553766650953,1777553766631450,1777553766650953,,,,client-1-3,Remove,2369978,200,19503
client,client_request,completed,1777553766668219,1,,,1777553766651900,1777553766668219,1777553766651900,1777553766668219,,,,client-1-3,Remove,3473544,200,16319
client,client_request,completed,1777553766683311,1,,,1777553766671554,1777553766683311,1777553766671554,1777553766683311,,,,client-1-3,Insert,9811078,200,11757
client,client_request,completed,1777553766689564,1,,,1777553766683416,1777553766689564,1777553766683416,1777553766689564,,,,client-1-3,Insert,13132122,200,6148
client,client_request,completed,1777553766702119,1,,,1777553766690755,1777553766702119,1777553766690755,1777553766702119,,,,client-1-3,Remove,8906898,200,11364
client,client_request,completed,1777553766715177,1,,,1777553766703999,1777553766715177,1777553766703999,1777553766715177,,,,client-1-3,Insert,-11796908,200,11178
client,client_request,completed,1777553766743855,1,,,1777553766717387,1777553766743855,1777553766717387,1777553766743855,,,,client-1-3,Insert,-2201068,200,26468
client,client_request,completed,1777553766757945,1,,,1777553766745995,1777553766757945,1777553766745995,1777553766757945,,,,client-1-3,Remove,-686714,200,11950
client,client_request,completed,1777553766771421,1,,,1777553766758374,1777553766771421,1777553766758374,1777553766771421,,,,client-1-3,Insert,1195049,200,13047
client,client_request,completed,1777553766778544,1,,,1777553766773114,1777553766778544,1777553766773114,1777553766778544,,,,client-1-3,Remove,11155061,200,5430
client,client_request,completed,1777553766782735,1,,,1777553766778621,1777553766782735,1777553766778621,1777553766782735,,,,client-1-3,Remove,-2244831,200,4114
client,client_request,completed,1777553766790355,1,,,1777553766782885,1777553766790355,1777553766782885,1777553766790355,,,,client-1-3,Insert,-8789033,200,7470
client,client_request,completed,1777553766799562,1,,,1777553766790452,1777553766799562,1777553766790452,1777553766799562,,,,client-1-3,Insert,-13932402,200,9110
client,client_request,completed,1777553766804397,1,,,1777553766799767,1777553766804397,1777553766799767,1777553766804397,,,,client-1-3,Insert,14653143,200,4630
client,client_request,completed,1777553766808277,1,,,1777553766805159,1777553766808277,1777553766805159,1777553766808277,,,,client-1-3,Insert,-12757580,200,3118
client,client_request,completed,1777553766814080,1,,,1777553766808899,1777553766814080,1777553766808899,1777553766814080,,,,client-1-3,Insert,-15097520,200,5181
client,client_request,completed,1777553766819507,1,,,1777553766814777,1777553766819507,1777553766814777,1777553766819507,,,,client-1-3,Remove,4993715,200,4730
client,client_request,completed,1777553766827602,1,,,1777553766819665,1777553766827602,1777553766819665,1777553766827602,,,,client-1-3,Insert,-936778,200,7937
client,client_request,completed,1777553766849727,1,,,1777553766832247,1777553766849727,1777553766832247,1777553766849727,,,,client-1-3,Insert,-1878559,200,17480
client,client_request,completed,1777553766864072,1,,,1777553766851399,1777553766864072,1777553766851399,1777553766864072,,,,client-1-3,Insert,7361521,200,12673
client,client_request,completed,1777553766877226,1,,,1777553766864199,1777553766877226,1777553766864199,1777553766877226,,,,client-1-3,Insert,12769629,200,13027
client,client_request,completed,1777553766895215,1,,,1777553766879197,1777553766895215,1777553766879197,1777553766895215,,,,client-1-3,Insert,15634165,200,16018
client,client_request,completed,1777553766907570,1,,,1777553766896721,1777553766907570,1777553766896721,1777553766907570,,,,client-1-3,Remove,-12385445,200,10849
client,client_request,completed,1777553766923553,1,,,1777553766908333,1777553766923553,1777553766908333,1777553766923553,,,,client-1-3,Remove,14588239,200,15220
client,client_request,completed,1777553766936831,1,,,1777553766923653,1777553766936831,1777553766923653,1777553766936831,,,,client-1-3,Remove,-7167467,200,13178
client,client_request,completed,1777553766945152,1,,,1777553766936935,1777553766945152,1777553766936935,1777553766945152,,,,client-1-3,Insert,1711625,200,8217
client,client_request,completed,1777553766959451,1,,,1777553766948075,1777553766959451,1777553766948075,1777553766959451,,,,client-1-3,Remove,-10848952,200,11376
client,client_request,completed,1777553766966917,1,,,1777553766960817,1777553766966917,1777553766960817,1777553766966917,,,,client-1-3,Remove,206776,200,6100
client,client_request,completed,1777553766982264,1,,,1777553766967506,1777553766982264,1777553766967506,1777553766982264,,,,client-1-3,Insert,11935614,200,14758
client,client_request,completed,1777553766996694,1,,,1777553766982847,1777553766996694,1777553766982847,1777553766996694,,,,client-1-3,Insert,-1956485,200,13847
client,client_request,completed,1777553767008274,1,,,1777553766998775,1777553767008274,1777553766998775,1777553767008274,,,,client-1-3,Remove,16388576,200,9499
client,client_request,completed,1777553767019901,1,,,1777553767008413,1777553767019901,1777553767008413,1777553767019901,,,,client-1-3,Insert,-15791682,200,11488
client,client_request,completed,1777553767031355,1,,,1777553767020017,1777553767031355,1777553767020017,1777553767031355,,,,client-1-3,Insert,5781419,200,11338
client,client_request,completed,1777553767049090,1,,,1777553767032145,1777553767049090,1777553767032145,1777553767049090,,,,client-1-3,Insert,5679548,200,16945
client,client_request,completed,1777553767068414,1,,,1777553767050283,1777553767068414,1777553767050283,1777553767068414,,,,client-1-3,Insert,5818552,200,18131
client,client_request,completed,1777553767092321,1,,,1777553767068543,1777553767092321,1777553767068543,1777553767092321,,,,client-1-3,Remove,-8745186,200,23778
client,client_request,completed,1777553767111793,1,,,1777553767096323,1777553767111793,1777553767096323,1777553767111793,,,,client-1-3,Remove,-3120861,200,15470
client,client_request,completed,1777553767132072,1,,,1777553767113476,1777553767132072,1777553767113476,1777553767132072,,,,client-1-3,Insert,-1504733,200,18596
client,client_request,completed,1777553767146115,1,,,1777553767133962,1777553767146115,1777553767133962,1777553767146115,,,,client-1-3,Insert,11211783,200,12153
client,client_request,completed,1777553767175748,1,,,1777553767146228,1777553767175748,1777553767146228,1777553767175748,,,,client-1-3,Insert,-8141721,200,29520
client,client_request,completed,1777553767188951,1,,,1777553767175875,1777553767188951,1777553767175875,1777553767188951,,,,client-1-3,Insert,8277235,200,13076
client,client_request,completed,1777553767202565,1,,,1777553767189083,1777553767202565,1777553767189083,1777553767202565,,,,client-1-3,Insert,-9401428,200,13482
client,client_request,completed,1777553767212245,1,,,1777553767203603,1777553767212245,1777553767203603,1777553767212245,,,,client-1-3,Remove,-10399962,200,8642
client,client_request,completed,1777553767225851,1,,,1777553767212984,1777553767225851,1777553767212984,1777553767225851,,,,client-1-3,Insert,-5009275,200,12867
client,client_request,completed,1777553767238522,1,,,1777553767225960,1777553767238522,1777553767225960,1777553767238522,,,,client-1-3,Insert,10847668,200,12562
client,client_request,completed,1777553767246815,1,,,1777553767239355,1777553767246815,1777553767239355,1777553767246815,,,,client-1-3,Insert,-7380982,200,7460
client,client_request,completed,1777553767256314,1,,,1777553767246888,1777553767256314,1777553767246888,1777553767256314,,,,client-1-3,Insert,8688372,200,9426
client,client_request,completed,1777553767267201,1,,,1777553767256389,1777553767267201,1777553767256389,1777553767267201,,,,client-1-3,Insert,6512912,200,10812
client,client_request,completed,1777553767279876,1,,,1777553767269545,1777553767279876,1777553767269545,1777553767279876,,,,client-1-3,Insert,-13253629,200,10331
client,client_request,completed,1777553767293715,1,,,1777553767283912,1777553767293715,1777553767283912,1777553767293715,,,,client-1-3,Remove,-7795093,200,9803
client,client_request,completed,1777553767308606,1,,,1777553767295243,1777553767308606,1777553767295243,1777553767308606,,,,client-1-3,Insert,-10216086,200,13363
client,client_request,completed,1777553767323395,1,,,1777553767308710,1777553767323395,1777553767308710,1777553767323395,,,,client-1-3,Remove,-14351906,200,14685
client,client_request,completed,1777553767335204,1,,,1777553767325456,1777553767335204,1777553767325456,1777553767335204,,,,client-1-3,Insert,2112749,200,9748
client,client_request,completed,1777553767348228,1,,,1777553767335929,1777553767348228,1777553767335929,1777553767348228,,,,client-1-3,Insert,16423676,200,12299
client,client_request,completed,1777553767363483,1,,,1777553767350620,1777553767363483,1777553767350620,1777553767363483,,,,client-1-3,Insert,-14923334,200,12863
client,client_request,completed,1777553767379356,1,,,1777553767363583,1777553767379356,1777553767363583,1777553767379356,,,,client-1-3,Insert,-12425054,200,15773
client,client_request,completed,1777553767402880,1,,,1777553767379481,1777553767402880,1777553767379481,1777553767402880,,,,client-1-3,Insert,10725522,200,23399
client,client_request,completed,1777553767411469,1,,,1777553767403762,1777553767411469,1777553767403762,1777553767411469,,,,client-1-3,Remove,-14971924,200,7707
client,client_request,completed,1777553767423553,1,,,1777553767412223,1777553767423553,1777553767412223,1777553767423553,,,,client-1-3,Remove,504410,200,11330
client,client_request,completed,1777553767439384,1,,,1777553767424465,1777553767439384,1777553767424465,1777553767439384,,,,client-1-3,Insert,-10337482,200,14919
client,client_request,completed,1777553767445268,1,,,1777553767439484,1777553767445268,1777553767439484,1777553767445268,,,,client-1-3,Remove,2462637,200,5784
client,client_request,completed,1777553767455368,1,,,1777553767445357,1777553767455368,1777553767445357,1777553767455368,,,,client-1-3,Remove,2714937,200,10011
client,client_request,completed,1777553767466512,1,,,1777553767456502,1777553767466512,1777553767456502,1777553767466512,,,,client-1-3,Remove,654524,200,10010
client,client_request,completed,1777553767476002,1,,,1777553767466638,1777553767476002,1777553767466638,1777553767476002,,,,client-1-3,Insert,-8228119,200,9364
client,client_request,completed,1777553767484992,1,,,1777553767476113,1777553767484992,1777553767476113,1777553767484992,,,,client-1-3,Remove,-10817029,200,8879
client,client_request,completed,1777553767495464,1,,,1777553767486030,1777553767495464,1777553767486030,1777553767495464,,,,client-1-3,Insert,10109622,200,9434
client,client_request,completed,1777553767505879,1,,,1777553767500112,1777553767505879,1777553767500112,1777553767505879,,,,client-1-3,Insert,4742956,200,5767
client,client_request,completed,1777553767515579,1,,,1777553767505988,1777553767515579,1777553767505988,1777553767515579,,,,client-1-3,Remove,-1609285,200,9591
client,client_request,completed,1777553767525516,1,,,1777553767516648,1777553767525516,1777553767516648,1777553767525516,,,,client-1-3,Remove,3216301,200,8868
client,client_request,completed,1777553767536642,1,,,1777553767525620,1777553767536642,1777553767525620,1777553767536642,,,,client-1-3,Remove,15883803,200,11022
client,client_request,completed,1777553767596756,1,,,1777553767536733,1777553767596756,1777553767536733,1777553767596756,,,,client-1-3,Remove,-2121306,200,60023
client,client_request,completed,1777553767609231,1,,,1777553767596870,1777553767609231,1777553767596870,1777553767609231,,,,client-1-3,Insert,-10546941,200,12361
client,client_request,completed,1777553767620756,1,,,1777553767610186,1777553767620756,1777553767610186,1777553767620756,,,,client-1-3,Remove,7135203,200,10570
client,client_request,completed,1777553767637063,1,,,1777553767624744,1777553767637063,1777553767624744,1777553767637063,,,,client-1-3,Remove,-12908208,200,12319
client,client_request,completed,1777553767649015,1,,,1777553767639244,1777553767649015,1777553767639244,1777553767649015,,,,client-1-3,Remove,-6077099,200,9771
client,client_request,completed,1777553767667785,1,,,1777553767650408,1777553767667785,1777553767650408,1777553767667785,,,,client-1-3,Remove,-13390130,200,17377
client,client_request,completed,1777553767683970,1,,,1777553767668421,1777553767683970,1777553767668421,1777553767683970,,,,client-1-3,Remove,-10117579,200,15549
client,client_request,completed,1777553767696602,1,,,1777553767685202,1777553767696602,1777553767685202,1777553767696602,,,,client-1-3,Insert,-12686363,200,11400
client,client_request,completed,1777553767715779,1,,,1777553767697631,1777553767715779,1777553767697631,1777553767715779,,,,client-1-3,Insert,-4360141,200,18148
client,client_request,completed,1777553767727270,1,,,1777553767719094,1777553767727270,1777553767719094,1777553767727270,,,,client-1-3,Insert,10977664,200,8176
client,client_request,completed,1777553767740492,1,,,1777553767729004,1777553767740492,1777553767729004,1777553767740492,,,,client-1-3,Remove,7426521,200,11488
client,client_request,completed,1777553767754987,1,,,1777553767740601,1777553767754987,1777553767740601,1777553767754987,,,,client-1-3,Insert,-4315263,200,14386
client,client_request,completed,1777553767764696,1,,,1777553767756843,1777553767764696,1777553767756843,1777553767764696,,,,client-1-3,Remove,-16285253,200,7853
client,client_request,completed,1777553767776740,1,,,1777553767764796,1777553767776740,1777553767764796,1777553767776740,,,,client-1-3,Insert,-9808869,200,11944
client,client_request,completed,1777553767783261,1,,,1777553767776853,1777553767783261,1777553767776853,1777553767783261,,,,client-1-3,Remove,-11318738,200,6408
client,client_request,completed,1777553767788709,1,,,1777553767783368,1777553767788709,1777553767783368,1777553767788709,,,,client-1-3,Insert,16546614,200,5341
client,client_request,completed,1777553767801776,1,,,1777553767789561,1777553767801776,1777553767789561,1777553767801776,,,,client-1-3,Remove,10589358,200,12215
client,client_request,completed,1777553767808208,1,,,1777553767801879,1777553767808208,1777553767801879,1777553767808208,,,,client-1-3,Remove,-8864353,200,6329
client,client_request,completed,1777553767813810,1,,,1777553767808707,1777553767813810,1777553767808707,1777553767813810,,,,client-1-3,Insert,7696958,200,5103
client,client_request,completed,1777553767820869,1,,,1777553767813941,1777553767820869,1777553767813941,1777553767820869,,,,client-1-3,Remove,-9064999,200,6928
client,client_request,completed,1777553767829744,1,,,1777553767821008,1777553767829744,1777553767821008,1777553767829744,,,,client-1-3,Remove,10686761,200,8736
client,client_request,completed,1777553767841422,1,,,1777553767829841,1777553767841422,1777553767829841,1777553767841422,,,,client-1-3,Insert,-7186877,200,11581
client,client_request,completed,1777553767850288,1,,,1777553767842163,1777553767850288,1777553767842163,1777553767850288,,,,client-1-3,Remove,-14233540,200,8125
client,client_request,completed,1777553767860757,1,,,1777553767850832,1777553767860757,1777553767850832,1777553767860757,,,,client-1-3,Remove,358210,200,9925
client,client_request,completed,1777553767875651,1,,,1777553767862005,1777553767875651,1777553767862005,1777553767875651,,,,client-1-3,Remove,8258441,200,13646
client,client_request,completed,1777553767888166,1,,,1777553767875756,1777553767888166,1777553767875756,1777553767888166,,,,client-1-3,Remove,4650201,200,12410
client,client_request,completed,1777553767898661,1,,,1777553767888877,1777553767898661,1777553767888877,1777553767898661,,,,client-1-3,Remove,16279460,200,9784
client,client_request,completed,1777553767911240,1,,,1777553767898758,1777553767911240,1777553767898758,1777553767911240,,,,client-1-3,Remove,1139403,200,12482
client,client_request,completed,1777553767920593,1,,,1777553767911359,1777553767920593,1777553767911359,1777553767920593,,,,client-1-3,Remove,11263971,200,9234
client,client_request,completed,1777553767928702,1,,,1777553767920696,1777553767928702,1777553767920696,1777553767928702,,,,client-1-3,Remove,-13823109,200,8006
client,client_request,completed,1777553767937146,1,,,1777553767930370,1777553767937146,1777553767930370,1777553767937146,,,,client-1-3,Insert,2891024,200,6776
client,client_request,completed,1777553767945034,1,,,1777553767937248,1777553767945034,1777553767937248,1777553767945034,,,,client-1-3,Insert,3780865,200,7786
client,client_request,completed,1777553767957543,1,,,1777553767945440,1777553767957543,1777553767945440,1777553767957543,,,,client-1-3,Insert,16625667,200,12103
client,client_request,completed,1777553767974273,1,,,1777553767958106,1777553767974273,1777553767958106,1777553767974273,,,,client-1-3,Insert,3205523,200,16167
client,client_request,completed,1777553767986568,1,,,1777553767974435,1777553767986568,1777553767974435,1777553767986568,,,,client-1-3,Insert,8238369,200,12133
client,client_request,completed,1777553768001242,1,,,1777553767987651,1777553768001242,1777553767987651,1777553768001242,,,,client-1-3,Insert,7185489,200,13591
client,client_request,completed,1777553768017615,1,,,1777553768002019,1777553768017615,1777553768002019,1777553768017615,,,,client-1-3,Remove,-2924568,200,15596
client,client_request,completed,1777553768030755,1,,,1777553768017800,1777553768030755,1777553768017800,1777553768030755,,,,client-1-3,Insert,-3206203,200,12955
client,client_request,completed,1777553768037942,1,,,1777553768031251,1777553768037942,1777553768031251,1777553768037942,,,,client-1-3,Remove,-5579039,200,6691
client,client_request,completed,1777553768049883,1,,,1777553768040026,1777553768049883,1777553768040026,1777553768049883,,,,client-1-3,Insert,-5613182,200,9857
client,client_request,completed,1777553768059722,1,,,1777553768050777,1777553768059722,1777553768050777,1777553768059722,,,,client-1-3,Remove,-8576195,200,8945
client,client_request,completed,1777553768075120,1,,,1777553768060664,1777553768075120,1777553768060664,1777553768075120,,,,client-1-3,Remove,-11701003,200,14456
client,client_request,completed,1777553768095280,1,,,1777553768075763,1777553768095280,1777553768075763,1777553768095280,,,,client-1-3,Remove,11985025,200,19517
client,client_request,completed,1777553768107001,1,,,1777553768098812,1777553768107001,1777553768098812,1777553768107001,,,,client-1-3,Insert,12558542,200,8189
client,client_request,completed,1777553768116939,1,,,1777553768108062,1777553768116939,1777553768108062,1777553768116939,,,,client-1-3,Insert,4823923,200,8877
client,client_request,completed,1777553768127436,1,,,1777553768117848,1777553768127436,1777553768117848,1777553768127436,,,,client-1-3,Remove,-14671087,200,9588
client,client_request,completed,1777553768139295,1,,,1777553768127700,1777553768139295,1777553768127700,1777553768139295,,,,client-1-3,Remove,3997123,200,11595
client,client_request,completed,1777553768154221,1,,,1777553768139815,1777553768154221,1777553768139815,1777553768154221,,,,client-1-3,Remove,7022812,200,14406
client,client_request,completed,1777553768164939,1,,,1777553768155019,1777553768164939,1777553768155019,1777553768164939,,,,client-1-3,Insert,13618462,200,9920
client,client_request,completed,1777553768175929,1,,,1777553768165231,1777553768175929,1777553768165231,1777553768175929,,,,client-1-3,Remove,4903109,200,10698
client,client_request,completed,1777553768189682,1,,,1777553768178364,1777553768189682,1777553768178364,1777553768189682,,,,client-1-3,Insert,2972199,200,11318
client,client_request,completed,1777553768198397,1,,,1777553768189732,1777553768198397,1777553768189732,1777553768198397,,,,client-1-3,Insert,3619236,200,8665
client,client_request,completed,1777553768211505,1,,,1777553768198863,1777553768211505,1777553768198863,1777553768211505,,,,client-1-3,Remove,8685832,200,12642
client,client_request,completed,1777553768223693,1,,,1777553768212501,1777553768223693,1777553768212501,1777553768223693,,,,client-1-3,Remove,-5157994,200,11192
client,client_request,completed,1777553768234715,1,,,1777553768225808,1777553768234715,1777553768225808,1777553768234715,,,,client-1-3,Remove,-11176628,200,8907
client,client_request,completed,1777553768245032,1,,,1777553768235211,1777553768245032,1777553768235211,1777553768245032,,,,client-1-3,Insert,16720750,200,9821
client,client_request,completed,1777553768254878,1,,,1777553768245638,1777553768254878,1777553768245638,1777553768254878,,,,client-1-3,Remove,5902421,200,9240
client,client_request,completed,1777553768269113,1,,,1777553768255650,1777553768269113,1777553768255650,1777553768269113,,,,client-1-3,Insert,-13604471,200,13463
client,client_request,completed,1777553768282616,1,,,1777553768269239,1777553768282616,1777553768269239,1777553768282616,,,,client-1-3,Insert,12298079,200,13377
client,client_request,completed,1777553768292143,1,,,1777553768282720,1777553768292143,1777553768282720,1777553768292143,,,,client-1-3,Remove,10801635,200,9423
client,client_request,completed,1777553768307132,1,,,1777553768293989,1777553768307132,1777553768293989,1777553768307132,,,,client-1-3,Insert,-3395404,200,13143
client,client_request,completed,1777553768320168,1,,,1777553768307799,1777553768320168,1777553768307799,1777553768320168,,,,client-1-3,Remove,1377256,200,12369
client,client_request,completed,1777553768337986,1,,,1777553768320729,1777553768337986,1777553768320729,1777553768337986,,,,client-1-3,Remove,-153363,200,17257
client,client_request,completed,1777553768352811,1,,,1777553768338404,1777553768352811,1777553768338404,1777553768352811,,,,client-1-3,Insert,14737090,200,14407
client,client_request,completed,1777553768362963,1,,,1777553768353402,1777553768362963,1777553768353402,1777553768362963,,,,client-1-3,Insert,1347747,200,9561
client,client_request,completed,1777553768373251,1,,,1777553768363058,1777553768373251,1777553768363058,1777553768373251,,,,client-1-3,Remove,-8356832,200,10193
client,client_request,completed,1777553768385214,1,,,1777553768373768,1777553768385214,1777553768373768,1777553768385214,,,,client-1-3,Insert,-1682449,200,11446
client,client_request,completed,1777553768403002,1,,,1777553768385931,1777553768403002,1777553768385931,1777553768403002,,,,client-1-3,Insert,-11347471,200,17071
client,client_request,completed,1777553768417387,1,,,1777553768403503,1777553768417387,1777553768403503,1777553768417387,,,,client-1-3,Remove,14232146,200,13884
client,client_request,completed,1777553768428785,1,,,1777553768418865,1777553768428785,1777553768418865,1777553768428785,,,,client-1-3,Remove,-16652735,200,9920
client,client_request,completed,1777553768439747,1,,,1777553768429372,1777553768439747,1777553768429372,1777553768439747,,,,client-1-3,Insert,-13008502,200,10375
client,client_request,completed,1777553768451124,1,,,1777553768440688,1777553768451124,1777553768440688,1777553768451124,,,,client-1-3,Remove,10073210,200,10436
client,client_request,completed,1777553768466886,1,,,1777553768452702,1777553768466886,1777553768452702,1777553768466886,,,,client-1-3,Insert,4940454,200,14184
client,client_request,completed,1777553768482282,1,,,1777553768469008,1777553768482282,1777553768469008,1777553768482282,,,,client-1-3,Remove,-8976541,200,13274
client,client_request,completed,1777553768503548,1,,,1777553768489146,1777553768503548,1777553768489146,1777553768503548,,,,client-1-3,Remove,-7305059,200,14402
client,client_request,completed,1777553768514590,1,,,1777553768503736,1777553768514590,1777553768503736,1777553768514590,,,,client-1-3,Insert,5914797,200,10854
client,client_request,completed,1777553768533267,1,,,1777553768515925,1777553768533267,1777553768515925,1777553768533267,,,,client-1-3,Remove,-5363357,200,17342
client,client_request,completed,1777553768543585,1,,,1777553768533371,1777553768543585,1777553768533371,1777553768543585,,,,client-1-3,Remove,-16046583,200,10214
client,client_request,completed,1777553768605231,1,,,1777553768544146,1777553768605231,1777553768544146,1777553768605231,,,,client-1-3,Remove,7172839,200,61085
client,client_request,completed,1777553768615244,1,,,1777553768606206,1777553768615244,1777553768606206,1777553768615244,,,,client-1-3,Remove,3913951,200,9038
client,client_request,completed,1777553768629701,1,,,1777553768615340,1777553768629701,1777553768615340,1777553768629701,,,,client-1-3,Remove,2644465,200,14361
client,client_request,completed,1777553768641993,1,,,1777553768630150,1777553768641993,1777553768630150,1777553768641993,,,,client-1-3,Remove,-9077185,200,11843
client,client_request,completed,1777553768663756,1,,,1777553768642989,1777553768663756,1777553768642989,1777553768663756,,,,client-1-3,Remove,-8444342,200,20767
client,client_request,completed,1777553768675831,1,,,1777553768664874,1777553768675831,1777553768664874,1777553768675831,,,,client-1-3,Insert,14708863,200,10957
client,client_request,completed,1777553768689012,1,,,1777553768675943,1777553768689012,1777553768675943,1777553768689012,,,,client-1-3,Insert,-2123118,200,13069
client,client_request,completed,1777553768699176,1,,,1777553768689695,1777553768699176,1777553768689695,1777553768699176,,,,client-1-3,Insert,1426536,200,9481
client,client_request,completed,1777553768709365,1,,,1777553768700245,1777553768709365,1777553768700245,1777553768709365,,,,client-1-3,Remove,-2111476,200,9120
client,client_request,completed,1777553768723455,1,,,1777553768710149,1777553768723455,1777553768710149,1777553768723455,,,,client-1-3,Remove,7904757,200,13306
client,client_request,completed,1777553768732564,1,,,1777553768725315,1777553768732564,1777553768725315,1777553768732564,,,,client-1-3,Insert,-4697712,200,7249
client,client_request,completed,1777553768744208,1,,,1777553768733928,1777553768744208,1777553768733928,1777553768744208,,,,client-1-3,Remove,-11627392,200,10280
client,client_request,completed,1777553768760222,1,,,1777553768745287,1777553768760222,1777553768745287,1777553768760222,,,,client-1-3,Remove,-15548409,200,14935
client,client_request,completed,1777553768773819,1,,,1777553768760860,1777553768773819,1777553768760860,1777553768773819,,,,client-1-3,Remove,-7365924,200,12959
client,client_request,completed,1777553768783024,1,,,1777553768773918,1777553768783024,1777553768773918,1777553768783024,,,,client-1-3,Remove,11930333,200,9106
client,client_request,completed,1777553768790398,1,,,1777553768783131,1777553768790398,1777553768783131,1777553768790398,,,,client-1-3,Insert,10927596,200,7267
client,client_request,completed,1777553768797541,1,,,1777553768790506,1777553768797541,1777553768790506,1777553768797541,,,,client-1-3,Insert,10610946,200,7035
client,client_request,completed,1777553768804673,1,,,1777553768797647,1777553768804673,1777553768797647,1777553768804673,,,,client-1-3,Remove,7318184,200,7026
client,client_request,completed,1777553768811958,1,,,1777553768804790,1777553768811958,1777553768804790,1777553768811958,,,,client-1-3,Insert,-5814515,200,7168
client,client_request,completed,1777553768819354,1,,,1777553768812072,1777553768819354,1777553768812072,1777553768819354,,,,client-1-3,Remove,-15127955,200,7282
client,client_request,completed,1777553768828838,1,,,1777553768819456,1777553768828838,1777553768819456,1777553768828838,,,,client-1-3,Remove,-16390202,200,9382
client,client_request,completed,1777553768837653,1,,,1777553768829191,1777553768837653,1777553768829191,1777553768837653,,,,client-1-3,Remove,-8197743,200,8462
client,client_request,completed,1777553768847738,1,,,1777553768839980,1777553768847738,1777553768839980,1777553768847738,,,,client-1-3,Insert,11338462,200,7758
client,client_request,completed,1777553768868832,1,,,1777553768849279,1777553768868832,1777553768849279,1777553768868832,,,,client-1-3,Remove,14789748,200,19553
client,client_request,completed,1777553768878750,1,,,1777553768870567,1777553768878750,1777553768870567,1777553768878750,,,,client-1-3,Insert,-6541424,200,8183
client,client_request,completed,1777553768891444,1,,,1777553768881333,1777553768891444,1777553768881333,1777553768891444,,,,client-1-3,Remove,12703225,200,10111
client,client_request,completed,1777553768909962,1,,,1777553768892454,1777553768909962,1777553768892454,1777553768909962,,,,client-1-3,Remove,-118124,200,17508
client,client_request,completed,1777553768922059,1,,,1777553768910289,1777553768922059,1777553768910289,1777553768922059,,,,client-1-3,Remove,-7753462,200,11770
client,client_request,completed,1777553768938019,1,,,1777553768922493,1777553768938019,1777553768922493,1777553768938019,,,,client-1-3,Remove,-13634479,200,15526
client,client_request,completed,1777553768955648,1,,,1777553768939704,1777553768955648,1777553768939704,1777553768955648,,,,client-1-3,Remove,-5074338,200,15944
client,client_request,completed,1777553768965715,1,,,1777553768955754,1777553768965715,1777553768955754,1777553768965715,,,,client-1-3,Remove,5892478,200,9961
client,client_request,completed,1777553768978213,1,,,1777553768966531,1777553768978213,1777553768966531,1777553768978213,,,,client-1-3,Remove,14578651,200,11682
client,client_request,completed,1777553768988998,1,,,1777553768978308,1777553768988998,1777553768978308,1777553768988998,,,,client-1-3,Remove,-10220305,200,10690
client,client_request,completed,1777553769008381,1,,,1777553768990963,1777553769008381,1777553768990963,1777553769008381,,,,client-1-3,Remove,-7756419,200,17418
client,client_request,completed,1777553769019111,1,,,1777553769010448,1777553769019111,1777553769010448,1777553769019111,,,,client-1-3,Insert,7341035,200,8663
client,client_request,completed,1777553769030973,1,,,1777553769020290,1777553769030973,1777553769020290,1777553769030973,,,,client-1-3,Insert,5405377,200,10683
client,client_request,completed,1777553769044036,1,,,1777553769031703,1777553769044036,1777553769031703,1777553769044036,,,,client-1-3,Insert,14972950,200,12333
client,client_request,completed,1777553769054889,1,,,1777553769044173,1777553769054889,1777553769044173,1777553769054889,,,,client-1-3,Remove,-1715514,200,10716
client,client_request,completed,1777553769069483,1,,,1777553769055755,1777553769069483,1777553769055755,1777553769069483,,,,client-1-3,Insert,9417807,200,13728
client,client_request,completed,1777553769082777,1,,,1777553769070125,1777553769082777,1777553769070125,1777553769082777,,,,client-1-3,Remove,10792001,200,12652
client,client_request,completed,1777553769088915,1,,,1777553769083214,1777553769088915,1777553769083214,1777553769088915,,,,client-1-3,Insert,-16310893,200,5701
client,client_request,completed,1777553769101788,1,,,1777553769089019,1777553769101788,1777553769089019,1777553769101788,,,,client-1-3,Remove,-10737589,200,12769
client,client_request,completed,1777553769115208,1,,,1777553769102215,1777553769115208,1777553769102215,1777553769115208,,,,client-1-3,Insert,4900556,200,12993
client,client_request,completed,1777553769127224,1,,,1777553769116970,1777553769127224,1777553769116970,1777553769127224,,,,client-1-3,Insert,-1044469,200,10254
client,client_request,completed,1777553769137961,1,,,1777553769127634,1777553769137961,1777553769127634,1777553769137961,,,,client-1-3,Remove,-10872367,200,10327
client,client_request,completed,1777553769157354,1,,,1777553769139976,1777553769157354,1777553769139976,1777553769157354,,,,client-1-3,Insert,2601190,200,17378
client,client_request,completed,1777553769169970,1,,,1777553769158485,1777553769169970,1777553769158485,1777553769169970,,,,client-1-3,Remove,-12275607,200,11485
client,client_request,completed,1777553769183190,1,,,1777553769170070,1777553769183190,1777553769170070,1777553769183190,,,,client-1-3,Remove,8703802,200,13120
client,client_request,completed,1777553769205162,1,,,1777553769185114,1777553769205162,1777553769185114,1777553769205162,,,,client-1-3,Insert,-3547356,200,20048
client,client_request,completed,1777553769220465,1,,,1777553769206718,1777553769220465,1777553769206718,1777553769220465,,,,client-1-3,Insert,-13690382,200,13747
client,client_request,completed,1777553769233473,1,,,1777553769221689,1777553769233473,1777553769221689,1777553769233473,,,,client-1-3,Insert,2887690,200,11784
client,client_request,completed,1777553769247944,1,,,1777553769235541,1777553769247944,1777553769235541,1777553769247944,,,,client-1-3,Insert,-14800092,200,12403
client,client_request,completed,1777553769260873,1,,,1777553769249663,1777553769260873,1777553769249663,1777553769260873,,,,client-1-3,Insert,4150764,200,11210
client,client_request,completed,1777553769270801,1,,,1777553769261016,1777553769270801,1777553769261016,1777553769270801,,,,client-1-3,Remove,-14393230,200,9785
client,client_request,completed,1777553769288927,1,,,1777553769271603,1777553769288927,1777553769271603,1777553769288927,,,,client-1-3,Remove,12197988,200,17324
client,client_request,completed,1777553769303804,1,,,1777553769292295,1777553769303804,1777553769292295,1777553769303804,,,,client-1-3,Remove,-612550,200,11509
client,client_request,completed,1777553769317089,1,,,1777553769305717,1777553769317089,1777553769305717,1777553769317089,,,,client-1-3,Insert,-10303554,200,11372
client,client_request,completed,1777553769330496,1,,,1777553769317901,1777553769330496,1777553769317901,1777553769330496,,,,client-1-3,Remove,1344975,200,12595
client,client_request,completed,1777553769345115,1,,,1777553769332335,1777553769345115,1777553769332335,1777553769345115,,,,client-1-3,Remove,-1545002,200,12780
client,client_request,completed,1777553769356002,1,,,1777553769345480,1777553769356002,1777553769345480,1777553769356002,,,,client-1-3,Remove,13777289,200,10522
client,client_request,completed,1777553769374094,1,,,1777553769358646,1777553769374094,1777553769358646,1777553769374094,,,,client-1-3,Insert,15742926,200,15448
client,client_request,completed,1777553769394251,1,,,1777553769378575,1777553769394251,1777553769378575,1777553769394251,,,,client-1-3,Insert,10985458,200,15676
client,client_request,completed,1777553769407780,1,,,1777553769395250,1777553769407780,1777553769395250,1777553769407780,,,,client-1-3,Remove,9087790,200,12530
client,client_request,completed,1777553769420153,1,,,1777553769408869,1777553769420153,1777553769408869,1777553769420153,,,,client-1-3,Insert,10781676,200,11284
client,client_request,completed,1777553769436089,1,,,1777553769421468,1777553769436089,1777553769421468,1777553769436089,,,,client-1-3,Insert,298732,200,14621
client,client_request,completed,1777553769453610,1,,,1777553769437182,1777553769453610,1777553769437182,1777553769453610,,,,client-1-3,Insert,-4250216,200,16428
client,client_request,completed,1777553769466058,1,,,1777553769454433,1777553769466058,1777553769454433,1777553769466058,,,,client-1-3,Insert,5666805,200,11625
client,client_request,completed,1777553769483609,1,,,1777553769467756,1777553769483609,1777553769467756,1777553769483609,,,,client-1-3,Insert,-5075985,200,15853
client,client_request,completed,1777553769496261,1,,,1777553769486859,1777553769496261,1777553769486859,1777553769496261,,,,client-1-3,Remove,-7477174,200,9402
client,client_request,completed,1777553769506885,1,,,1777553769497438,1777553769506885,1777553769497438,1777553769506885,,,,client-1-3,Remove,-12601628,200,9447
client,client_request,completed,1777553769515186,1,,,1777553769507120,1777553769515186,1777553769507120,1777553769515186,,,,client-1-3,Insert,-9664787,200,8066
client,client_request,completed,1777553769524432,1,,,1777553769516354,1777553769524432,1777553769516354,1777553769524432,,,,client-1-3,Remove,2357548,200,8078
client,client_request,completed,1777553769534731,1,,,1777553769525109,1777553769534731,1777553769525109,1777553769534731,,,,client-1-3,Remove,3467256,200,9622
client,client_request,completed,1777553769544592,1,,,1777553769534827,1777553769544592,1777553769534827,1777553769544592,,,,client-1-3,Insert,4752051,200,9765
client,client_request,completed,1777553769616421,1,,,1777553769544691,1777553769616421,1777553769544691,1777553769616421,,,,client-1-3,Remove,14979840,200,71730
client,client_request,completed,1777553769631122,1,,,1777553769617358,1777553769631122,1777553769617358,1777553769631122,,,,client-1-3,Insert,-15469833,200,13764
client,client_request,completed,1777553769642778,1,,,1777553769631585,1777553769642778,1777553769631585,1777553769642778,,,,client-1-3,Remove,8434376,200,11193
client,client_request,completed,1777553769656222,1,,,1777553769645769,1777553769656222,1777553769645769,1777553769656222,,,,client-1-3,Remove,6355994,200,10453
client,client_request,completed,1777553769664481,1,,,1777553769656807,1777553769664481,1777553769656807,1777553769664481,,,,client-1-3,Insert,-6776238,200,7674
client,client_request,completed,1777553769683249,1,,,1777553769664758,1777553769683249,1777553769664758,1777553769683249,,,,client-1-3,Remove,11066732,200,18491
client,client_request,completed,1777553769700306,1,,,1777553769686548,1777553769700306,1777553769686548,1777553769700306,,,,client-1-3,Remove,-8145128,200,13758
client,client_request,completed,1777553769709555,1,,,1777553769700557,1777553769709555,1777553769700557,1777553769709555,,,,client-1-3,Remove,13262893,200,8998
client,client_request,completed,1777553769718927,1,,,1777553769710085,1777553769718927,1777553769710085,1777553769718927,,,,client-1-3,Insert,-6503542,200,8842
client,client_request,completed,1777553769727681,1,,,1777553769720537,1777553769727681,1777553769720537,1777553769727681,,,,client-1-3,Remove,-14612108,200,7144
client,client_request,completed,1777553769737804,1,,,1777553769728049,1777553769737804,1777553769728049,1777553769737804,,,,client-1-3,Insert,9871764,200,9755
client,client_request,completed,1777553769748458,1,,,1777553769740285,1777553769748458,1777553769740285,1777553769748458,,,,client-1-3,Remove,-11609937,200,8173
client,client_request,completed,1777553769757004,1,,,1777553769748855,1777553769757004,1777553769748855,1777553769757004,,,,client-1-3,Remove,4290458,200,8149
client,client_request,completed,1777553769768731,1,,,1777553769758199,1777553769768731,1777553769758199,1777553769768731,,,,client-1-3,Insert,8650205,200,10532
client,client_request,completed,1777553769780565,1,,,1777553769770417,1777553769780565,1777553769770417,1777553769780565,,,,client-1-3,Remove,10118407,200,10148
client,client_request,completed,1777553769790830,1,,,1777553769780663,1777553769790830,1777553769780663,1777553769790830,,,,client-1-3,Remove,920157,200,10167
client,client_request,completed,1777553769798869,1,,,1777553769790939,1777553769798869,1777553769790939,1777553769798869,,,,client-1-3,Remove,-10485554,200,7930
client,client_request,completed,1777553769806587,1,,,1777553769798968,1777553769806587,1777553769798968,1777553769806587,,,,client-1-3,Insert,-4210990,200,7619
client,client_request,completed,1777553769814393,1,,,1777553769806685,1777553769814393,1777553769806685,1777553769814393,,,,client-1-3,Remove,-6855214,200,7708
client,client_request,completed,1777553769822325,1,,,1777553769814503,1777553769822325,1777553769814503,1777553769822325,,,,client-1-3,Insert,-3736325,200,7822
client,client_request,completed,1777553769831140,1,,,1777553769822433,1777553769831140,1777553769822433,1777553769831140,,,,client-1-3,Insert,10965344,200,8707
client,client_request,completed,1777553769839366,1,,,1777553769831353,1777553769839366,1777553769831353,1777553769839366,,,,client-1-3,Remove,8895694,200,8013
client,client_request,completed,1777553769850320,1,,,1777553769839490,1777553769850320,1777553769839490,1777553769850320,,,,client-1-3,Remove,11227105,200,10830
client,client_request,completed,1777553769860757,1,,,1777553769850673,1777553769860757,1777553769850673,1777553769860757,,,,client-1-3,Remove,-3340674,200,10084
client,client_request,completed,1777553769868826,1,,,1777553769861121,1777553769868826,1777553769861121,1777553769868826,,,,client-1-3,Insert,14092081,200,7705
client,client_request,completed,1777553769882633,1,,,1777553769870265,1777553769882633,1777553769870265,1777553769882633,,,,client-1-3,Remove,-6642437,200,12368
client,client_request,completed,1777553769896002,1,,,1777553769882983,1777553769896002,1777553769882983,1777553769896002,,,,client-1-3,Insert,-836955,200,13019
client,client_request,completed,1777553769906435,1,,,1777553769897848,1777553769906435,1777553769897848,1777553769906435,,,,client-1-3,Remove,15625252,200,8587
client,client_request,completed,1777553769923088,1,,,1777553769908084,1777553769923088,1777553769908084,1777553769923088,,,,client-1-3,Remove,14842534,200,15004
client,client_request,completed,1777553769936692,1,,,1777553769923484,1777553769936692,1777553769923484,1777553769936692,,,,client-1-3,Remove,-10145043,200,13208
client,client_request,completed,1777553769952205,1,,,1777553769939066,1777553769952205,1777553769939066,1777553769952205,,,,client-1-3,Insert,547315,200,13139
client,client_request,completed,1777553769964761,1,,,1777553769953136,1777553769964761,1777553769953136,1777553769964761,,,,client-1-3,Insert,3395830,200,11625
client,client_request,completed,1777553769978676,1,,,1777553769965581,1777553769978676,1777553769965581,1777553769978676,,,,client-1-3,Remove,15705548,200,13095
client,client_request,completed,1777553769992084,1,,,1777553769978775,1777553769992084,1777553769978775,1777553769992084,,,,client-1-3,Remove,-16485669,200,13309
client,client_request,completed,1777553770005916,1,,,1777553769993255,1777553770005916,1777553769993255,1777553770005916,,,,client-1-3,Remove,13842665,200,12661
client,client_request,completed,1777553770016941,1,,,1777553770006721,1777553770016941,1777553770006721,1777553770016941,,,,client-1-3,Insert,14736560,200,10220
client,client_request,completed,1777553770029508,1,,,1777553770017052,1777553770029508,1777553770017052,1777553770029508,,,,client-1-3,Insert,-2868634,200,12456
client,client_request,completed,1777553770039947,1,,,1777553770030213,1777553770039947,1777553770030213,1777553770039947,,,,client-1-3,Remove,7985229,200,9734
client,client_request,completed,1777553770051351,1,,,1777553770040051,1777553770051351,1777553770040051,1777553770051351,,,,client-1-3,Insert,373459,200,11300
client,client_request,completed,1777553770061244,1,,,1777553770051443,1777553770061244,1777553770051443,1777553770061244,,,,client-1-3,Remove,7559916,200,9801
client,client_request,completed,1777553770080234,1,,,1777553770062513,1777553770080234,1777553770062513,1777553770080234,,,,client-1-3,Insert,-1175822,200,17721
client,client_request,completed,1777553770100045,1,,,1777553770086491,1777553770100045,1777553770086491,1777553770100045,,,,client-1-3,Insert,8203434,200,13554
client,client_request,completed,1777553770110878,1,,,1777553770101969,1777553770110878,1777553770101969,1777553770110878,,,,client-1-3,Insert,-13008571,200,8909
client,client_request,completed,1777553770119725,1,,,1777553770111864,1777553770119725,1777553770111864,1777553770119725,,,,client-1-3,Insert,13012421,200,7861
client,client_request,completed,1777553770140980,1,,,1777553770120806,1777553770140980,1777553770120806,1777553770140980,,,,client-1-3,Remove,591930,200,20174
client,client_request,completed,1777553770151706,1,,,1777553770141155,1777553770151706,1777553770141155,1777553770151706,,,,client-1-3,Insert,-15217829,200,10551
client,client_request,completed,1777553770162509,1,,,1777553770152612,1777553770162509,1777553770152612,1777553770162509,,,,client-1-3,Remove,-4976429,200,9897
client,client_request,completed,1777553770174228,1,,,1777553770162788,1777553770174228,1777553770162788,1777553770174228,,,,client-1-3,Insert,4332768,200,11440
client,client_request,completed,1777553770192895,1,,,1777553770175199,1777553770192895,1777553770175199,1777553770192895,,,,client-1-3,Insert,-13877891,200,17696
client,client_request,completed,1777553770204878,1,,,1777553770193385,1777553770204878,1777553770193385,1777553770204878,,,,client-1-3,Insert,2692523,200,11493
client,client_request,completed,1777553770219293,1,,,1777553770204982,1777553770219293,1777553770204982,1777553770219293,,,,client-1-3,Remove,11279342,200,14311
client,client_request,completed,1777553770235810,1,,,1777553770220302,1777553770235810,1777553770220302,1777553770235810,,,,client-1-3,Remove,3249073,200,15508
client,client_request,completed,1777553770248084,1,,,1777553770237044,1777553770248084,1777553770237044,1777553770248084,,,,client-1-3,Remove,-536474,200,11040
client,client_request,completed,1777553770262953,1,,,1777553770248424,1777553770262953,1777553770248424,1777553770262953,,,,client-1-3,Insert,3603211,200,14529
client,client_request,completed,1777553770273669,1,,,1777553770263148,1777553770273669,1777553770263148,1777553770273669,,,,client-1-3,Remove,-16257288,200,10521
client,client_request,completed,1777553770289378,1,,,1777553770273772,1777553770289378,1777553770273772,1777553770289378,,,,client-1-3,Remove,12041997,200,15606
client,client_request,completed,1777553770301964,1,,,1777553770289628,1777553770301964,1777553770289628,1777553770301964,,,,client-1-3,Insert,-10180740,200,12336
client,client_request,completed,1777553770315359,1,,,1777553770302624,1777553770315359,1777553770302624,1777553770315359,,,,client-1-3,Insert,-6858692,200,12735
client,client_request,completed,1777553770334732,1,,,1777553770315933,1777553770334732,1777553770315933,1777553770334732,,,,client-1-3,Insert,-14128830,200,18799
client,client_request,completed,1777553770347111,1,,,1777553770334882,1777553770347111,1777553770334882,1777553770347111,,,,client-1-3,Remove,12865256,200,12229
client,client_request,completed,1777553770367759,1,,,1777553770347226,1777553770367759,1777553770347226,1777553770367759,,,,client-1-3,Insert,12298630,200,20533
client,client_request,completed,1777553770381072,1,,,1777553770367858,1777553770381072,1777553770367858,1777553770381072,,,,client-1-3,Remove,-14228363,200,13214
client,client_request,completed,1777553770394619,1,,,1777553770381171,1777553770394619,1777553770381171,1777553770394619,,,,client-1-3,Insert,3533675,200,13448
client,client_request,completed,1777553770410313,1,,,1777553770394740,1777553770410313,1777553770394740,1777553770410313,,,,client-1-3,Insert,11276112,200,15573
client,client_request,completed,1777553770422781,1,,,1777553770410603,1777553770422781,1777553770410603,1777553770422781,,,,client-1-3,Insert,3435236,200,12178
client,client_request,completed,1777553770433558,1,,,1777553770423782,1777553770433558,1777553770423782,1777553770433558,,,,client-1-3,Insert,2985624,200,9776
client,client_request,completed,1777553770445938,1,,,1777553770433658,1777553770445938,1777553770433658,1777553770445938,,,,client-1-3,Insert,1922271,200,12280
client,client_request,completed,1777553770457691,1,,,1777553770446865,1777553770457691,1777553770446865,1777553770457691,,,,client-1-3,Remove,10117541,200,10826
client,client_request,completed,1777553770468587,1,,,1777553770458023,1777553770468587,1777553770458023,1777553770468587,,,,client-1-3,Remove,11014484,200,10564
client,client_request,completed,1777553770479626,1,,,1777553770469731,1777553770479626,1777553770469731,1777553770479626,,,,client-1-3,Insert,15655369,200,9895
client,client_request,completed,1777553770490590,1,,,1777553770479738,1777553770490590,1777553770479738,1777553770490590,,,,client-1-3,Insert,-993493,200,10852
client,client_request,completed,1777553770507289,1,,,1777553770494652,1777553770507289,1777553770494652,1777553770507289,,,,client-1-3,Insert,2272953,200,12637
client,client_request,completed,1777553770520051,1,,,1777553770507474,1777553770520051,1777553770507474,1777553770520051,,,,client-1-3,Remove,-14762918,200,12577
client,client_request,completed,1777553770528977,1,,,1777553770520162,1777553770528977,1777553770520162,1777553770528977,,,,client-1-3,Insert,-14250867,200,8815
client,client_request,completed,1777553770541413,1,,,1777553770529571,1777553770541413,1777553770529571,1777553770541413,,,,client-1-3,Insert,-12792013,200,11842
client,client_request,completed,1777553770615936,1,,,1777553770544486,1777553770615936,1777553770544486,1777553770615936,,,,client-1-3,Remove,-2542451,200,71450
client,client_request,completed,1777553770627670,1,,,1777553770617554,1777553770627670,1777553770617554,1777553770627670,,,,client-1-3,Remove,-4999889,200,10116
client,client_request,completed,1777553770640507,1,,,1777553770627780,1777553770640507,1777553770627780,1777553770640507,,,,client-1-3,Insert,-8100494,200,12727
client,client_request,completed,1777553770651579,1,,,1777553770640997,1777553770651579,1777553770640997,1777553770651579,,,,client-1-3,Remove,-445357,200,10582
client,client_request,completed,1777553770660865,1,,,1777553770653678,1777553770660865,1777553770653678,1777553770660865,,,,client-1-3,Insert,-14189414,200,7187
client,client_request,completed,1777553770673512,1,,,1777553770660981,1777553770673512,1777553770660981,1777553770673512,,,,client-1-3,Remove,11862366,200,12531
client,client_request,completed,1777553770684870,1,,,1777553770674344,1777553770684870,1777553770674344,1777553770684870,,,,client-1-3,Remove,14895649,200,10526
client,client_request,completed,1777553770700547,1,,,1777553770687312,1777553770700547,1777553770687312,1777553770700547,,,,client-1-3,Remove,4522317,200,13235
client,client_request,completed,1777553770713066,1,,,1777553770700645,1777553770713066,1777553770700645,1777553770713066,,,,client-1-3,Insert,-14689152,200,12421
client,client_request,completed,1777553770725717,1,,,1777553770713813,1777553770725717,1777553770713813,1777553770725717,,,,client-1-3,Remove,-6935369,200,11904
client,client_request,completed,1777553770733782,1,,,1777553770726954,1777553770733782,1777553770726954,1777553770733782,,,,client-1-3,Remove,13624436,200,6828
client,client_request,completed,1777553770754858,1,,,1777553770735943,1777553770754858,1777553770735943,1777553770754858,,,,client-1-3,Insert,-12267560,200,18915
client,client_request,completed,1777553770763636,1,,,1777553770755822,1777553770763636,1777553770755822,1777553770763636,,,,client-1-3,Remove,7292587,200,7814
client,client_request,completed,1777553770782124,1,,,1777553770765019,1777553770782124,1777553770765019,1777553770782124,,,,client-1-3,Remove,-13320689,200,17105
client,client_request,completed,1777553770791395,1,,,1777553770782224,1777553770791395,1777553770782224,1777553770791395,,,,client-1-3,Remove,8204428,200,9171
client,client_request,completed,1777553770800817,1,,,1777553770791496,1777553770800817,1777553770791496,1777553770800817,,,,client-1-3,Insert,15443698,200,9321
client,client_request,completed,1777553770809693,1,,,1777553770800922,1777553770809693,1777553770800922,1777553770809693,,,,client-1-3,Remove,5646293,200,8771
client,client_request,completed,1777553770818788,1,,,1777553770809789,1777553770818788,1777553770809789,1777553770818788,,,,client-1-3,Remove,4669119,200,8999
client,client_request,completed,1777553770828367,1,,,1777553770818892,1777553770828367,1777553770818892,1777553770828367,,,,client-1-3,Remove,8260924,200,9475
client,client_request,completed,1777553770840084,1,,,1777553770828531,1777553770840084,1777553770828531,1777553770840084,,,,client-1-3,Remove,-15832489,200,11553
client,client_request,completed,1777553770854197,1,,,1777553770841557,1777553770854197,1777553770841557,1777553770854197,,,,client-1-3,Remove,9694107,200,12640
client,client_request,completed,1777553770875411,1,,,1777553770855979,1777553770875411,1777553770855979,1777553770875411,,,,client-1-3,Remove,-1029949,200,19432
client,client_request,completed,1777553770885011,1,,,1777553770876277,1777553770885011,1777553770876277,1777553770885011,,,,client-1-3,Insert,2908592,200,8734
client,client_request,completed,1777553770899628,1,,,1777553770885138,1777553770899628,1777553770885138,1777553770899628,,,,client-1-3,Insert,6219165,200,14490
client,client_request,completed,1777553770917480,1,,,1777553770904127,1777553770917480,1777553770904127,1777553770917480,,,,client-1-3,Insert,2508571,200,13353
client,client_request,completed,1777553770930613,1,,,1777553770917608,1777553770930613,1777553770917608,1777553770930613,,,,client-1-3,Insert,-3502979,200,13005
client,client_request,completed,1777553770939590,1,,,1777553770930715,1777553770939590,1777553770930715,1777553770939590,,,,client-1-3,Insert,14515643,200,8875
client,client_request,completed,1777553770959639,1,,,1777553770946535,1777553770959639,1777553770946535,1777553770959639,,,,client-1-3,Remove,13691210,200,13104
client,client_request,completed,1777553770975625,1,,,1777553770960754,1777553770975625,1777553770960754,1777553770975625,,,,client-1-3,Insert,11314429,200,14871
client,client_request,completed,1777553770988745,1,,,1777553770976920,1777553770988745,1777553770976920,1777553770988745,,,,client-1-3,Remove,-15432771,200,11825
client,client_request,completed,1777553770999851,1,,,1777553770990702,1777553770999851,1777553770990702,1777553770999851,,,,client-1-3,Remove,4074268,200,9149
client,client_request,completed,1777553771013553,1,,,1777553771001320,1777553771013553,1777553771001320,1777553771013553,,,,client-1-3,Remove,-3888891,200,12233
client,client_request,completed,1777553771021999,1,,,1777553771014319,1777553771021999,1777553771014319,1777553771021999,,,,client-1-3,Insert,16045404,200,7680
client,client_request,completed,1777553771038995,1,,,1777553771022102,1777553771038995,1777553771022102,1777553771038995,,,,client-1-3,Remove,-3176165,200,16893
client,client_request,completed,1777553771048678,1,,,1777553771039573,1777553771048678,1777553771039573,1777553771048678,,,,client-1-3,Insert,11783731,200,9105
client,client_request,completed,1777553771060552,1,,,1777553771049024,1777553771060552,1777553771049024,1777553771060552,,,,client-1-3,Remove,15204956,200,11528
client,client_request,completed,1777553771070629,1,,,1777553771060928,1777553771070629,1777553771060928,1777553771070629,,,,client-1-3,Insert,-10723715,200,9701
client,client_request,completed,1777553771086039,1,,,1777553771071242,1777553771086039,1777553771071242,1777553771086039,,,,client-1-3,Remove,-9968688,200,14797
client,client_request,completed,1777553771098154,1,,,1777553771086183,1777553771098154,1777553771086183,1777553771098154,,,,client-1-3,Remove,16482660,200,11971
client,client_request,completed,1777553771107368,1,,,1777553771098252,1777553771107368,1777553771098252,1777553771107368,,,,client-1-3,Insert,-10764987,200,9116
client,client_request,completed,1777553771115798,1,,,1777553771108072,1777553771115798,1777553771108072,1777553771115798,,,,client-1-3,Insert,-2311738,200,7726
client,client_request,completed,1777553771128577,1,,,1777553771115920,1777553771128577,1777553771115920,1777553771128577,,,,client-1-3,Remove,-16483489,200,12657
client,client_request,completed,1777553771138286,1,,,1777553771130060,1777553771138286,1777553771130060,1777553771138286,,,,client-1-3,Insert,12308673,200,8226
client,client_request,completed,1777553771147583,1,,,1777553771139066,1777553771147583,1777553771139066,1777553771147583,,,,client-1-3,Remove,-15480469,200,8517
client,client_request,completed,1777553771158992,1,,,1777553771147690,1777553771158992,1777553771147690,1777553771158992,,,,client-1-3,Remove,-16511590,200,11302
client,client_request,completed,1777553771179378,1,,,1777553771159110,1777553771179378,1777553771159110,1777553771179378,,,,client-1-3,Remove,11406086,200,20268
client,client_request,completed,1777553771193455,1,,,1777553771180306,1777553771193455,1777553771180306,1777553771193455,,,,client-1-3,Insert,-7676365,200,13149
client,client_request,completed,1777553771208130,1,,,1777553771193622,1777553771208130,1777553771193622,1777553771208130,,,,client-1-3,Insert,-11875533,200,14508
client,client_request,completed,1777553771218292,1,,,1777553771209809,1777553771218292,1777553771209809,1777553771218292,,,,client-1-3,Remove,-7347143,200,8483
client,client_request,completed,1777553771229686,1,,,1777553771218589,1777553771229686,1777553771218589,1777553771229686,,,,client-1-3,Remove,16449290,200,11097
client,client_request,completed,1777553771242345,1,,,1777553771229813,1777553771242345,1777553771229813,1777553771242345,,,,client-1-3,Insert,14091224,200,12532
client,client_request,completed,1777553771255190,1,,,1777553771242465,1777553771255190,1777553771242465,1777553771255190,,,,client-1-3,Remove,13585133,200,12725
client,client_request,completed,1777553771265282,1,,,1777553771255286,1777553771265282,1777553771255286,1777553771265282,,,,client-1-3,Insert,10152410,200,9996
client,client_request,completed,1777553771293478,1,,,1777553771265849,1777553771293478,1777553771265849,1777553771293478,,,,client-1-3,Insert,15101570,200,27629
client,client_request,completed,1777553771303223,1,,,1777553771293594,1777553771303223,1777553771293594,1777553771303223,,,,client-1-3,Insert,6778001,200,9629
client,client_request,completed,1777553771314987,1,,,1777553771303901,1777553771314987,1777553771303901,1777553771314987,,,,client-1-3,Insert,12174325,200,11086
client,client_request,completed,1777553771323385,1,,,1777553771315389,1777553771323385,1777553771315389,1777553771323385,,,,client-1-3,Insert,9986087,200,7996
client,client_request,completed,1777553771339848,1,,,1777553771324370,1777553771339848,1777553771324370,1777553771339848,,,,client-1-3,Remove,-13084372,200,15478
client,client_request,completed,1777553771352772,1,,,1777553771340263,1777553771352772,1777553771340263,1777553771352772,,,,client-1-3,Remove,5696578,200,12509
client,client_request,completed,1777553771365412,1,,,1777553771355108,1777553771365412,1777553771355108,1777553771365412,,,,client-1-3,Insert,1007932,200,10304
client,client_request,completed,1777553771378716,1,,,1777553771366946,1777553771378716,1777553771366946,1777553771378716,,,,client-1-3,Remove,16544591,200,11770
client,client_request,completed,1777553771390141,1,,,1777553771381901,1777553771390141,1777553771381901,1777553771390141,,,,client-1-3,Remove,-6238666,200,8240
client,client_request,completed,1777553771405722,1,,,1777553771390729,1777553771405722,1777553771390729,1777553771405722,,,,client-1-3,Remove,-8513434,200,14993
client,client_request,completed,1777553771419445,1,,,1777553771406616,1777553771419445,1777553771406616,1777553771419445,,,,client-1-3,Insert,-340254,200,12829
client,client_request,completed,1777553771445833,1,,,1777553771420308,1777553771445833,1777553771420308,1777553771445833,,,,client-1-3,Remove,2228932,200,25525
client,client_request,completed,1777553771463347,1,,,1777553771445938,1777553771463347,1777553771445938,1777553771463347,,,,client-1-3,Insert,1228292,200,17409
client,client_request,completed,1777553771478950,1,,,1777553771463738,1777553771478950,1777553771463738,1777553771478950,,,,client-1-3,Remove,-1694166,200,15212
client,client_request,completed,1777553771490007,1,,,1777553771479052,1777553771490007,1777553771479052,1777553771490007,,,,client-1-3,Remove,-1911505,200,10955
client,client_request,completed,1777553771503981,1,,,1777553771491962,1777553771503981,1777553771491962,1777553771503981,,,,client-1-3,Remove,4527340,200,12019
client,client_request,completed,1777553771517829,1,,,1777553771507075,1777553771517829,1777553771507075,1777553771517829,,,,client-1-3,Remove,15568391,200,10754
client,client_request,completed,1777553771532740,1,,,1777553771517931,1777553771532740,1777553771517931,1777553771532740,,,,client-1-3,Insert,7204786,200,14809
client,client_request,completed,1777553771603697,1,,,1777553771533955,1777553771603697,1777553771533955,1777553771603697,,,,client-1-3,Remove,-16403344,200,69742
client,client_request,completed,1777553771620742,1,,,1777553771603895,1777553771620742,1777553771603895,1777553771620742,,,,client-1-3,Insert,2563255,200,16847
client,client_request,completed,1777553771632141,1,,,1777553771622420,1777553771632141,1777553771622420,1777553771632141,,,,client-1-3,Remove,2807591,200,9721
client,client_request,completed,1777553771644542,1,,,1777553771632768,1777553771644542,1777553771632768,1777553771644542,,,,client-1-3,Insert,9672953,200,11774
client,client_request,completed,1777553771657650,1,,,1777553771645152,1777553771657650,1777553771645152,1777553771657650,,,,client-1-3,Remove,-1914227,200,12498
client,client_request,completed,1777553771671564,1,,,1777553771659642,1777553771671564,1777553771659642,1777553771671564,,,,client-1-3,Remove,4543764,200,11922
client,client_request,completed,1777553771683540,1,,,1777553771671874,1777553771683540,1777553771671874,1777553771683540,,,,client-1-3,Insert,129890,200,11666
client,client_request,completed,1777553771694292,1,,,1777553771684425,1777553771694292,1777553771684425,1777553771694292,,,,client-1-3,Remove,-6700937,200,9867
client,client_request,completed,1777553771703689,1,,,1777553771695471,1777553771703689,1777553771695471,1777553771703689,,,,client-1-3,Remove,503091,200,8218
client,client_request,completed,1777553771712439,1,,,1777553771703782,1777553771712439,1777553771703782,1777553771712439,,,,client-1-3,Remove,13758578,200,8657
client,client_request,completed,1777553771730977,1,,,1777553771713013,1777553771730977,1777553771713013,1777553771730977,,,,client-1-3,Insert,15681183,200,17964
client,client_request,completed,1777553771742825,1,,,1777553771731159,1777553771742825,1777553771731159,1777553771742825,,,,client-1-3,Insert,13963724,200,11666
client,client_request,completed,1777553771753063,1,,,1777553771743163,1777553771753063,1777553771743163,1777553771753063,,,,client-1-3,Insert,11273698,200,9900
client,client_request,completed,1777553771765011,1,,,1777553771753819,1777553771765011,1777553771753819,1777553771765011,,,,client-1-3,Insert,-5326805,200,11192
client,client_request,completed,1777553771774900,1,,,1777553771765484,1777553771774900,1777553771765484,1777553771774900,,,,client-1-3,Remove,2473251,200,9416
client,client_request,completed,1777553771780929,1,,,1777553771775001,1777553771780929,1777553771775001,1777553771780929,,,,client-1-3,Remove,-1305229,200,5928
client,client_request,completed,1777553771787500,1,,,1777553771781082,1777553771787500,1777553771781082,1777553771787500,,,,client-1-3,Remove,-15549607,200,6418
client,client_request,completed,1777553771793730,1,,,1777553771787607,1777553771793730,1777553771787607,1777553771793730,,,,client-1-3,Insert,-8453043,200,6123
client,client_request,completed,1777553771799467,1,,,1777553771793853,1777553771799467,1777553771793853,1777553771799467,,,,client-1-3,Remove,-5991965,200,5614
client,client_request,completed,1777553771805487,1,,,1777553771799936,1777553771805487,1777553771799936,1777553771805487,,,,client-1-3,Insert,-1896783,200,5551
client,client_request,completed,1777553771812901,1,,,1777553771805721,1777553771812901,1777553771805721,1777553771812901,,,,client-1-3,Insert,-11779173,200,7180
client,client_request,completed,1777553771819097,1,,,1777553771813594,1777553771819097,1777553771813594,1777553771819097,,,,client-1-3,Insert,13542957,200,5503
client,client_request,completed,1777553771824997,1,,,1777553771819207,1777553771824997,1777553771819207,1777553771824997,,,,client-1-3,Insert,16694269,200,5790
client,client_request,completed,1777553771832159,1,,,1777553771825103,1777553771832159,1777553771825103,1777553771832159,,,,client-1-3,Remove,5259864,200,7056
client,client_request,completed,1777553771841002,1,,,1777553771832807,1777553771841002,1777553771832807,1777553771841002,,,,client-1-3,Insert,7363689,200,8195
client,client_request,completed,1777553771858088,1,,,1777553771841103,1777553771858088,1777553771841103,1777553771858088,,,,client-1-3,Insert,-3636344,200,16985
client,client_request,completed,1777553771868994,1,,,1777553771859770,1777553771868994,1777553771859770,1777553771868994,,,,client-1-3,Remove,3733102,200,9224
client,client_request,completed,1777553771878826,1,,,1777553771869276,1777553771878826,1777553771869276,1777553771878826,,,,client-1-3,Insert,10697156,200,9550
client,client_request,completed,1777553771892690,1,,,1777553771878920,1777553771892690,1777553771878920,1777553771892690,,,,client-1-3,Insert,8089856,200,13770
client,client_request,completed,1777553771908832,1,,,1777553771897108,1777553771908832,1777553771897108,1777553771908832,,,,client-1-3,Remove,-7594380,200,11724
client,client_request,completed,1777553771920010,1,,,1777553771908924,1777553771920010,1777553771908924,1777553771920010,,,,client-1-3,Remove,-1229749,200,11086
client,client_request,completed,1777553771931920,1,,,1777553771920525,1777553771931920,1777553771920525,1777553771931920,,,,client-1-3,Remove,-6754499,200,11395
client,client_request,completed,1777553771945687,1,,,1777553771932757,1777553771945687,1777553771932757,1777553771945687,,,,client-1-3,Remove,8120655,200,12930
client,client_request,completed,1777553771957571,1,,,1777553771945874,1777553771957571,1777553771945874,1777553771957571,,,,client-1-3,Remove,14610132,200,11697
client,client_request,completed,1777553771968418,1,,,1777553771957680,1777553771968418,1777553771957680,1777553771968418,,,,client-1-3,Insert,-7646362,200,10738
client,client_request,completed,1777553771988724,1,,,1777553771968544,1777553771988724,1777553771968544,1777553771988724,,,,client-1-3,Insert,-12805614,200,20180
client,client_request,completed,1777553772001656,1,,,1777553771988953,1777553772001656,1777553771988953,1777553772001656,,,,client-1-3,Insert,-16450345,200,12703
client,client_request,completed,1777553772014186,1,,,1777553772002636,1777553772014186,1777553772002636,1777553772014186,,,,client-1-3,Remove,-208252,200,11550
client,client_request,completed,1777553772028651,1,,,1777553772014292,1777553772028651,1777553772014292,1777553772028651,,,,client-1-3,Insert,2123314,200,14359
client,client_request,completed,1777553772043484,1,,,1777553772028787,1777553772043484,1777553772028787,1777553772043484,,,,client-1-3,Insert,-7459657,200,14697
client,client_request,completed,1777553772057009,1,,,1777553772044090,1777553772057009,1777553772044090,1777553772057009,,,,client-1-3,Remove,14030710,200,12919
client,client_request,completed,1777553772070237,1,,,1777553772060311,1777553772070237,1777553772060311,1777553772070237,,,,client-1-3,Insert,16739815,200,9926
client,client_request,completed,1777553772078448,1,,,1777553772070481,1777553772078448,1777553772070481,1777553772078448,,,,client-1-3,Remove,7073584,200,7967
client,client_request,completed,1777553772092031,1,,,1777553772078544,1777553772092031,1777553772078544,1777553772092031,,,,client-1-3,Insert,8504046,200,13487
client,client_request,completed,1777553772103425,1,,,1777553772092144,1777553772103425,1777553772092144,1777553772103425,,,,client-1-3,Remove,-16667621,200,11281
client,client_request,completed,1777553772116629,1,,,1777553772103686,1777553772116629,1777553772103686,1777553772116629,,,,client-1-3,Remove,-1600887,200,12943
client,client_request,completed,1777553772128209,1,,,1777553772117262,1777553772128209,1777553772117262,1777553772128209,,,,client-1-3,Insert,15303221,200,10947
client,client_request,completed,1777553772140924,1,,,1777553772128319,1777553772140924,1777553772128319,1777553772140924,,,,client-1-3,Remove,-9600535,200,12605
client,client_request,completed,1777553772152164,1,,,1777553772142049,1777553772152164,1777553772142049,1777553772152164,,,,client-1-3,Remove,14707510,200,10115
client,client_request,completed,1777553772171218,1,,,1777553772153710,1777553772171218,1777553772153710,1777553772171218,,,,client-1-3,Insert,2699837,200,17508
client,client_request,completed,1777553772184213,1,,,1777553772171430,1777553772184213,1777553772171430,1777553772184213,,,,client-1-3,Insert,16246231,200,12783
client,client_request,completed,1777553772194919,1,,,1777553772185083,1777553772194919,1777553772185083,1777553772194919,,,,client-1-3,Insert,861619,200,9836
client,client_request,completed,1777553772208429,1,,,1777553772195830,1777553772208429,1777553772195830,1777553772208429,,,,client-1-3,Remove,-1377190,200,12599
client,client_request,completed,1777553772221553,1,,,1777553772208552,1777553772221553,1777553772208552,1777553772221553,,,,client-1-3,Remove,936134,200,13001
client,client_request,completed,1777553772234735,1,,,1777553772222087,1777553772234735,1777553772222087,1777553772234735,,,,client-1-3,Remove,7396029,200,12648
client,client_request,completed,1777553772247691,1,,,1777553772236252,1777553772247691,1777553772236252,1777553772247691,,,,client-1-3,Insert,-4322541,200,11439
client,client_request,completed,1777553772262001,1,,,1777553772248469,1777553772262001,1777553772248469,1777553772262001,,,,client-1-3,Insert,8202302,200,13532
client,client_request,completed,1777553772275697,1,,,1777553772262330,1777553772275697,1777553772262330,1777553772275697,,,,client-1-3,Insert,14617419,200,13367
client,client_request,completed,1777553772291876,1,,,1777553772280523,1777553772291876,1777553772280523,1777553772291876,,,,client-1-3,Remove,3628871,200,11353
client,client_request,completed,1777553772305351,1,,,1777553772292010,1777553772305351,1777553772292010,1777553772305351,,,,client-1-3,Remove,15989393,200,13341
client,client_request,completed,1777553772318060,1,,,1777553772307466,1777553772318060,1777553772307466,1777553772318060,,,,client-1-3,Remove,-15886550,200,10594
client,client_request,completed,1777553772334205,1,,,1777553772318209,1777553772334205,1777553772318209,1777553772334205,,,,client-1-3,Remove,-11720359,200,15996
client,client_request,completed,1777553772347994,1,,,1777553772334596,1777553772347994,1777553772334596,1777553772347994,,,,client-1-3,Insert,13138427,200,13398
client,client_request,completed,1777553772361842,1,,,1777553772348966,1777553772361842,1777553772348966,1777553772361842,,,,client-1-3,Remove,-11037459,200,12876
client,client_request,completed,1777553772375505,1,,,1777553772361953,1777553772375505,1777553772361953,1777553772375505,,,,client-1-3,Insert,13959954,200,13552
client,client_request,completed,1777553772390461,1,,,1777553772376632,1777553772390461,1777553772376632,1777553772390461,,,,client-1-3,Insert,13412963,200,13829
client,client_request,completed,1777553772401576,1,,,1777553772391397,1777553772401576,1777553772391397,1777553772401576,,,,client-1-3,Insert,6558658,200,10179
client,client_request,completed,1777553772418800,1,,,1777553772402866,1777553772418800,1777553772402866,1777553772418800,,,,client-1-3,Remove,12374089,200,15934
client,client_request,completed,1777553772431580,1,,,1777553772419018,1777553772431580,1777553772419018,1777553772431580,,,,client-1-3,Insert,-5050318,200,12562
client,client_request,completed,1777553772445605,1,,,1777553772432454,1777553772445605,1777553772432454,1777553772445605,,,,client-1-3,Remove,8064825,200,13151
client,client_request,completed,1777553772461236,1,,,1777553772449304,1777553772461236,1777553772449304,1777553772461236,,,,client-1-3,Insert,4872756,200,11932
client,client_request,completed,1777553772470975,1,,,1777553772461347,1777553772470975,1777553772461347,1777553772470975,,,,client-1-3,Remove,-2678391,200,9628
client,client_request,completed,1777553772479990,1,,,1777553772471370,1777553772479990,1777553772471370,1777553772479990,,,,client-1-3,Remove,4529043,200,8620
client,client_request,completed,1777553772495784,1,,,1777553772480406,1777553772495784,1777553772480406,1777553772495784,,,,client-1-3,Insert,6190395,200,15378
client,client_request,completed,1777553772506642,1,,,1777553772496579,1777553772506642,1777553772496579,1777553772506642,,,,client-1-3,Insert,-9805980,200,10063
client,client_request,completed,1777553772516880,1,,,1777553772507855,1777553772516880,1777553772507855,1777553772516880,,,,client-1-3,Remove,-12822460,200,9025
client,client_request,completed,1777553772528048,1,,,1777553772516988,1777553772528048,1777553772516988,1777553772528048,,,,client-1-3,Remove,14502356,200,11060
client,client_request,completed,1777553772535150,1,,,1777553772528203,1777553772535150,1777553772528203,1777553772535150,,,,client-1-3,Remove,8618575,200,6947
client,client_request,completed,1777553772607816,1,,,1777553772535255,1777553772607816,1777553772535255,1777553772607816,,,,client-1-3,Insert,10227925,200,72561
client,client_request,completed,1777553772624212,1,,,1777553772607966,1777553772624212,1777553772607966,1777553772624212,,,,client-1-3,Remove,-8484373,200,16246
client,client_request,completed,1777553772633662,1,,,1777553772624938,1777553772633662,1777553772624938,1777553772633662,,,,client-1-3,Remove,4945617,200,8724
client,client_request,completed,1777553772642045,1,,,1777553772634034,1777553772642045,1777553772634034,1777553772642045,,,,client-1-3,Insert,11808466,200,8011
client,client_request,completed,1777553772659332,1,,,1777553772643484,1777553772659332,1777553772643484,1777553772659332,,,,client-1-3,Insert,4660870,200,15848
client,client_request,completed,1777553772671798,1,,,1777553772659601,1777553772671798,1777553772659601,1777553772671798,,,,client-1-3,Insert,8111293,200,12197
client,client_request,completed,1777553772684263,1,,,1777553772671901,1777553772684263,1777553772671901,1777553772684263,,,,client-1-3,Insert,5542098,200,12362
client,client_request,completed,1777553772693994,1,,,1777553772685080,1777553772693994,1777553772685080,1777553772693994,,,,client-1-3,Remove,-12616957,200,8914
client,client_request,completed,1777553772716626,1,,,1777553772694095,1777553772716626,1777553772694095,1777553772716626,,,,client-1-3,Remove,16509585,200,22531
client,client_request,completed,1777553772733557,1,,,1777553772716810,1777553772733557,1777553772716810,1777553772733557,,,,client-1-3,Insert,1579099,200,16747
client,client_request,completed,1777553772751089,1,,,1777553772734530,1777553772751089,1777553772734530,1777553772751089,,,,client-1-3,Remove,13655264,200,16559
client,client_request,completed,1777553772762998,1,,,1777553772751974,1777553772762998,1777553772751974,1777553772762998,,,,client-1-3,Remove,1442657,200,11024
client,client_request,completed,1777553772773390,1,,,1777553772763436,1777553772773390,1777553772763436,1777553772773390,,,,client-1-3,Remove,1015462,200,9954
client,client_request,completed,1777553772783868,1,,,1777553772773491,1777553772783868,1777553772773491,1777553772783868,,,,client-1-3,Remove,-937924,200,10377
client,client_request,completed,1777553772794467,1,,,1777553772783968,1777553772794467,1777553772783968,1777553772794467,,,,client-1-3,Insert,-3404280,200,10499
client,client_request,completed,1777553772804753,1,,,1777553772794565,1777553772804753,1777553772794565,1777553772804753,,,,client-1-3,Insert,-16100485,200,10188
client,client_request,completed,1777553772815241,1,,,1777553772804852,1777553772815241,1777553772804852,1777553772815241,,,,client-1-3,Insert,13792556,200,10389
client,client_request,completed,1777553772825731,1,,,1777553772815332,1777553772825731,1777553772815332,1777553772825731,,,,client-1-3,Remove,-5833001,200,10399
client,client_request,completed,1777553772836728,1,,,1777553772825885,1777553772836728,1777553772825885,1777553772836728,,,,client-1-3,Insert,-7422562,200,10843
client,client_request,completed,1777553772849431,1,,,1777553772837084,1777553772849431,1777553772837084,1777553772849431,,,,client-1-3,Remove,7847004,200,12347
client,client_request,completed,1777553772867975,1,,,1777553772853874,1777553772867975,1777553772853874,1777553772867975,,,,client-1-3,Remove,2857581,200,14101
client,client_request,completed,1777553772885193,1,,,1777553772868323,1777553772885193,1777553772868323,1777553772885193,,,,client-1-3,Remove,7800302,200,16870
client,client_request,completed,1777553772897333,1,,,1777553772885405,1777553772897333,1777553772885405,1777553772897333,,,,client-1-3,Remove,-6936050,200,11928
client,client_request,completed,1777553772909781,1,,,1777553772897787,1777553772909781,1777553772897787,1777553772909781,,,,client-1-3,Remove,-12793704,200,11994
client,client_request,completed,1777553772922586,1,,,1777553772911060,1777553772922586,1777553772911060,1777553772922586,,,,client-1-3,Remove,-16102956,200,11526
client,client_request,completed,1777553772950351,1,,,1777553772925033,1777553772950351,1777553772925033,1777553772950351,,,,client-1-3,Insert,16675949,200,25318
client,client_request,completed,1777553772962411,1,,,1777553772950580,1777553772962411,1777553772950580,1777553772962411,,,,client-1-3,Insert,-11454846,200,11831
client,client_request,completed,1777553772974107,1,,,1777553772962531,1777553772974107,1777553772962531,1777553772974107,,,,client-1-3,Insert,-10878412,200,11576
client,client_request,completed,1777553772986663,1,,,1777553772974306,1777553772986663,1777553772974306,1777553772986663,,,,client-1-3,Insert,-4147754,200,12357
client,client_request,completed,1777553772999853,1,,,1777553772987088,1777553772999853,1777553772987088,1777553772999853,,,,client-1-3,Insert,6600686,200,12765
client,client_request,completed,1777553773012236,1,,,1777553773000163,1777553773012236,1777553773000163,1777553773012236,,,,client-1-3,Remove,-9194351,200,12073
client,client_request,completed,1777553773025107,1,,,1777553773012359,1777553773025107,1777553773012359,1777553773025107,,,,client-1-3,Remove,7978863,200,12748
client,client_request,completed,1777553773038352,1,,,1777553773025213,1777553773038352,1777553773025213,1777553773038352,,,,client-1-3,Remove,-1452891,200,13139
client,client_request,completed,1777553773053871,1,,,1777553773038473,1777553773053871,1777553773038473,1777553773053871,,,,client-1-3,Insert,8138052,200,15398
client,client_request,completed,1777553773065492,1,,,1777553773054037,1777553773065492,1777553773054037,1777553773065492,,,,client-1-3,Remove,-2924426,200,11455
client,client_request,completed,1777553773077078,1,,,1777553773065675,1777553773077078,1777553773065675,1777553773077078,,,,client-1-3,Insert,-9478567,200,11403
client,client_request,completed,1777553773088610,1,,,1777553773077186,1777553773088610,1777553773077186,1777553773088610,,,,client-1-3,Insert,-2768753,200,11424
client,client_request,completed,1777553773099881,1,,,1777553773088807,1777553773099881,1777553773088807,1777553773099881,,,,client-1-3,Remove,14674746,200,11074
client,client_request,completed,1777553773114639,1,,,1777553773101690,1777553773114639,1777553773101690,1777553773114639,,,,client-1-3,Insert,-8214788,200,12949
client,client_request,completed,1777553773123364,1,,,1777553773114749,1777553773123364,1777553773114749,1777553773123364,,,,client-1-3,Insert,-2321310,200,8615
client,client_request,completed,1777553773138968,1,,,1777553773124211,1777553773138968,1777553773124211,1777553773138968,,,,client-1-3,Insert,976475,200,14757
client,client_request,completed,1777553773151027,1,,,1777553773139069,1777553773151027,1777553773139069,1777553773151027,,,,client-1-3,Insert,11965699,200,11958
client,client_request,completed,1777553773162694,1,,,1777553773151452,1777553773162694,1777553773151452,1777553773162694,,,,client-1-3,Insert,-8785708,200,11242
client,client_request,completed,1777553773174112,1,,,1777553773163103,1777553773174112,1777553773163103,1777553773174112,,,,client-1-3,Remove,2375532,200,11009
client,client_request,completed,1777553773185862,1,,,1777553773175026,1777553773185862,1777553773175026,1777553773185862,,,,client-1-3,Insert,15863834,200,10836
client,client_request,completed,1777553773203133,1,,,1777553773186182,1777553773203133,1777553773186182,1777553773203133,,,,client-1-3,Insert,-8834653,200,16951
client,client_request,completed,1777553773215957,1,,,1777553773203339,1777553773215957,1777553773203339,1777553773215957,,,,client-1-3,Insert,-1826774,200,12618
client,client_request,completed,1777553773228730,1,,,1777553773216071,1777553773228730,1777553773216071,1777553773228730,,,,client-1-3,Insert,-15717906,200,12659
client,client_request,completed,1777553773244556,1,,,1777553773229905,1777553773244556,1777553773229905,1777553773244556,,,,client-1-3,Remove,-14246001,200,14651
client,client_request,completed,1777553773254088,1,,,1777553773244655,1777553773254088,1777553773244655,1777553773254088,,,,client-1-3,Remove,935599,200,9433
client,client_request,completed,1777553773266078,1,,,1777553773254318,1777553773266078,1777553773254318,1777553773266078,,,,client-1-3,Insert,3857706,200,11760
client,client_request,completed,1777553773278285,1,,,1777553773266181,1777553773278285,1777553773266181,1777553773278285,,,,client-1-3,Insert,16388073,200,12104
client,client_request,completed,1777553773296099,1,,,1777553773278616,1777553773296099,1777553773278616,1777553773296099,,,,client-1-3,Insert,9709510,200,17483
client,client_request,completed,1777553773303631,1,,,1777553773296837,1777553773303631,1777553773296837,1777553773303631,,,,client-1-3,Insert,8762337,200,6794
client,client_request,completed,1777553773320580,1,,,1777553773304519,1777553773320580,1777553773304519,1777553773320580,,,,client-1-3,Insert,3909034,200,16061
client,client_request,completed,1777553773333483,1,,,1777553773321833,1777553773333483,1777553773321833,1777553773333483,,,,client-1-3,Insert,-7874997,200,11650
client,client_request,completed,1777553773346235,1,,,1777553773333592,1777553773346235,1777553773333592,1777553773346235,,,,client-1-3,Remove,-12022856,200,12643
client,client_request,completed,1777553773358043,1,,,1777553773347162,1777553773358043,1777553773347162,1777553773358043,,,,client-1-3,Insert,1139483,200,10881
client,client_request,completed,1777553773380292,1,,,1777553773358756,1777553773380292,1777553773358756,1777553773380292,,,,client-1-3,Insert,10541666,200,21536
client,client_request,completed,1777553773402223,1,,,1777553773380665,1777553773402223,1777553773380665,1777553773402223,,,,client-1-3,Remove,14945229,200,21558
client,client_request,completed,1777553773412404,1,,,1777553773402701,1777553773412404,1777553773402701,1777553773412404,,,,client-1-3,Remove,13923475,200,9703
client,client_request,completed,1777553773421236,1,,,1777553773412502,1777553773421236,1777553773412502,1777553773421236,,,,client-1-3,Insert,-13828513,200,8734
client,client_request,completed,1777553773435723,1,,,1777553773422206,1777553773435723,1777553773422206,1777553773435723,,,,client-1-3,Remove,-3135044,200,13517
client,client_request,completed,1777553773449453,1,,,1777553773437369,1777553773449453,1777553773437369,1777553773449453,,,,client-1-3,Insert,15025124,200,12084
client,client_request,completed,1777553773461156,1,,,1777553773449563,1777553773461156,1777553773449563,1777553773461156,,,,client-1-3,Insert,-12304199,200,11593
client,client_request,completed,1777553773470200,1,,,1777553773461882,1777553773470200,1777553773461882,1777553773470200,,,,client-1-3,Remove,8799686,200,8318
client,client_request,completed,1777553773483687,1,,,1777553773470555,1777553773483687,1777553773470555,1777553773483687,,,,client-1-3,Remove,-8287362,200,13132
client,client_request,completed,1777553773493676,1,,,1777553773484509,1777553773493676,1777553773484509,1777553773493676,,,,client-1-3,Remove,-1114914,200,9167
client,client_request,completed,1777553773511197,1,,,1777553773495930,1777553773511197,1777553773495930,1777553773511197,,,,client-1-3,Remove,-12458720,200,15267
client,client_request,completed,1777553773531619,1,,,1777553773511526,1777553773531619,1777553773511526,1777553773531619,,,,client-1-3,Remove,-8217936,200,20093
client,client_request,completed,1777553773542192,1,,,1777553773532441,1777553773542192,1777553773532441,1777553773542192,,,,client-1-3,Insert,334541,200,9751
client,client_request,completed,1777553773615893,1,,,1777553773542316,1777553773615893,1777553773542316,1777553773615893,,,,client-1-3,Remove,491535,200,73577
client,client_request,completed,1777553773628622,1,,,1777553773616081,1777553773628622,1777553773616081,1777553773628622,,,,client-1-3,Insert,-13406468,200,12541
client,client_request,completed,1777553773641508,1,,,1777553773629857,1777553773641508,1777553773629857,1777553773641508,,,,client-1-3,Remove,13596609,200,11651
client,client_request,completed,1777553773653144,1,,,1777553773641992,1777553773653144,1777553773641992,1777553773653144,,,,client-1-3,Insert,-14516718,200,11152
client,client_request,completed,1777553773666639,1,,,1777553773653572,1777553773666639,1777553773653572,1777553773666639,,,,client-1-3,Remove,-12654075,200,13067
client,client_request,completed,1777553773676528,1,,,1777553773666771,1777553773676528,1777553773666771,1777553773676528,,,,client-1-3,Insert,9448571,200,9757
client,client_request,completed,1777553773687992,1,,,1777553773676632,1777553773687992,1777553773676632,1777553773687992,,,,client-1-3,Insert,6109306,200,11360
client,client_request,completed,1777553773698160,1,,,1777553773688448,1777553773698160,1777553773688448,1777553773698160,,,,client-1-3,Insert,-5073726,200,9712
client,client_request,completed,1777553773711311,1,,,1777553773698831,1777553773711311,1777553773698831,1777553773711311,,,,client-1-3,Insert,-1004505,200,12480
client,client_request,completed,1777553773722325,1,,,1777553773711682,1777553773722325,1777553773711682,1777553773722325,,,,client-1-3,Remove,10525184,200,10643
client,client_request,completed,1777553773736562,1,,,1777553773724040,1777553773736562,1777553773724040,1777553773736562,,,,client-1-3,Insert,-10026591,200,12522
client,client_request,completed,1777553773754123,1,,,1777553773739028,1777553773754123,1777553773739028,1777553773754123,,,,client-1-3,Remove,3885109,200,15095
client,client_request,completed,1777553773775168,1,,,1777553773754230,1777553773775168,1777553773754230,1777553773775168,,,,client-1-3,Insert,15983701,200,20938
client,client_request,completed,1777553773787901,1,,,1777553773775271,1777553773787901,1777553773775271,1777553773787901,,,,client-1-3,Insert,1709985,200,12630
client,client_request,completed,1777553773799620,1,,,1777553773787997,1777553773799620,1777553773787997,1777553773799620,,,,client-1-3,Remove,-16127625,200,11623
client,client_request,completed,1777553773811655,1,,,1777553773799719,1777553773811655,1777553773799719,1777553773811655,,,,client-1-3,Remove,-9972249,200,11936
client,client_request,completed,1777553773823317,1,,,1777553773811752,1777553773823317,1777553773811752,1777553773823317,,,,client-1-3,Remove,-6956805,200,11565
client,client_request,completed,1777553773835119,1,,,1777553773823413,1777553773835119,1777553773823413,1777553773835119,,,,client-1-3,Remove,-10517768,200,11706
client,client_request,completed,1777553773847908,1,,,1777553773835296,1777553773847908,1777553773835296,1777553773847908,,,,client-1-3,Insert,-2247242,200,12612
client,client_request,completed,1777553773861610,1,,,1777553773848430,1777553773861610,1777553773848430,1777553773861610,,,,client-1-3,Insert,-8599244,200,13180
client,client_request,completed,1777553773875078,1,,,1777553773861727,1777553773875078,1777553773861727,1777553773875078,,,,client-1-3,Remove,-15806433,200,13351
client,client_request,completed,1777553773888898,1,,,1777553773875243,1777553773888898,1777553773875243,1777553773888898,,,,client-1-3,Insert,-13195065,200,13655
client,client_request,completed,1777553773902169,1,,,1777553773889033,1777553773902169,1777553773889033,1777553773902169,,,,client-1-3,Insert,1136821,200,13136
client,client_request,completed,1777553773915755,1,,,1777553773902357,1777553773915755,1777553773902357,1777553773915755,,,,client-1-3,Insert,-1664797,200,13398
client,client_request,completed,1777553773929058,1,,,1777553773915981,1777553773929058,1777553773915981,1777553773929058,,,,client-1-3,Remove,-16222160,200,13077
client,client_request,completed,1777553773943419,1,,,1777553773929484,1777553773943419,1777553773929484,1777553773943419,,,,client-1-3,Remove,9847871,200,13935
client,client_request,completed,1777553773958058,1,,,1777553773944040,1777553773958058,1777553773944040,1777553773958058,,,,client-1-3,Remove,-1239777,200,14018
client,client_request,completed,1777553773971603,1,,,1777553773958166,1777553773971603,1777553773958166,1777553773971603,,,,client-1-3,Insert,-1358805,200,13437
client,client_request,completed,1777553773985790,1,,,1777553773971944,1777553773985790,1777553773971944,1777553773985790,,,,client-1-3,Insert,-14225018,200,13846
client,client_request,completed,1777553774000099,1,,,1777553773985895,1777553774000099,1777553773985895,1777553774000099,,,,client-1-3,Remove,8820352,200,14204
client,client_request,completed,1777553774014562,1,,,1777553774000328,1777553774014562,1777553774000328,1777553774014562,,,,client-1-3,Remove,4088011,200,14234
client,client_request,completed,1777553774028521,1,,,1777553774014913,1777553774028521,1777553774014913,1777553774028521,,,,client-1-3,Remove,13568632,200,13608
client,client_request,completed,1777553774043278,1,,,1777553774028648,1777553774043278,1777553774028648,1777553774043278,,,,client-1-3,Insert,-13517938,200,14630
client,client_request,completed,1777553774057130,1,,,1777553774043483,1777553774057130,1777553774043483,1777553774057130,,,,client-1-3,Remove,8460837,200,13647
client,client_request,completed,1777553774071325,1,,,1777553774057265,1777553774071325,1777553774057265,1777553774071325,,,,client-1-3,Remove,-16500747,200,14060
client,client_request,completed,1777553774085120,1,,,1777553774071432,1777553774085120,1777553774071432,1777553774085120,,,,client-1-3,Insert,15500221,200,13688
client,client_request,completed,1777553774099664,1,,,1777553774085540,1777553774099664,1777553774085540,1777553774099664,,,,client-1-3,Insert,11466258,200,14124
client,client_request,completed,1777553774122431,1,,,1777553774099846,1777553774122431,1777553774099846,1777553774122431,,,,client-1-3,Insert,6373733,200,22585
client,client_request,completed,1777553774140449,1,,,1777553774122549,1777553774140449,1777553774122549,1777553774140449,,,,client-1-3,Remove,11277416,200,17900
client,client_request,completed,1777553774157666,1,,,1777553774140664,1777553774157666,1777553774140664,1777553774157666,,,,client-1-3,Remove,10153439,200,17002
client,client_request,completed,1777553774172855,1,,,1777553774157760,1777553774172855,1777553774157760,1777553774172855,,,,client-1-3,Insert,12175943,200,15095
client,client_request,completed,1777553774193328,1,,,1777553774172968,1777553774193328,1777553774172968,1777553774193328,,,,client-1-3,Remove,-16622050,200,20360
client,client_request,completed,1777553774209227,1,,,1777553774193430,1777553774209227,1777553774193430,1777553774209227,,,,client-1-3,Insert,4169825,200,15797
client,client_request,completed,1777553774221679,1,,,1777553774209337,1777553774221679,1777553774209337,1777553774221679,,,,client-1-3,Insert,-8402521,200,12342
client,client_request,completed,1777553774234866,1,,,1777553774221789,1777553774234866,1777553774221789,1777553774234866,,,,client-1-3,Remove,11336188,200,13077
client,client_request,completed,1777553774247486,1,,,1777553774235072,1777553774247486,1777553774235072,1777553774247486,,,,client-1-3,Remove,3298280,200,12414
client,client_request,completed,1777553774259914,1,,,1777553774247851,1777553774259914,1777553774247851,1777553774259914,,,,client-1-3,Insert,15957588,200,12063
client,client_request,completed,1777553774272476,1,,,1777553774260106,1777553774272476,1777553774260106,1777553774272476,,,,client-1-3,Insert,4721917,200,12370
client,client_request,completed,1777553774285439,1,,,1777553774272583,1777553774285439,1777553774272583,1777553774285439,,,,client-1-3,Remove,-12893508,200,12856
client,client_request,completed,1777553774298059,1,,,1777553774285546,1777553774298059,1777553774285546,1777553774298059,,,,client-1-3,Insert,9378507,200,12513
client,client_request,completed,1777553774310666,1,,,1777553774298180,1777553774310666,1777553774298180,1777553774310666,,,,client-1-3,Insert,-11338698,200,12486
client,client_request,completed,1777553774323427,1,,,1777553774310769,1777553774323427,1777553774310769,1777553774323427,,,,client-1-3,Remove,-12796522,200,12658
client,client_request,completed,1777553774336064,1,,,1777553774323643,1777553774336064,1777553774323643,1777553774336064,,,,client-1-3,Insert,-1574489,200,12421
client,client_request,completed,1777553774348656,1,,,1777553774336207,1777553774348656,1777553774336207,1777553774348656,,,,client-1-3,Insert,5494786,200,12449
client,client_request,completed,1777553774360961,1,,,1777553774348790,1777553774360961,1777553774348790,1777553774360961,,,,client-1-3,Insert,-10638155,200,12171
client,client_request,completed,1777553774373923,1,,,1777553774361346,1777553774373923,1777553774361346,1777553774373923,,,,client-1-3,Insert,-14715277,200,12577
client,client_request,completed,1777553774386846,1,,,1777553774374042,1777553774386846,1777553774374042,1777553774386846,,,,client-1-3,Remove,1546478,200,12804
client,client_request,completed,1777553774399691,1,,,1777553774387018,1777553774399691,1777553774387018,1777553774399691,,,,client-1-3,Insert,-15507361,200,12673
client,client_request,completed,1777553774412508,1,,,1777553774399896,1777553774412508,1777553774399896,1777553774412508,,,,client-1-3,Insert,-13666250,200,12612
client,client_request,completed,1777553774425466,1,,,1777553774412954,1777553774425466,1777553774412954,1777553774425466,,,,client-1-3,Remove,9155805,200,12512
client,client_request,completed,1777553774438098,1,,,1777553774425585,1777553774438098,1777553774425585,1777553774438098,,,,client-1-3,Remove,13368409,200,12513
client,client_request,completed,1777553774451063,1,,,1777553774438199,1777553774451063,1777553774438199,1777553774451063,,,,client-1-3,Remove,14234634,200,12864
client,client_request,completed,1777553774463265,1,,,1777553774451263,1777553774463265,1777553774451263,1777553774463265,,,,client-1-3,Remove,2788165,200,12002
client,client_request,completed,1777553774476658,1,,,1777553774463491,1777553774476658,1777553774463491,1777553774476658,,,,client-1-3,Insert,-15411886,200,13167
client,client_request,completed,1777553774492368,1,,,1777553774476766,1777553774492368,1777553774476766,1777553774492368,,,,client-1-3,Insert,12232416,200,15602
client,client_request,completed,1777553774507097,1,,,1777553774492495,1777553774507097,1777553774492495,1777553774507097,,,,client-1-3,Remove,-16465489,200,14602
client,client_request,completed,1777553774520670,1,,,1777553774507233,1777553774520670,1777553774507233,1777553774520670,,,,client-1-3,Remove,-8152136,200,13437
client,client_request,completed,1777553774534105,1,,,1777553774520798,1777553774534105,1777553774520798,1777553774534105,,,,client-1-3,Insert,-11119431,200,13307
client,client_request,completed,1777553774609126,1,,,1777553774534215,1777553774609126,1777553774534215,1777553774609126,,,,client-1-3,Insert,-14348463,200,74911
client,client_request,completed,1777553774623011,1,,,1777553774609234,1777553774623011,1777553774609234,1777553774623011,,,,client-1-3,Remove,7080869,200,13777
client,client_request,completed,1777553774635180,1,,,1777553774623111,1777553774635180,1777553774623111,1777553774635180,,,,client-1-3,Insert,-8800757,200,12069
client,client_request,completed,1777553774648071,1,,,1777553774635283,1777553774648071,1777553774635283,1777553774648071,,,,client-1-3,Remove,10961850,200,12788
client,client_request,completed,1777553774660309,1,,,1777553774648284,1777553774660309,1777553774648284,1777553774660309,,,,client-1-3,Remove,12181704,200,12025
client,client_request,completed,1777553774672878,1,,,1777553774660705,1777553774672878,1777553774660705,1777553774672878,,,,client-1-3,Insert,-15861294,200,12173
client,client_request,completed,1777553774685385,1,,,1777553774673308,1777553774685385,1777553774673308,1777553774685385,,,,client-1-3,Remove,9374942,200,12077
client,client_request,completed,1777553774697787,1,,,1777553774685741,1777553774697787,1777553774685741,1777553774697787,,,,client-1-3,Remove,6152112,200,12046
client,client_request,completed,1777553774710277,1,,,1777553774697919,1777553774710277,1777553774697919,1777553774710277,,,,client-1-3,Insert,4205536,200,12358
client,client_request,completed,1777553774722861,1,,,1777553774710391,1777553774722861,1777553774710391,1777553774722861,,,,client-1-3,Insert,3505901,200,12470
client,client_request,completed,1777553774735028,1,,,1777553774722973,1777553774735028,1777553774722973,1777553774735028,,,,client-1-3,Remove,6454173,200,12055
client,client_request,completed,1777553774747840,1,,,1777553774735136,1777553774747840,1777553774735136,1777553774747840,,,,client-1-3,Insert,-6116541,200,12704
client,client_request,completed,1777553774760287,1,,,1777553774748240,1777553774760287,1777553774748240,1777553774760287,,,,client-1-3,Insert,-8085431,200,12047
client,client_request,completed,1777553774772530,1,,,1777553774760415,1777553774772530,1777553774760415,1777553774772530,,,,client-1-3,Insert,-14774416,200,12115
client,client_request,completed,1777553774784996,1,,,1777553774772629,1777553774784996,1777553774772629,1777553774784996,,,,client-1-3,Insert,-4733788,200,12367
client,client_request,completed,1777553774797345,1,,,1777553774785113,1777553774797345,1777553774785113,1777553774797345,,,,client-1-3,Insert,-1006169,200,12232
client,client_request,completed,1777553774810386,1,,,1777553774797446,1777553774810386,1777553774797446,1777553774810386,,,,client-1-3,Remove,430672,200,12940
client,client_request,completed,1777553774823185,1,,,1777553774810488,1777553774823185,1777553774810488,1777553774823185,,,,client-1-3,Insert,-9188365,200,12697
client,client_request,completed,1777553774835670,1,,,1777553774823287,1777553774835670,1777553774823287,1777553774835670,,,,client-1-3,Insert,-4082998,200,12383
client,client_request,completed,1777553774848912,1,,,1777553774836001,1777553774848912,1777553774836001,1777553774848912,,,,client-1-3,Insert,3728782,200,12911
client,client_request,completed,1777553774859787,1,,,1777553774849816,1777553774859787,1777553774849816,1777553774859787,,,,client-1-3,Insert,12601222,200,9971
client,client_request,completed,1777553774877505,1,,,1777553774861614,1777553774877505,1777553774861614,1777553774877505,,,,client-1-3,Insert,-7011909,200,15891
client,client_request,completed,1777553774888480,1,,,1777553774877692,1777553774888480,1777553774877692,1777553774888480,,,,client-1-3,Remove,15329141,200,10788
client,client_request,completed,1777553774899874,1,,,1777553774890879,1777553774899874,1777553774890879,1777553774899874,,,,client-1-3,Remove,11505609,200,8995
client,client_request,completed,1777553774924042,1,,,1777553774901496,1777553774924042,1777553774901496,1777553774924042,,,,client-1-3,Insert,3761736,200,22546
client,client_request,completed,1777553774938348,1,,,1777553774924486,1777553774938348,1777553774924486,1777553774938348,,,,client-1-3,Insert,14993860,200,13862
client,client_request,completed,1777553774962103,1,,,1777553774938452,1777553774962103,1777553774938452,1777553774962103,,,,client-1-3,Remove,-12846773,200,23651
client,client_request,completed,1777553774975869,1,,,1777553774962281,1777553774975869,1777553774962281,1777553774975869,,,,client-1-3,Insert,13625561,200,13588
client,client_request,completed,1777553774988781,1,,,1777553774975978,1777553774988781,1777553774975978,1777553774988781,,,,client-1-3,Insert,6535834,200,12803
client,client_request,completed,1777553775002558,1,,,1777553774989276,1777553775002558,1777553774989276,1777553775002558,,,,client-1-3,Insert,-15187854,200,13282
client,client_request,completed,1777553775017075,1,,,1777553775002660,1777553775017075,1777553775002660,1777553775017075,,,,client-1-3,Remove,-159572,200,14415
client,client_request,completed,1777553775032321,1,,,1777553775017177,1777553775032321,1777553775017177,1777553775032321,,,,client-1-3,Remove,2401001,200,15144
client,client_request,completed,1777553775047030,1,,,1777553775032696,1777553775047030,1777553775032696,1777553775047030,,,,client-1-3,Insert,-11655584,200,14334
client,client_request,completed,1777553775060475,1,,,1777553775047223,1777553775060475,1777553775047223,1777553775060475,,,,client-1-3,Remove,-6661398,200,13252
client,client_request,completed,1777553775075339,1,,,1777553775060565,1777553775075339,1777553775060565,1777553775075339,,,,client-1-3,Insert,-1434535,200,14774
client,client_request,completed,1777553775092050,1,,,1777553775075543,1777553775092050,1777553775075543,1777553775092050,,,,client-1-3,Insert,-11849073,200,16507
client,client_request,completed,1777553775105703,1,,,1777553775092267,1777553775105703,1777553775092267,1777553775105703,,,,client-1-3,Remove,4657243,200,13436
client,client_request,completed,1777553775119438,1,,,1777553775105772,1777553775119438,1777553775105772,1777553775119438,,,,client-1-3,Insert,-9643675,200,13666
client,client_request,completed,1777553775132851,1,,,1777553775119533,1777553775132851,1777553775119533,1777553775132851,,,,client-1-3,Insert,3906647,200,13318
client,client_request,completed,1777553775146567,1,,,1777553775132949,1777553775146567,1777553775132949,1777553775146567,,,,client-1-3,Remove,-9054906,200,13618
client,client_request,completed,1777553775159736,1,,,1777553775146904,1777553775159736,1777553775146904,1777553775159736,,,,client-1-3,Remove,-10179812,200,12832
client,client_request,completed,1777553775172633,1,,,1777553775159836,1777553775172633,1777553775159836,1777553775172633,,,,client-1-3,Insert,5752963,200,12797
client,client_request,completed,1777553775185874,1,,,1777553775172730,1777553775185874,1777553775172730,1777553775185874,,,,client-1-3,Remove,-13458453,200,13144
client,client_request,completed,1777553775199025,1,,,1777553775185971,1777553775199025,1777553775185971,1777553775199025,,,,client-1-3,Remove,-4218214,200,13054
client,client_request,completed,1777553775211774,1,,,1777553775199336,1777553775211774,1777553775199336,1777553775211774,,,,client-1-3,Insert,-4674444,200,12438
client,client_request,completed,1777553775224765,1,,,1777553775211960,1777553775224765,1777553775211960,1777553775224765,,,,client-1-3,Remove,-13217780,200,12805
client,client_request,completed,1777553775237343,1,,,1777553775224884,1777553775237343,1777553775224884,1777553775237343,,,,client-1-3,Remove,-9377994,200,12459
client,client_request,completed,1777553775250043,1,,,1777553775237452,1777553775250043,1777553775237452,1777553775250043,,,,client-1-3,Remove,-9119034,200,12591
client,client_request,completed,1777553775263810,1,,,1777553775250183,1777553775263810,1777553775250183,1777553775263810,,,,client-1-3,Insert,-10758086,200,13627
client,client_request,completed,1777553775276572,1,,,1777553775264016,1777553775276572,1777553775264016,1777553775276572,,,,client-1-3,Insert,-16749465,200,12556
client,client_request,completed,1777553775289584,1,,,1777553775276905,1777553775289584,1777553775276905,1777553775289584,,,,client-1-3,Remove,-14627584,200,12679
client,client_request,completed,1777553775302745,1,,,1777553775289713,1777553775302745,1777553775289713,1777553775302745,,,,client-1-3,Remove,-3555083,200,13032
client,client_request,completed,1777553775315110,1,,,1777553775302867,1777553775315110,1777553775302867,1777553775315110,,,,client-1-3,Remove,-8465293,200,12243
client,client_request,completed,1777553775328244,1,,,1777553775315417,1777553775328244,1777553775315417,1777553775328244,,,,client-1-3,Insert,-3827082,200,12827
client,client_request,completed,1777553775341346,1,,,1777553775328576,1777553775341346,1777553775328576,1777553775341346,,,,client-1-3,Remove,-5538315,200,12770
client,client_request,completed,1777553775354227,1,,,1777553775341690,1777553775354227,1777553775341690,1777553775354227,,,,client-1-3,Remove,6523122,200,12537
client,client_request,completed,1777553775367439,1,,,1777553775354364,1777553775367439,1777553775354364,1777553775367439,,,,client-1-3,Remove,11365969,200,13075
client,client_request,completed,1777553775380473,1,,,1777553775367541,1777553775380473,1777553775367541,1777553775380473,,,,client-1-3,Remove,-12583761,200,12932
client,client_request,completed,1777553775393519,1,,,1777553775380668,1777553775393519,1777553775380668,1777553775393519,,,,client-1-3,Remove,7411521,200,12851
client,client_request,completed,1777553775406718,1,,,1777553775393847,1777553775406718,1777553775393847,1777553775406718,,,,client-1-3,Remove,-9652960,200,12871
client,client_request,completed,1777553775419848,1,,,1777553775406825,1777553775419848,1777553775406825,1777553775419848,,,,client-1-3,Insert,-4756522,200,13023
client,client_request,completed,1777553775433532,1,,,1777553775420172,1777553775433532,1777553775420172,1777553775433532,,,,client-1-3,Remove,1567165,200,13360
client,client_request,completed,1777553775446827,1,,,1777553775433629,1777553775446827,1777553775433629,1777553775446827,,,,client-1-3,Insert,-996093,200,13198
client,client_request,completed,1777553775459775,1,,,1777553775446926,1777553775459775,1777553775446926,1777553775459775,,,,client-1-3,Insert,10642965,200,12849
client,client_request,completed,1777553775472989,1,,,1777553775460114,1777553775472989,1777553775460114,1777553775472989,,,,client-1-3,Insert,-1047345,200,12875
client,client_request,completed,1777553775486240,1,,,1777553775473112,1777553775486240,1777553775473112,1777553775486240,,,,client-1-3,Remove,2563427,200,13128
client,client_request,completed,1777553775499854,1,,,1777553775486357,1777553775499854,1777553775486357,1777553775499854,,,,client-1-3,Remove,1190973,200,13497
client,client_request,completed,1777553775514186,1,,,1777553775500167,1777553775514186,1777553775500167,1777553775514186,,,,client-1-3,Insert,4121496,200,14019
client,client_request,completed,1777553775529176,1,,,1777553775514378,1777553775529176,1777553775514378,1777553775529176,,,,client-1-3,Insert,5620143,200,14798
client,client_request,completed,1777553775543076,1,,,1777553775529338,1777553775543076,1777553775529338,1777553775543076,,,,client-1-3,Insert,11792898,200,13738
client,client_request,completed,1777553775617581,1,,,1777553775543403,1777553775617581,1777553775543403,1777553775617581,,,,client-1-3,Remove,5065625,200,74178
client,client_request,completed,1777553775627332,1,,,1777553775617723,1777553775627332,1777553775617723,1777553775627332,,,,client-1-3,Insert,3251066,200,9609
client,client_request,completed,1777553775643279,1,,,1777553775628033,1777553775643279,1777553775628033,1777553775643279,,,,client-1-3,Remove,-9297816,200,15246
client,client_request,completed,1777553775659522,1,,,1777553775643395,1777553775659522,1777553775643395,1777553775659522,,,,client-1-3,Insert,-9380534,200,16127
client,client_request,completed,1777553775672019,1,,,1777553775659629,1777553775672019,1777553775659629,1777553775672019,,,,client-1-3,Remove,4474786,200,12390
client,client_request,completed,1777553775680699,1,,,1777553775673525,1777553775680699,1777553775673525,1777553775680699,,,,client-1-3,Remove,1289754,200,7174
client,client_request,completed,1777553775692259,1,,,1777553775681112,1777553775692259,1777553775681112,1777553775692259,,,,client-1-3,Remove,-10312347,200,11147
client,client_request,completed,1777553775702951,1,,,1777553775692373,1777553775702951,1777553775692373,1777553775702951,,,,client-1-3,Insert,-3560213,200,10578
client,client_request,completed,1777553775711605,1,,,1777553775703052,1777553775711605,1777553775703052,1777553775711605,,,,client-1-3,Insert,4971733,200,8553
client,client_request,completed,1777553775729217,1,,,1777553775713481,1777553775729217,1777553775713481,1777553775729217,,,,client-1-3,Insert,4686383,200,15736
client,client_request,completed,1777553775740995,1,,,1777553775729318,1777553775740995,1777553775729318,1777553775740995,,,,client-1-3,Insert,3485696,200,11677
client,client_request,completed,1777553775750181,1,,,1777553775741196,1777553775750181,1777553775741196,1777553775750181,,,,client-1-3,Remove,10082594,200,8985
client,client_request,completed,1777553775760343,1,,,1777553775750817,1777553775760343,1777553775750817,1777553775760343,,,,client-1-3,Insert,-14735641,200,9526
client,client_request,completed,1777553775770229,1,,,1777553775760474,1777553775770229,1777553775760474,1777553775770229,,,,client-1-3,Insert,-2163657,200,9755
client,client_request,completed,1777553775777021,1,,,1777553775770896,1777553775777021,1777553775770896,1777553775777021,,,,client-1-3,Insert,7746711,200,6125
client,client_request,completed,1777553775785763,1,,,1777553775777135,1777553775785763,1777553775777135,1777553775785763,,,,client-1-3,Insert,-272975,200,8628
client,client_request,completed,1777553775794387,1,,,1777553775785858,1777553775794387,1777553775785858,1777553775794387,,,,client-1-3,Remove,-8532848,200,8529
client,client_request,completed,1777553775802687,1,,,1777553775794486,1777553775802687,1777553775794486,1777553775802687,,,,client-1-3,Remove,-16240468,200,8201
client,client_request,completed,1777553775811371,1,,,1777553775802785,1777553775811371,1777553775802785,1777553775811371,,,,client-1-3,Remove,-7186654,200,8586
client,client_request,completed,1777553775819735,1,,,1777553775811470,1777553775819735,1777553775811470,1777553775819735,,,,client-1-3,Insert,12442542,200,8265
client,client_request,completed,1777553775828665,1,,,1777553775819842,1777553775828665,1777553775819842,1777553775828665,,,,client-1-3,Insert,2091388,200,8823
client,client_request,completed,1777553775837737,1,,,1777553775828793,1777553775837737,1777553775828793,1777553775837737,,,,client-1-3,Remove,13104857,200,8944
client,client_request,completed,1777553775848334,1,,,1777553775837841,1777553775848334,1777553775837841,1777553775848334,,,,client-1-3,Remove,-16513669,200,10493
client,client_request,completed,1777553775858006,1,,,1777553775849508,1777553775858006,1777553775849508,1777553775858006,,,,client-1-3,Remove,4235072,200,8498
client,client_request,completed,1777553775880487,1,,,1777553775858839,1777553775880487,1777553775858839,1777553775880487,,,,client-1-3,Insert,-12881851,200,21648
client,client_request,completed,1777553775894106,1,,,1777553775880638,1777553775894106,1777553775880638,1777553775894106,,,,client-1-3,Insert,-2619192,200,13468
client,client_request,completed,1777553775908336,1,,,1777553775894302,1777553775908336,1777553775894302,1777553775908336,,,,client-1-3,Insert,16563432,200,14034
client,client_request,completed,1777553775922373,1,,,1777553775908712,1777553775922373,1777553775908712,1777553775922373,,,,client-1-3,Insert,12685653,200,13661
client,client_request,completed,1777553775936261,1,,,1777553775922481,1777553775936261,1777553775922481,1777553775936261,,,,client-1-3,Remove,14205943,200,13780
client,client_request,completed,1777553775950792,1,,,1777553775936370,1777553775950792,1777553775936370,1777553775950792,,,,client-1-3,Remove,13521461,200,14422
client,client_request,completed,1777553775964648,1,,,1777553775950906,1777553775964648,1777553775950906,1777553775964648,,,,client-1-3,Remove,12926366,200,13742
client,client_request,completed,1777553775979908,1,,,1777553775964861,1777553775979908,1777553775964861,1777553775979908,,,,client-1-3,Remove,-11982292,200,15047
client,client_request,completed,1777553775994972,1,,,1777553775980097,1777553775994972,1777553775980097,1777553775994972,,,,client-1-3,Insert,14090941,200,14875
client,client_request,completed,1777553776008774,1,,,1777553775995168,1777553776008774,1777553775995168,1777553776008774,,,,client-1-3,Remove,15394676,200,13606
client,client_request,completed,1777553776023132,1,,,1777553776008867,1777553776023132,1777553776008867,1777553776023132,,,,client-1-3,Remove,14006124,200,14265
client,client_request,completed,1777553776037703,1,,,1777553776023246,1777553776037703,1777553776023246,1777553776037703,,,,client-1-3,Insert,-9843198,200,14457
client,client_request,completed,1777553776052381,1,,,1777553776037795,1777553776052381,1777553776037795,1777553776052381,,,,client-1-3,Insert,5123116,200,14586
client,client_request,completed,1777553776066831,1,,,1777553776052488,1777553776066831,1777553776052488,1777553776066831,,,,client-1-3,Remove,-5590623,200,14343
client,client_request,completed,1777553776080324,1,,,1777553776067040,1777553776080324,1777553776067040,1777553776080324,,,,client-1-3,Remove,4827596,200,13284
client,client_request,completed,1777553776094906,1,,,1777553776080496,1777553776094906,1777553776080496,1777553776094906,,,,client-1-3,Remove,-9702790,200,14410
client,client_request,completed,1777553776109943,1,,,1777553776095018,1777553776109943,1777553776095018,1777553776109943,,,,client-1-3,Insert,8663382,200,14925
client,client_request,completed,1777553776124170,1,,,1777553776110064,1777553776124170,1777553776110064,1777553776124170,,,,client-1-3,Remove,1315518,200,14106
client,client_request,completed,1777553776138429,1,,,1777553776124527,1777553776138429,1777553776124527,1777553776138429,,,,client-1-3,Remove,-15134047,200,13902
client,client_request,completed,1777553776152639,1,,,1777553776138526,1777553776152639,1777553776138526,1777553776152639,,,,client-1-3,Insert,5351034,200,14113
client,client_request,completed,1777553776167432,1,,,1777553776152993,1777553776167432,1777553776152993,1777553776167432,,,,client-1-3,Remove,12952490,200,14439
client,client_request,completed,1777553776182012,1,,,1777553776167767,1777553776182012,1777553776167767,1777553776182012,,,,client-1-3,Remove,577949,200,14245
client,client_request,completed,1777553776196055,1,,,1777553776182401,1777553776196055,1777553776182401,1777553776196055,,,,client-1-3,Insert,13970390,200,13654
client,client_request,completed,1777553776210647,1,,,1777553776196156,1777553776210647,1777553776196156,1777553776210647,,,,client-1-3,Remove,-12959276,200,14491
client,client_request,completed,1777553776224529,1,,,1777553776211000,1777553776224529,1777553776211000,1777553776224529,,,,client-1-3,Remove,1696462,200,13529
client,client_request,completed,1777553776238602,1,,,1777553776224626,1777553776238602,1777553776224626,1777553776238602,,,,client-1-3,Insert,-13811708,200,13976
client,client_request,completed,1777553776253550,1,,,1777553776238942,1777553776253550,1777553776238942,1777553776253550,,,,client-1-3,Remove,1583983,200,14608
client,client_request,completed,1777553776269879,1,,,1777553776253650,1777553776269879,1777553776253650,1777553776269879,,,,client-1-3,Remove,-14119290,200,16229
client,client_request,completed,1777553776283884,1,,,1777553776270068,1777553776283884,1777553776270068,1777553776283884,,,,client-1-3,Insert,8617990,200,13816
client,client_request,completed,1777553776298735,1,,,1777553776283982,1777553776298735,1777553776283982,1777553776298735,,,,client-1-3,Insert,15355544,200,14753
client,client_request,completed,1777553776312635,1,,,1777553776298875,1777553776312635,1777553776298875,1777553776312635,,,,client-1-3,Remove,3966446,200,13760
client,client_request,completed,1777553776326914,1,,,1777553776312798,1777553776326914,1777553776312798,1777553776326914,,,,client-1-3,Insert,8596546,200,14116
client,client_request,completed,1777553776341048,1,,,1777553776327040,1777553776341048,1777553776327040,1777553776341048,,,,client-1-3,Remove,15189263,200,14008
client,client_request,completed,1777553776355339,1,,,1777553776341441,1777553776355339,1777553776341441,1777553776355339,,,,client-1-3,Insert,-8539860,200,13898
client,client_request,completed,1777553776369787,1,,,1777553776355464,1777553776369787,1777553776355464,1777553776369787,,,,client-1-3,Insert,10336312,200,14323
client,client_request,completed,1777553776384124,1,,,1777553776370138,1777553776384124,1777553776370138,1777553776384124,,,,client-1-3,Remove,-12864284,200,13986
client,client_request,completed,1777553776397988,1,,,1777553776384258,1777553776397988,1777553776384258,1777553776397988,,,,client-1-3,Remove,-6424674,200,13730
client,client_request,completed,1777553776412710,1,,,1777553776398116,1777553776412710,1777553776398116,1777553776412710,,,,client-1-3,Insert,122917,200,14594
client,client_request,completed,1777553776427256,1,,,1777553776413042,1777553776427256,1777553776413042,1777553776427256,,,,client-1-3,Insert,-5393565,200,14214
client,client_request,completed,1777553776441869,1,,,1777553776427427,1777553776441869,1777553776427427,1777553776441869,,,,client-1-3,Remove,11494826,200,14442
client,client_request,completed,1777553776456559,1,,,1777553776441958,1777553776456559,1777553776441958,1777553776456559,,,,client-1-3,Insert,-15538302,200,14601
client,client_request,completed,1777553776470356,1,,,1777553776456687,1777553776470356,1777553776456687,1777553776470356,,,,client-1-3,Insert,12066500,200,13669
client,client_request,completed,1777553776485013,1,,,1777553776470460,1777553776485013,1777553776470460,1777553776485013,,,,client-1-3,Remove,-10019134,200,14553
client,client_request,completed,1777553776499998,1,,,1777553776485114,1777553776499998,1777553776485114,1777553776499998,,,,client-1-3,Remove,2363840,200,14884
client,client_request,completed,1777553776514004,1,,,1777553776500106,1777553776514004,1777553776500106,1777553776514004,,,,client-1-3,Insert,15311732,200,13898
client,client_request,completed,1777553776528370,1,,,1777553776514105,1777553776528370,1777553776514105,1777553776528370,,,,client-1-3,Remove,4950855,200,14265
client,client_request,completed,1777553776598801,1,,,1777553776528469,1777553776598801,1777553776528469,1777553776598801,,,,client-1-3,Remove,7039646,200,70332
client,client_request,completed,1777553776613740,1,,,1777553776598926,1777553776613740,1777553776598926,1777553776613740,,,,client-1-3,Remove,-9737940,200,14814
client,client_request,completed,1777553776625725,1,,,1777553776614058,1777553776625725,1777553776614058,1777553776625725,,,,client-1-3,Insert,2095546,200,11667
client,client_request,completed,1777553776635716,1,,,1777553776625824,1777553776635716,1777553776625824,1777553776635716,,,,client-1-3,Remove,7363195,200,9892
client,client_request,completed,1777553776652166,1,,,1777553776636043,1777553776652166,1777553776636043,1777553776652166,,,,client-1-3,Insert,-10986851,200,16123
client,client_request,completed,1777553776661732,1,,,1777553776652559,1777553776661732,1777553776652559,1777553776661732,,,,client-1-3,Remove,-2716179,200,9173
client,client_request,completed,1777553776673029,1,,,1777553776662108,1777553776673029,1777553776662108,1777553776673029,,,,client-1-3,Remove,3609859,200,10921
client,client_request,completed,1777553776689701,1,,,1777553776673168,1777553776689701,1777553776673168,1777553776689701,,,,client-1-3,Remove,15179032,200,16533
client,client_request,completed,1777553776705442,1,,,1777553776689802,1777553776705442,1777553776689802,1777553776705442,,,,client-1-3,Insert,-16387494,200,15640
client,client_request,completed,1777553776721000,1,,,1777553776705615,1777553776721000,1777553776705615,1777553776721000,,,,client-1-3,Insert,-16564815,200,15385
client,client_request,completed,1777553776735394,1,,,1777553776721197,1777553776735394,1777553776721197,1777553776735394,,,,client-1-3,Insert,9463685,200,14197
client,client_request,completed,1777553776749199,1,,,1777553776735504,1777553776749199,1777553776735504,1777553776749199,,,,client-1-3,Insert,-1939813,200,13695
client,client_request,completed,1777553776764110,1,,,1777553776749339,1777553776764110,1777553776749339,1777553776764110,,,,client-1-3,Insert,-3675395,200,14771
client,client_request,completed,1777553776779054,1,,,1777553776764247,1777553776779054,1777553776764247,1777553776779054,,,,client-1-3,Insert,11126603,200,14807
client,client_request,completed,1777553776792803,1,,,1777553776779154,1777553776792803,1777553776779154,1777553776792803,,,,client-1-3,Remove,-16578029,200,13649
client,client_request,completed,1777553776807848,1,,,1777553776792900,1777553776807848,1777553776792900,1777553776807848,,,,client-1-3,Remove,3714167,200,14948
client,client_request,completed,1777553776822402,1,,,1777553776807945,1777553776822402,1777553776807945,1777553776822402,,,,client-1-3,Insert,-1798294,200,14457
client,client_request,completed,1777553776837266,1,,,1777553776822499,1777553776837266,1777553776822499,1777553776837266,,,,client-1-3,Insert,-13982810,200,14767
client,client_request,completed,1777553776851956,1,,,1777553776837367,1777553776851956,1777553776837367,1777553776851956,,,,client-1-3,Insert,6716250,200,14589
client,client_request,completed,1777553776866715,1,,,1777553776852075,1777553776866715,1777553776852075,1777553776866715,,,,client-1-3,Remove,-1082015,200,14640
client,client_request,completed,1777553776881592,1,,,1777553776866838,1777553776881592,1777553776866838,1777553776881592,,,,client-1-3,Insert,7897461,200,14754
client,client_request,completed,1777553776896157,1,,,1777553776881937,1777553776896157,1777553776881937,1777553776896157,,,,client-1-3,Insert,6819101,200,14220
client,client_request,completed,1777553776910434,1,,,1777553776896288,1777553776910434,1777553776896288,1777553776910434,,,,client-1-3,Insert,630240,200,14146
client,client_request,completed,1777553776924986,1,,,1777553776910781,1777553776924986,1777553776910781,1777553776924986,,,,client-1-3,Insert,-9351647,200,14205
client,client_request,completed,1777553776939800,1,,,1777553776925087,1777553776939800,1777553776925087,1777553776939800,,,,client-1-3,Insert,13136641,200,14713
client,client_request,completed,1777553776953991,1,,,1777553776939922,1777553776953991,1777553776939922,1777553776953991,,,,client-1-3,Remove,-4157553,200,14069
client,client_request,completed,1777553776971298,1,,,1777553776954094,1777553776971298,1777553776954094,1777553776971298,,,,client-1-3,Insert,1943070,200,17204
client,client_request,completed,1777553776986602,1,,,1777553776971416,1777553776986602,1777553776971416,1777553776986602,,,,client-1-3,Insert,-7662604,200,15186
client,client_request,completed,1777553777002410,1,,,1777553776986982,1777553777002410,1777553776986982,1777553777002410,,,,client-1-3,Insert,-16475656,200,15428
client,client_request,completed,1777553777017196,1,,,1777553777002622,1777553777017196,1777553777002622,1777553777017196,,,,client-1-3,Insert,-6006536,200,14574
client,client_request,completed,1777553777031922,1,,,1777553777017296,1777553777031922,1777553777017296,1777553777031922,,,,client-1-3,Insert,-6263213,200,14626
client,client_request,completed,1777553777046969,1,,,1777553777032112,1777553777046969,1777553777032112,1777553777046969,,,,client-1-3,Remove,-3646294,200,14857
client,client_request,completed,1777553777062180,1,,,1777553777047067,1777553777062180,1777553777047067,1777553777062180,,,,client-1-3,Remove,8250663,200,15113
client,client_request,completed,1777553777077008,1,,,1777553777062317,1777553777077008,1777553777062317,1777553777077008,,,,client-1-3,Remove,-990374,200,14691
client,client_request,completed,1777553777091463,1,,,1777553777077367,1777553777091463,1777553777077367,1777553777091463,,,,client-1-3,Insert,-13643698,200,14096
client,client_request,completed,1777553777106416,1,,,1777553777091563,1777553777106416,1777553777091563,1777553777106416,,,,client-1-3,Remove,5479169,200,14853
client,client_request,completed,1777553777120905,1,,,1777553777106628,1777553777120905,1777553777106628,1777553777120905,,,,client-1-3,Insert,-11894133,200,14277
client,client_request,completed,1777553777136499,1,,,1777553777121006,1777553777136499,1777553777121006,1777553777136499,,,,client-1-3,Remove,-6951551,200,15493
client,client_request,completed,1777553777152904,1,,,1777553777136598,1777553777152904,1777553777136598,1777553777152904,,,,client-1-3,Insert,-6012711,200,16306
client,client_request,completed,1777553777172114,1,,,1777553777153009,1777553777172114,1777553777153009,1777553777172114,,,,client-1-3,Insert,4028486,200,19105
client,client_request,completed,1777553777189729,1,,,1777553777172202,1777553777189729,1777553777172202,1777553777189729,,,,client-1-3,Insert,-711173,200,17527
client,client_request,completed,1777553777207380,1,,,1777553777189834,1777553777207380,1777553777189834,1777553777207380,,,,client-1-3,Insert,-11579631,200,17546
client,client_request,completed,1777553777224900,1,,,1777553777207484,1777553777224900,1777553777207484,1777553777224900,,,,client-1-3,Insert,-4543259,200,17416
client,client_request,completed,1777553777242284,1,,,1777553777225035,1777553777242284,1777553777225035,1777553777242284,,,,client-1-3,Insert,6173726,200,17249
client,client_request,completed,1777553777260514,1,,,1777553777242490,1777553777260514,1777553777242490,1777553777260514,,,,client-1-3,Insert,609803,200,18024
client,client_request,completed,1777553777278357,1,,,1777553777260625,1777553777278357,1777553777260625,1777553777278357,,,,client-1-3,Insert,-13450696,200,17732
client,client_request,completed,1777553777295133,1,,,1777553777278461,1777553777295133,1777553777278461,1777553777295133,,,,client-1-3,Remove,15028844,200,16672
client,client_request,completed,1777553777312464,1,,,1777553777295477,1777553777312464,1777553777295477,1777553777312464,,,,client-1-3,Remove,-10709365,200,16987
client,client_request,completed,1777553777328873,1,,,1777553777312660,1777553777328873,1777553777312660,1777553777328873,,,,client-1-3,Insert,12283125,200,16213
client,client_request,completed,1777553777347772,1,,,1777553777329080,1777553777347772,1777553777329080,1777553777347772,,,,client-1-3,Insert,3613107,200,18692
client,client_request,completed,1777553777368090,1,,,1777553777347883,1777553777368090,1777553777347883,1777553777368090,,,,client-1-3,Insert,5857078,200,20207
client,client_request,completed,1777553777385344,1,,,1777553777368476,1777553777385344,1777553777368476,1777553777385344,,,,client-1-3,Insert,-12032252,200,16868
client,client_request,completed,1777553777402795,1,,,1777553777385549,1777553777402795,1777553777385549,1777553777402795,,,,client-1-3,Remove,3510351,200,17246
client,client_request,completed,1777553777420608,1,,,1777553777402894,1777553777420608,1777553777402894,1777553777420608,,,,client-1-3,Insert,6689689,200,17714
client,client_request,completed,1777553777437928,1,,,1777553777420713,1777553777437928,1777553777420713,1777553777437928,,,,client-1-3,Insert,-6887933,200,17215
client,client_request,completed,1777553777456281,1,,,1777553777438031,1777553777456281,1777553777438031,1777553777456281,,,,client-1-3,Remove,-12200131,200,18250
client,client_request,completed,1777553777475946,1,,,1777553777456418,1777553777475946,1777553777456418,1777553777475946,,,,client-1-3,Insert,4603449,200,19528
client,client_request,completed,1777553777493452,1,,,1777553777476324,1777553777493452,1777553777476324,1777553777493452,,,,client-1-3,Insert,-15840333,200,17128
client,client_request,completed,1777553777511194,1,,,1777553777493557,1777553777511194,1777553777493557,1777553777511194,,,,client-1-3,Insert,5675671,200,17637
client,client_request,completed,1777553777528274,1,,,1777553777511297,1777553777528274,1777553777511297,1777553777528274,,,,client-1-3,Remove,-8356061,200,16977
client,client_request,completed,1777553777604553,1,,,1777553777528469,1777553777604553,1777553777528469,1777553777604553,,,,client-1-3,Insert,-15507671,200,76084
client,client_request,completed,1777553777619601,1,,,1777553777604904,1777553777619601,1777553777604904,1777553777619601,,,,client-1-3,Insert,-15970104,200,14697
client,client_request,completed,1777553777629941,1,,,1777553777619834,1777553777629941,1777553777619834,1777553777629941,,,,client-1-3,Remove,-4848264,200,10107
client,client_request,completed,1777553777641087,1,,,1777553777630185,1777553777641087,1777553777630185,1777553777641087,,,,client-1-3,Remove,-7957765,200,10902
client,client_request,completed,1777553777649991,1,,,1777553777641198,1777553777649991,1777553777641198,1777553777649991,,,,client-1-3,Insert,8395336,200,8793
client,client_request,completed,1777553777660617,1,,,1777553777650093,1777553777660617,1777553777650093,1777553777660617,,,,client-1-3,Insert,1174604,200,10524
client,client_request,completed,1777553777674096,1,,,1777553777661402,1777553777674096,1777553777661402,1777553777674096,,,,client-1-3,Remove,5182147,200,12694
client,client_request,completed,1777553777688860,1,,,1777553777674568,1777553777688860,1777553777674568,1777553777688860,,,,client-1-3,Insert,-15685370,200,14292
client,client_request,completed,1777553777704724,1,,,1777553777688980,1777553777704724,1777553777688980,1777553777704724,,,,client-1-3,Remove,-12834626,200,15744
client,client_request,completed,1777553777715540,1,,,1777553777704831,1777553777715540,1777553777704831,1777553777715540,,,,client-1-3,Remove,8921518,200,10709
client,client_request,completed,1777553777724506,1,,,1777553777715664,1777553777724506,1777553777715664,1777553777724506,,,,client-1-3,Insert,-9640202,200,8842
client,client_request,completed,1777553777734755,1,,,1777553777725027,1777553777734755,1777553777725027,1777553777734755,,,,client-1-3,Remove,8527466,200,9728
client,client_request,completed,1777553777744702,1,,,1777553777734938,1777553777744702,1777553777734938,1777553777744702,,,,client-1-3,Remove,-4379884,200,9764
client,client_request,completed,1777553777754579,1,,,1777553777744924,1777553777754579,1777553777744924,1777553777754579,,,,client-1-3,Remove,-8401842,200,9655
client,client_request,completed,1777553777764646,1,,,1777553777755005,1777553777764646,1777553777755005,1777553777764646,,,,client-1-3,Insert,5449411,200,9641
client,client_request,completed,1777553777774560,1,,,1777553777765071,1777553777774560,1777553777765071,1777553777774560,,,,client-1-3,Remove,4134335,200,9489
client,client_request,completed,1777553777784825,1,,,1777553777774660,1777553777784825,1777553777774660,1777553777784825,,,,client-1-3,Remove,-12328097,200,10165
client,client_request,completed,1777553777794696,1,,,1777553777784944,1777553777794696,1777553777784944,1777553777794696,,,,client-1-3,Insert,-13304800,200,9752
client,client_request,completed,1777553777804925,1,,,1777553777794795,1777553777804925,1777553777794795,1777553777804925,,,,client-1-3,Remove,3860742,200,10130
client,client_request,completed,1777553777814769,1,,,1777553777805026,1777553777814769,1777553777805026,1777553777814769,,,,client-1-3,Remove,-3034225,200,9743
client,client_request,completed,1777553777824521,1,,,1777553777814868,1777553777824521,1777553777814868,1777553777824521,,,,client-1-3,Remove,14116663,200,9653
client,client_request,completed,1777553777834812,1,,,1777553777824631,1777553777834812,1777553777824631,1777553777834812,,,,client-1-3,Remove,-7006629,200,10181
client,client_request,completed,1777553777846781,1,,,1777553777835161,1777553777846781,1777553777835161,1777553777846781,,,,client-1-3,Remove,-2183408,200,11620
client,client_request,completed,1777553777857110,1,,,1777553777847140,1777553777857110,1777553777847140,1777553777857110,,,,client-1-3,Remove,10895108,200,9970
client,client_request,completed,1777553777867349,1,,,1777553777857236,1777553777867349,1777553777857236,1777553777867349,,,,client-1-3,Insert,14644696,200,10113
client,client_request,completed,1777553777878278,1,,,1777553777867511,1777553777878278,1777553777867511,1777553777878278,,,,client-1-3,Remove,9865461,200,10767
client,client_request,completed,1777553777888555,1,,,1777553777878400,1777553777888555,1777553777878400,1777553777888555,,,,client-1-3,Remove,14905515,200,10155
client,client_request,completed,1777553777899505,1,,,1777553777888725,1777553777899505,1777553777888725,1777553777899505,,,,client-1-3,Remove,1447505,200,10780
client,client_request,completed,1777553777910011,1,,,1777553777899660,1777553777910011,1777553777899660,1777553777910011,,,,client-1-3,Insert,-15161325,200,10351
client,client_request,completed,1777553777917298,1,,,1777553777910122,1777553777917298,1777553777910122,1777553777917298,,,,client-1-3,Remove,12779653,200,7176
client,client_request,completed,1777553777929026,1,,,1777553777919152,1777553777929026,1777553777919152,1777553777929026,,,,client-1-3,Remove,-14549520,200,9874
client,client_request,completed,1777553777941367,1,,,1777553777929295,1777553777941367,1777553777929295,1777553777941367,,,,client-1-3,Remove,-10583872,200,12072
client,client_request,completed,1777553777954873,1,,,1777553777942798,1777553777954873,1777553777942798,1777553777954873,,,,client-1-3,Remove,3936208,200,12075
client,client_request,completed,1777553777964302,1,,,1777553777955315,1777553777964302,1777553777955315,1777553777964302,,,,client-1-3,Remove,-16513707,200,8987
client,client_request,completed,1777553777973757,1,,,1777553777964552,1777553777973757,1777553777964552,1777553777973757,,,,client-1-3,Insert,12560130,200,9205
client,client_request,completed,1777553777984458,1,,,1777553777974309,1777553777984458,1777553777974309,1777553777984458,,,,client-1-3,Remove,-16044318,200,10149
client,client_request,completed,1777553777995935,1,,,1777553777985977,1777553777995935,1777553777985977,1777553777995935,,,,client-1-3,Remove,-9050132,200,9958
client,client_request,completed,1777553778007592,1,,,1777553777996421,1777553778007592,1777553777996421,1777553778007592,,,,client-1-3,Insert,-12545442,200,11171
client,client_request,completed,1777553778020780,1,,,1777553778008062,1777553778020780,1777553778008062,1777553778020780,,,,client-1-3,Remove,7412265,200,12718
client,client_request,completed,1777553778031094,1,,,1777553778021306,1777553778031094,1777553778021306,1777553778031094,,,,client-1-3,Insert,-726878,200,9788
client,client_request,completed,1777553778044752,1,,,1777553778031648,1777553778044752,1777553778031648,1777553778044752,,,,client-1-3,Insert,2794598,200,13104
client,client_request,completed,1777553778056105,1,,,1777553778044860,1777553778056105,1777553778044860,1777553778056105,,,,client-1-3,Remove,747546,200,11245
client,client_request,completed,1777553778066434,1,,,1777553778056664,1777553778066434,1777553778056664,1777553778066434,,,,client-1-3,Insert,10697740,200,9770
client,client_request,completed,1777553778078467,1,,,1777553778066871,1777553778078467,1777553778066871,1777553778078467,,,,client-1-3,Insert,-10629351,200,11596
client,client_request,completed,1777553778087836,1,,,1777553778079105,1777553778087836,1777553778079105,1777553778087836,,,,client-1-3,Remove,2491812,200,8731
client,client_request,completed,1777553778099302,1,,,1777553778087981,1777553778099302,1777553778087981,1777553778099302,,,,client-1-3,Insert,9154525,200,11321
client,client_request,completed,1777553778110950,1,,,1777553778099971,1777553778110950,1777553778099971,1777553778110950,,,,client-1-3,Remove,1283004,200,10979
client,client_request,completed,1777553778121274,1,,,1777553778111100,1777553778121274,1777553778111100,1777553778121274,,,,client-1-3,Insert,-482134,200,10174
client,client_request,completed,1777553778131924,1,,,1777553778122173,1777553778131924,1777553778122173,1777553778131924,,,,client-1-3,Insert,-10749513,200,9751
client,client_request,completed,1777553778141598,1,,,1777553778132056,1777553778141598,1777553778132056,1777553778141598,,,,client-1-3,Insert,-8992669,200,9542
client,client_request,completed,1777553778152263,1,,,1777553778142127,1777553778152263,1777553778142127,1777553778152263,,,,client-1-3,Remove,-5674171,200,10136
client,client_request,completed,1777553778161283,1,,,1777553778152858,1777553778161283,1777553778152858,1777553778161283,,,,client-1-3,Insert,-2687797,200,8425
client,client_request,completed,1777553778171730,1,,,1777553778162241,1777553778171730,1777553778162241,1777553778171730,,,,client-1-3,Insert,12173773,200,9489
client,client_request,completed,1777553778181784,1,,,1777553778171824,1777553778181784,1777553778171824,1777553778181784,,,,client-1-3,Insert,11748311,200,9960
client,client_request,completed,1777553778192077,1,,,1777553778181894,1777553778192077,1777553778181894,1777553778192077,,,,client-1-3,Insert,-10324326,200,10183
client,client_request,completed,1777553778202766,1,,,1777553778192557,1777553778202766,1777553778192557,1777553778202766,,,,client-1-3,Remove,14827657,200,10209
client,client_request,completed,1777553778213009,1,,,1777553778203005,1777553778213009,1777553778203005,1777553778213009,,,,client-1-3,Insert,-11174606,200,10004
client,client_request,completed,1777553778223525,1,,,1777553778213198,1777553778223525,1777553778213198,1777553778223525,,,,client-1-3,Remove,7604997,200,10327
client,client_request,completed,1777553778233770,1,,,1777553778223636,1777553778233770,1777553778223636,1777553778233770,,,,client-1-3,Remove,5042963,200,10134
client,client_request,completed,1777553778244788,1,,,1777553778234167,1777553778244788,1777553778234167,1777553778244788,,,,client-1-3,Remove,16279252,200,10621
client,client_request,completed,1777553778254810,1,,,1777553778244986,1777553778254810,1777553778244986,1777553778254810,,,,client-1-3,Insert,1784271,200,9824
client,client_request,completed,1777553778264948,1,,,1777553778254999,1777553778264948,1777553778254999,1777553778264948,,,,client-1-3,Remove,-466546,200,9949
client,client_request,completed,1777553778275619,1,,,1777553778265089,1777553778275619,1777553778265089,1777553778275619,,,,client-1-3,Remove,-15808371,200,10530
client,client_request,completed,1777553778286154,1,,,1777553778275907,1777553778286154,1777553778275907,1777553778286154,,,,client-1-3,Insert,-2813197,200,10247
client,client_request,completed,1777553778296171,1,,,1777553778286289,1777553778296171,1777553778286289,1777553778296171,,,,client-1-3,Remove,323058,200,9882
client,client_request,completed,1777553778306603,1,,,1777553778296539,1777553778306603,1777553778296539,1777553778306603,,,,client-1-3,Remove,-3435018,200,10064
client,client_request,completed,1777553778316870,1,,,1777553778306743,1777553778316870,1777553778306743,1777553778316870,,,,client-1-3,Remove,-4875775,200,10127
client,client_request,completed,1777553778325733,1,,,1777553778316976,1777553778325733,1777553778316976,1777553778325733,,,,client-1-3,Insert,5074495,200,8757
client,client_request,completed,1777553778336555,1,,,1777553778326181,1777553778336555,1777553778326181,1777553778336555,,,,client-1-3,Remove,-12538059,200,10374
client,client_request,completed,1777553778346672,1,,,1777553778336693,1777553778346672,1777553778336693,1777553778346672,,,,client-1-3,Insert,-16170075,200,9979
client,client_request,completed,1777553778356909,1,,,1777553778346862,1777553778356909,1777553778346862,1777553778356909,,,,client-1-3,Remove,13540201,200,10047
client,client_request,completed,1777553778366915,1,,,1777553778357051,1777553778366915,1777553778357051,1777553778366915,,,,client-1-3,Insert,-12962283,200,9864
client,client_request,completed,1777553778377027,1,,,1777553778367268,1777553778377027,1777553778367268,1777553778377027,,,,client-1-3,Remove,16188334,200,9759
client,client_request,completed,1777553778387152,1,,,1777553778377163,1777553778387152,1777553778377163,1777553778387152,,,,client-1-3,Remove,10229198,200,9989
client,client_request,completed,1777553778397486,1,,,1777553778387483,1777553778397486,1777553778387483,1777553778397486,,,,client-1-3,Insert,5773328,200,10003
client,client_request,completed,1777553778406453,1,,,1777553778398441,1777553778406453,1777553778398441,1777553778406453,,,,client-1-3,Remove,1021164,200,8012
client,client_request,completed,1777553778417782,1,,,1777553778407774,1777553778417782,1777553778407774,1777553778417782,,,,client-1-3,Insert,-1575363,200,10008
client,client_request,completed,1777553778426385,1,,,1777553778417897,1777553778426385,1777553778417897,1777553778426385,,,,client-1-3,Insert,3786180,200,8488
client,client_request,completed,1777553778436071,1,,,1777553778427430,1777553778436071,1777553778427430,1777553778436071,,,,client-1-3,Insert,-1331281,200,8641
client,client_request,completed,1777553778448170,1,,,1777553778436912,1777553778448170,1777553778436912,1777553778448170,,,,client-1-3,Remove,-2066436,200,11258
client,client_request,completed,1777553778455421,1,,,1777553778448309,1777553778455421,1777553778448309,1777553778455421,,,,client-1-3,Insert,-9417397,200,7112
client,client_request,completed,1777553778464740,1,,,1777553778455529,1777553778464740,1777553778455529,1777553778464740,,,,client-1-3,Insert,3843193,200,9211
client,client_request,completed,1777553778475960,1,,,1777553778464859,1777553778475960,1777553778464859,1777553778475960,,,,client-1-3,Insert,16670788,200,11101
client,client_request,completed,1777553778488257,1,,,1777553778477990,1777553778488257,1777553778477990,1777553778488257,,,,client-1-3,Remove,3721672,200,10267
client,client_request,completed,1777553778497969,1,,,1777553778488365,1777553778497969,1777553778488365,1777553778497969,,,,client-1-3,Insert,-9722920,200,9604
client,client_request,completed,1777553778509496,1,,,1777553778498272,1777553778509496,1777553778498272,1777553778509496,,,,client-1-3,Insert,7431632,200,11224
client,client_request,completed,1777553778518398,1,,,1777553778510121,1777553778518398,1777553778510121,1777553778518398,,,,client-1-3,Remove,3368876,200,8277
client,client_request,completed,1777553778528029,1,,,1777553778519065,1777553778528029,1777553778519065,1777553778528029,,,,client-1-3,Remove,15084814,200,8964
client,client_request,completed,1777553778542209,1,,,1777553778528139,1777553778542209,1777553778528139,1777553778542209,,,,client-1-3,Insert,-3213041,200,14070
client,client_request,completed,1777553778614907,1,,,1777553778542312,1777553778614907,1777553778542312,1777553778614907,,,,client-1-3,Insert,-753135,200,72595
client,client_request,completed,1777553778626124,1,,,1777553778615127,1777553778626124,1777553778615127,1777553778626124,,,,client-1-3,Insert,-11605117,200,10997
client,client_request,completed,1777553778636453,1,,,1777553778626352,1777553778636453,1777553778626352,1777553778636453,,,,client-1-3,Remove,-763009,200,10101
client,client_request,completed,1777553778645758,1,,,1777553778637874,1777553778645758,1777553778637874,1777553778645758,,,,client-1-3,Remove,-4962022,200,7884
client,client_request,completed,1777553778660644,1,,,1777553778647555,1777553778660644,1777553778647555,1777553778660644,,,,client-1-3,Remove,3737223,200,13089
client,client_request,completed,1777553778672244,1,,,1777553778660765,1777553778672244,1777553778660765,1777553778672244,,,,client-1-3,Remove,3751505,200,11479
client,client_request,completed,1777553778681765,1,,,1777553778672474,1777553778681765,1777553778672474,1777553778681765,,,,client-1-3,Remove,-15656580,200,9291
client,client_request,completed,1777553778689415,1,,,1777553778682658,1777553778689415,1777553778682658,1777553778689415,,,,client-1-3,Remove,-4308657,200,6757
client,client_request,completed,1777553778697394,1,,,1777553778689516,1777553778697394,1777553778689516,1777553778697394,,,,client-1-3,Insert,-3465962,200,7878
client,client_request,completed,1777553778716754,1,,,1777553778697502,1777553778716754,1777553778697502,1777553778716754,,,,client-1-3,Remove,-11620256,200,19252
client,client_request,completed,1777553778727854,1,,,1777553778716965,1777553778727854,1777553778716965,1777553778727854,,,,client-1-3,Remove,-1099536,200,10889
client,client_request,completed,1777553778741786,1,,,1777553778728361,1777553778741786,1777553778728361,1777553778741786,,,,client-1-3,Insert,-7579278,200,13425
client,client_request,completed,1777553778754947,1,,,1777553778741890,1777553778754947,1777553778741890,1777553778754947,,,,client-1-3,Remove,-16223523,200,13057
client,client_request,completed,1777553778765437,1,,,1777553778755194,1777553778765437,1777553778755194,1777553778765437,,,,client-1-3,Insert,-15546307,200,10243
client,client_request,completed,1777553778773919,1,,,1777553778766127,1777553778773919,1777553778766127,1777553778773919,,,,client-1-3,Remove,-16397243,200,7792
client,client_request,completed,1777553778783120,1,,,1777553778774502,1777553778783120,1777553778774502,1777553778783120,,,,client-1-3,Remove,-14583845,200,8618
client,client_request,completed,1777553778792192,1,,,1777553778783217,1777553778792192,1777553778783217,1777553778792192,,,,client-1-3,Remove,-5695190,200,8975
client,client_request,completed,1777553778801630,1,,,1777553778792290,1777553778801630,1777553778792290,1777553778801630,,,,client-1-3,Insert,-6351615,200,9340
client,client_request,completed,1777553778810884,1,,,1777553778801727,1777553778810884,1777553778801727,1777553778810884,,,,client-1-3,Insert,3981315,200,9157
client,client_request,completed,1777553778820208,1,,,1777553778810985,1777553778820208,1777553778810985,1777553778820208,,,,client-1-3,Insert,15783757,200,9223
client,client_request,completed,1777553778829905,1,,,1777553778820307,1777553778829905,1777553778820307,1777553778829905,,,,client-1-3,Remove,-1186862,200,9598
client,client_request,completed,1777553778839420,1,,,1777553778830026,1777553778839420,1777553778830026,1777553778839420,,,,client-1-3,Remove,-6797333,200,9394
client,client_request,completed,1777553778850062,1,,,1777553778839527,1777553778850062,1777553778839527,1777553778850062,,,,client-1-3,Insert,-15753942,200,10535
client,client_request,completed,1777553778859601,1,,,1777553778850190,1777553778859601,1777553778850190,1777553778859601,,,,client-1-3,Insert,-3181276,200,9411
client,client_request,completed,1777553778870001,1,,,1777553778859705,1777553778870001,1777553778859705,1777553778870001,,,,client-1-3,Remove,10486562,200,10296
client,client_request,completed,1777553778878455,1,,,1777553778870411,1777553778878455,1777553778870411,1777553778878455,,,,client-1-3,Insert,3820550,200,8044
client,client_request,completed,1777553778889934,1,,,1777553778878967,1777553778889934,1777553778878967,1777553778889934,,,,client-1-3,Remove,399800,200,10967
client,client_request,completed,1777553778898417,1,,,1777553778890445,1777553778898417,1777553778890445,1777553778898417,,,,client-1-3,Remove,-3266189,200,7972
client,client_request,completed,1777553778910326,1,,,1777553778900245,1777553778910326,1777553778900245,1777553778910326,,,,client-1-3,Remove,-4120071,200,10081
client,client_request,completed,1777553778921741,1,,,1777553778911692,1777553778921741,1777553778911692,1777553778921741,,,,client-1-3,Insert,6596982,200,10049
client,client_request,completed,1777553778932315,1,,,1777553778923430,1777553778932315,1777553778923430,1777553778932315,,,,client-1-3,Remove,-8165628,200,8885
client,client_request,completed,1777553778942317,1,,,1777553778933218,1777553778942317,1777553778933218,1777553778942317,,,,client-1-3,Remove,5504605,200,9099
client,client_request,completed,1777553778951848,1,,,1777553778942776,1777553778951848,1777553778942776,1777553778951848,,,,client-1-3,Remove,555174,200,9072
client,client_request,completed,1777553778962016,1,,,1777553778951956,1777553778962016,1777553778951956,1777553778962016,,,,client-1-3,Insert,-7912764,200,10060
client,client_request,completed,1777553778971182,1,,,1777553778962239,1777553778971182,1777553778962239,1777553778971182,,,,client-1-3,Remove,-3613661,200,8943
client,client_request,completed,1777553778981920,1,,,1777553778971279,1777553778981920,1777553778971279,1777553778981920,,,,client-1-3,Remove,8655547,200,10641
client,client_request,completed,1777553778995348,1,,,1777553778984164,1777553778995348,1777553778984164,1777553778995348,,,,client-1-3,Insert,-9488703,200,11184
client,client_request,completed,1777553779007816,1,,,1777553778995445,1777553779007816,1777553778995445,1777553779007816,,,,client-1-3,Insert,1947786,200,12371
client,client_request,completed,1777553779019015,1,,,1777553779008260,1777553779019015,1777553779008260,1777553779019015,,,,client-1-3,Remove,6614103,200,10755
client,client_request,completed,1777553779030103,1,,,1777553779019366,1777553779030103,1777553779019366,1777553779030103,,,,client-1-3,Remove,11427440,200,10737
client,client_request,completed,1777553779040932,1,,,1777553779030232,1777553779040932,1777553779030232,1777553779040932,,,,client-1-3,Insert,2519736,200,10700
client,client_request,completed,1777553779052600,1,,,1777553779041034,1777553779052600,1777553779041034,1777553779052600,,,,client-1-3,Insert,10614410,200,11566
client,client_request,completed,1777553779063282,1,,,1777553779052733,1777553779063282,1777553779052733,1777553779063282,,,,client-1-3,Remove,13547879,200,10549
client,client_request,completed,1777553779074887,1,,,1777553779063404,1777553779074887,1777553779063404,1777553779074887,,,,client-1-3,Insert,-13575174,200,11483
client,client_request,completed,1777553779085796,1,,,1777553779075237,1777553779085796,1777553779075237,1777553779085796,,,,client-1-3,Insert,1411501,200,10559
client,client_request,completed,1777553779096381,1,,,1777553779085944,1777553779096381,1777553779085944,1777553779096381,,,,client-1-3,Remove,-4949102,200,10437
client,client_request,completed,1777553779108446,1,,,1777553779096524,1777553779108446,1777553779096524,1777553779108446,,,,client-1-3,Insert,4920148,200,11922
client,client_request,completed,1777553779119192,1,,,1777553779108557,1777553779119192,1777553779108557,1777553779119192,,,,client-1-3,Remove,-481741,200,10635
client,client_request,completed,1777553779129898,1,,,1777553779119372,1777553779129898,1777553779119372,1777553779129898,,,,client-1-3,Insert,15666768,200,10526
client,client_request,completed,1777553779141173,1,,,1777553779130010,1777553779141173,1777553779130010,1777553779141173,,,,client-1-3,Insert,10396641,200,11163
client,client_request,completed,1777553779151990,1,,,1777553779141531,1777553779151990,1777553779141531,1777553779151990,,,,client-1-3,Remove,11044279,200,10459
client,client_request,completed,1777553779163292,1,,,1777553779152367,1777553779163292,1777553779152367,1777553779163292,,,,client-1-3,Insert,13634396,200,10925
client,client_request,completed,1777553779174195,1,,,1777553779163435,1777553779174195,1777553779163435,1777553779174195,,,,client-1-3,Insert,-8627172,200,10760
client,client_request,completed,1777553779185573,1,,,1777553779174292,1777553779185573,1777553779174292,1777553779185573,,,,client-1-3,Insert,-387223,200,11281
client,client_request,completed,1777553779196847,1,,,1777553779185683,1777553779196847,1777553779185683,1777553779196847,,,,client-1-3,Remove,-10685324,200,11164
client,client_request,completed,1777553779207709,1,,,1777553779196972,1777553779207709,1777553779196972,1777553779207709,,,,client-1-3,Insert,-11669780,200,10737
client,client_request,completed,1777553779218830,1,,,1777553779207812,1777553779218830,1777553779207812,1777553779218830,,,,client-1-3,Remove,-2393616,200,11018
client,client_request,completed,1777553779230017,1,,,1777553779218964,1777553779230017,1777553779218964,1777553779230017,,,,client-1-3,Insert,-14344625,200,11053
client,client_request,completed,1777553779240667,1,,,1777553779230128,1777553779240667,1777553779230128,1777553779240667,,,,client-1-3,Remove,7411233,200,10539
client,client_request,completed,1777553779252032,1,,,1777553779241016,1777553779252032,1777553779241016,1777553779252032,,,,client-1-3,Insert,-1833654,200,11016
client,client_request,completed,1777553779263030,1,,,1777553779252208,1777553779263030,1777553779252208,1777553779263030,,,,client-1-3,Remove,-10079193,200,10822
client,client_request,completed,1777553779273847,1,,,1777553779263157,1777553779273847,1777553779263157,1777553779273847,,,,client-1-3,Remove,8824744,200,10690
client,client_request,completed,1777553779285083,1,,,1777553779273992,1777553779285083,1777553779273992,1777553779285083,,,,client-1-3,Insert,8334088,200,11091
client,client_request,completed,1777553779295954,1,,,1777553779285332,1777553779295954,1777553779285332,1777553779295954,,,,client-1-3,Insert,6103623,200,10622
client,client_request,completed,1777553779307211,1,,,1777553779296056,1777553779307211,1777553779296056,1777553779307211,,,,client-1-3,Remove,473198,200,11155
client,client_request,completed,1777553779318490,1,,,1777553779307335,1777553779318490,1777553779307335,1777553779318490,,,,client-1-3,Remove,11725313,200,11155
client,client_request,completed,1777553779329477,1,,,1777553779318603,1777553779329477,1777553779318603,1777553779329477,,,,client-1-3,Remove,-12494615,200,10874
client,client_request,completed,1777553779341437,1,,,1777553779329823,1777553779341437,1777553779329823,1777553779341437,,,,client-1-3,Insert,-5874207,200,11614
client,client_request,completed,1777553779352083,1,,,1777553779341565,1777553779352083,1777553779341565,1777553779352083,,,,client-1-3,Remove,14846659,200,10518
client,client_request,completed,1777553779362410,1,,,1777553779352459,1777553779362410,1777553779352459,1777553779362410,,,,client-1-3,Insert,-5984344,200,9951
client,client_request,completed,1777553779373848,1,,,1777553779362513,1777553779373848,1777553779362513,1777553779373848,,,,client-1-3,Insert,9720199,200,11335
client,client_request,completed,1777553779384099,1,,,1777553779374183,1777553779384099,1777553779374183,1777553779384099,,,,client-1-3,Remove,-5017194,200,9916
client,client_request,completed,1777553779395023,1,,,1777553779384263,1777553779395023,1777553779384263,1777553779395023,,,,client-1-3,Remove,3899588,200,10760
client,client_request,completed,1777553779406059,1,,,1777553779395127,1777553779406059,1777553779395127,1777553779406059,,,,client-1-3,Insert,-7743912,200,10932
client,client_request,completed,1777553779416882,1,,,1777553779406424,1777553779416882,1777553779406424,1777553779416882,,,,client-1-3,Remove,-1504914,200,10458
client,client_request,completed,1777553779428418,1,,,1777553779417332,1777553779428418,1777553779417332,1777553779428418,,,,client-1-3,Insert,4062539,200,11086
client,client_request,completed,1777553779439392,1,,,1777553779428611,1777553779439392,1777553779428611,1777553779439392,,,,client-1-3,Insert,-11454622,200,10781
client,client_request,completed,1777553779450450,1,,,1777553779439545,1777553779450450,1777553779439545,1777553779450450,,,,client-1-3,Remove,9198786,200,10905
client,client_request,completed,1777553779461461,1,,,1777553779450670,1777553779461461,1777553779450670,1777553779461461,,,,client-1-3,Insert,7019576,200,10791
client,client_request,completed,1777553779472598,1,,,1777553779461668,1777553779472598,1777553779461668,1777553779472598,,,,client-1-3,Remove,-16762052,200,10930
client,client_request,completed,1777553779483480,1,,,1777553779472738,1777553779483480,1777553779472738,1777553779483480,,,,client-1-3,Insert,5461947,200,10742
client,client_request,completed,1777553779495026,1,,,1777553779483834,1777553779495026,1777553779483834,1777553779495026,,,,client-1-3,Remove,-4741014,200,11192
client,client_request,completed,1777553779506217,1,,,1777553779495360,1777553779506217,1777553779495360,1777553779506217,,,,client-1-3,Insert,9669096,200,10857
client,client_request,completed,1777553779517397,1,,,1777553779506428,1777553779517397,1777553779506428,1777553779517397,,,,client-1-3,Insert,-8076598,200,10969
client,client_request,completed,1777553779528218,1,,,1777553779517530,1777553779528218,1777553779517530,1777553779528218,,,,client-1-3,Insert,4651234,200,10688
client,client_request,completed,1777553779539618,1,,,1777553779528320,1777553779539618,1777553779528320,1777553779539618,,,,client-1-3,Remove,14804618,200,11298
client,client_request,completed,1777553779612129,1,,,1777553779539751,1777553779612129,1777553779539751,1777553779612129,,,,client-1-3,Insert,-14233570,200,72378
client,client_request,completed,1777553779623293,1,,,1777553779612267,1777553779623293,1777553779612267,1777553779623293,,,,client-1-3,Insert,3946920,200,11026
client,client_request,completed,1777553779634137,1,,,1777553779623420,1777553779634137,1777553779623420,1777553779634137,,,,client-1-3,Remove,6579546,200,10717
client,client_request,completed,1777553779645380,1,,,1777553779634240,1777553779645380,1777553779634240,1777553779645380,,,,client-1-3,Insert,13207080,200,11140
client,client_request,completed,1777553779656002,1,,,1777553779645573,1777553779656002,1777553779645573,1777553779656002,,,,client-1-3,Remove,16457276,200,10429
client,client_request,completed,1777553779667734,1,,,1777553779656191,1777553779667734,1777553779656191,1777553779667734,,,,client-1-3,Remove,1076142,200,11543
client,client_request,completed,1777553779678359,1,,,1777553779667900,1777553779678359,1777553779667900,1777553779678359,,,,client-1-3,Insert,-9368347,200,10459
client,client_request,completed,1777553779689114,1,,,1777553779678468,1777553779689114,1777553779678468,1777553779689114,,,,client-1-3,Insert,8953839,200,10646
client,client_request,completed,1777553779700754,1,,,1777553779689222,1777553779700754,1777553779689222,1777553779700754,,,,client-1-3,Remove,-12155707,200,11532
client,client_request,completed,1777553779711954,1,,,1777553779700960,1777553779711954,1777553779700960,1777553779711954,,,,client-1-3,Insert,2604352,200,10994
client,client_request,completed,1777553779723067,1,,,1777553779712051,1777553779723067,1777553779712051,1777553779723067,,,,client-1-3,Insert,-5523928,200,11016
client,client_request,completed,1777553779734885,1,,,1777553779723169,1777553779734885,1777553779723169,1777553779734885,,,,client-1-3,Remove,-395334,200,11716
client,client_request,completed,1777553779746074,1,,,1777553779734989,1777553779746074,1777553779734989,1777553779746074,,,,client-1-3,Remove,11167910,200,11085
client,client_request,completed,1777553779757494,1,,,1777553779746460,1777553779757494,1777553779746460,1777553779757494,,,,client-1-3,Insert,-5048822,200,11034
client,client_request,completed,1777553779768352,1,,,1777553779757619,1777553779768352,1777553779757619,1777553779768352,,,,client-1-3,Insert,-6085806,200,10733
client,client_request,completed,1777553779779237,1,,,1777553779768450,1777553779779237,1777553779768450,1777553779779237,,,,client-1-3,Insert,-2387136,200,10787
client,client_request,completed,1777553779790557,1,,,1777553779779339,1777553779790557,1777553779779339,1777553779790557,,,,client-1-3,Remove,-14377012,200,11218
client,client_request,completed,1777553779801835,1,,,1777553779790654,1777553779801835,1777553779790654,1777553779801835,,,,client-1-3,Insert,2974962,200,11181
client,client_request,completed,1777553779812938,1,,,1777553779801934,1777553779812938,1777553779801934,1777553779812938,,,,client-1-3,Remove,11092716,200,11004
client,client_request,completed,1777553779824706,1,,,1777553779813034,1777553779824706,1777553779813034,1777553779824706,,,,client-1-3,Insert,512125,200,11672
client,client_request,completed,1777553779836559,1,,,1777553779824820,1777553779836559,1777553779824820,1777553779836559,,,,client-1-3,Remove,7880680,200,11739
client,client_request,completed,1777553779848190,1,,,1777553779836895,1777553779848190,1777553779836895,1777553779848190,,,,client-1-3,Insert,8957148,200,11295
client,client_request,completed,1777553779859380,1,,,1777553779848330,1777553779859380,1777553779848330,1777553779859380,,,,client-1-3,Remove,-4540471,200,11050
client,client_request,completed,1777553779870689,1,,,1777553779859705,1777553779870689,1777553779859705,1777553779870689,,,,client-1-3,Remove,-871108,200,10984
client,client_request,completed,1777553779881859,1,,,1777553779870793,1777553779881859,1777553779870793,1777553779881859,,,,client-1-3,Remove,4202196,200,11066
client,client_request,completed,1777553779892970,1,,,1777553779882052,1777553779892970,1777553779882052,1777553779892970,,,,client-1-3,Remove,-5118031,200,10918
client,client_request,completed,1777553779904443,1,,,1777553779893104,1777553779904443,1777553779893104,1777553779904443,,,,client-1-3,Remove,-9427722,200,11339
client,client_request,completed,1777553779915511,1,,,1777553779904791,1777553779915511,1777553779904791,1777553779915511,,,,client-1-3,Insert,-15686606,200,10720
client,client_request,completed,1777553779926373,1,,,1777553779915709,1777553779926373,1777553779915709,1777553779926373,,,,client-1-3,Remove,13274623,200,10664
client,client_request,completed,1777553779938001,1,,,1777553779926780,1777553779938001,1777553779926780,1777553779938001,,,,client-1-3,Remove,-11078093,200,11221
client,client_request,completed,1777553779949195,1,,,1777553779938134,1777553779949195,1777553779938134,1777553779949195,,,,client-1-3,Remove,-10753663,200,11061
client,client_request,completed,1777553779960516,1,,,1777553779949410,1777553779960516,1777553779949410,1777553779960516,,,,client-1-3,Remove,1476349,200,11106
client,client_request,completed,1777553779971843,1,,,1777553779960634,1777553779971843,1777553779960634,1777553779971843,,,,client-1-3,Remove,9787941,200,11209
client,client_request,completed,1777553779983053,1,,,1777553779972047,1777553779983053,1777553779972047,1777553779983053,,,,client-1-3,Remove,-10250820,200,11006
client,client_request,completed,1777553779994119,1,,,1777553779983161,1777553779994119,1777553779983161,1777553779994119,,,,client-1-3,Insert,4542916,200,10958
client,client_request,completed,1777553780005797,1,,,1777553779994221,1777553780005797,1777553779994221,1777553780005797,,,,client-1-3,Insert,-5543080,200,11576
client,client_request,completed,1777553780016923,1,,,1777553780006163,1777553780016923,1777553780006163,1777553780016923,,,,client-1-3,Insert,102318,200,10760
client,client_request,completed,1777553780028898,1,,,1777553780017023,1777553780028898,1777553780017023,1777553780028898,,,,client-1-3,Insert,-4725061,200,11875
client,client_request,completed,1777553780039899,1,,,1777553780029036,1777553780039899,1777553780029036,1777553780039899,,,,client-1-3,Insert,-6030410,200,10863
client,client_request,completed,1777553780051971,1,,,1777553780040067,1777553780051971,1777553780040067,1777553780051971,,,,client-1-3,Insert,-5132201,200,11904
client,client_request,completed,1777553780063334,1,,,1777553780052338,1777553780063334,1777553780052338,1777553780063334,,,,client-1-3,Insert,7851075,200,10996
client,client_request,completed,1777553780074072,1,,,1777553780063466,1777553780074072,1777553780063466,1777553780074072,,,,client-1-3,Insert,4515834,200,10606
client,client_request,completed,1777553780085732,1,,,1777553780074179,1777553780085732,1777553780074179,1777553780085732,,,,client-1-3,Insert,-11302412,200,11553
client,client_request,completed,1777553780096951,1,,,1777553780086064,1777553780096951,1777553780086064,1777553780096951,,,,client-1-3,Remove,6473831,200,10887
client,client_request,completed,1777553780108347,1,,,1777553780097100,1777553780108347,1777553780097100,1777553780108347,,,,client-1-3,Remove,10547625,200,11247
client,client_request,completed,1777553780120519,1,,,1777553780108767,1777553780120519,1777553780108767,1777553780120519,,,,client-1-3,Insert,-11151885,200,11752
client,client_request,completed,1777553780132107,1,,,1777553780120718,1777553780132107,1777553780120718,1777553780132107,,,,client-1-3,Insert,10345745,200,11389
client,client_request,completed,1777553780143665,1,,,1777553780132231,1777553780143665,1777553780132231,1777553780143665,,,,client-1-3,Insert,-13557474,200,11434
client,client_request,completed,1777553780155251,1,,,1777553780143771,1777553780155251,1777553780143771,1777553780155251,,,,client-1-3,Insert,10306110,200,11480
client,client_request,completed,1777553780166369,1,,,1777553780155445,1777553780166369,1777553780155445,1777553780166369,,,,client-1-3,Remove,-1950496,200,10924
client,client_request,completed,1777553780177846,1,,,1777553780166484,1777553780177846,1777553780166484,1777553780177846,,,,client-1-3,Remove,12243197,200,11362
client,client_request,completed,1777553780189507,1,,,1777553780177946,1777553780189507,1777553780177946,1777553780189507,,,,client-1-3,Insert,-10610821,200,11561
client,client_request,completed,1777553780201227,1,,,1777553780189619,1777553780201227,1777553780189619,1777553780201227,,,,client-1-3,Insert,1040246,200,11608
client,client_request,completed,1777553780213665,1,,,1777553780201404,1777553780213665,1777553780201404,1777553780213665,,,,client-1-3,Insert,-9546924,200,12261
client,client_request,completed,1777553780225269,1,,,1777553780213815,1777553780225269,1777553780213815,1777553780225269,,,,client-1-3,Remove,6137449,200,11454
client,client_request,completed,1777553780236893,1,,,1777553780225477,1777553780236893,1777553780225477,1777553780236893,,,,client-1-3,Remove,15275295,200,11416
client,client_request,completed,1777553780248570,1,,,1777553780236995,1777553780248570,1777553780236995,1777553780248570,,,,client-1-3,Insert,6441166,200,11575
client,client_request,completed,1777553780259762,1,,,1777553780248771,1777553780259762,1777553780248771,1777553780259762,,,,client-1-3,Insert,7067931,200,10991
client,client_request,completed,1777553780271736,1,,,1777553780259914,1777553780271736,1777553780259914,1777553780271736,,,,client-1-3,Insert,-2393138,200,11822
client,client_request,completed,1777553780282826,1,,,1777553780272088,1777553780282826,1777553780272088,1777553780282826,,,,client-1-3,Insert,9718247,200,10738
client,client_request,completed,1777553780294484,1,,,1777553780282951,1777553780294484,1777553780282951,1777553780294484,,,,client-1-3,Insert,-263618,200,11533
client,client_request,completed,1777553780306875,1,,,1777553780294689,1777553780306875,1777553780294689,1777553780306875,,,,client-1-3,Insert,6487521,200,12186
client,client_request,completed,1777553780318433,1,,,1777553780307076,1777553780318433,1777553780307076,1777553780318433,,,,client-1-3,Remove,10315266,200,11357
client,client_request,completed,1777553780330430,1,,,1777553780318537,1777553780330430,1777553780318537,1777553780330430,,,,client-1-3,Remove,15645821,200,11893
client,client_request,completed,1777553780342051,1,,,1777553780330532,1777553780342051,1777553780330532,1777553780342051,,,,client-1-3,Insert,-13147899,200,11519
client,client_request,completed,1777553780353981,1,,,1777553780342168,1777553780353981,1777553780342168,1777553780353981,,,,client-1-3,Insert,-8949760,200,11813
client,client_request,completed,1777553780368645,1,,,1777553780354106,1777553780368645,1777553780354106,1777553780368645,,,,client-1-3,Remove,3882027,200,14539
client,client_request,completed,1777553780380723,1,,,1777553780369009,1777553780380723,1777553780369009,1777553780380723,,,,client-1-3,Insert,8092837,200,11714
client,client_request,completed,1777553780392445,1,,,1777553780380813,1777553780392445,1777553780380813,1777553780392445,,,,client-1-3,Insert,-6261284,200,11632
client,client_request,completed,1777553780404459,1,,,1777553780392580,1777553780404459,1777553780392580,1777553780404459,,,,client-1-3,Remove,8454174,200,11879
client,client_request,completed,1777553780415792,1,,,1777553780404818,1777553780415792,1777553780404818,1777553780415792,,,,client-1-3,Remove,-15963365,200,10974
client,client_request,completed,1777553780428065,1,,,1777553780415932,1777553780428065,1777553780415932,1777553780428065,,,,client-1-3,Insert,2721563,200,12133
client,client_request,completed,1777553780439753,1,,,1777553780428167,1777553780439753,1777553780428167,1777553780439753,,,,client-1-3,Remove,-3667106,200,11586
client,client_request,completed,1777553780451646,1,,,1777553780439863,1777553780451646,1777553780439863,1777553780451646,,,,client-1-3,Insert,12466401,200,11783
client,client_request,completed,1777553780463554,1,,,1777553780451742,1777553780463554,1777553780451742,1777553780463554,,,,client-1-3,Insert,-12304823,200,11812
client,client_request,completed,1777553780474602,1,,,1777553780463902,1777553780474602,1777553780463902,1777553780474602,,,,client-1-3,Remove,10782040,200,10700
client,client_request,completed,1777553780484915,1,,,1777553780474724,1777553780484915,1777553780474724,1777553780484915,,,,client-1-3,Insert,11600492,200,10191
client,client_request,completed,1777553780495320,1,,,1777553780485009,1777553780495320,1777553780485009,1777553780495320,,,,client-1-3,Insert,9965837,200,10311
client,client_request,completed,1777553780506069,1,,,1777553780495408,1777553780506069,1777553780495408,1777553780506069,,,,client-1-3,Insert,-6992442,200,10661
client,client_request,completed,1777553780516431,1,,,1777553780506467,1777553780516431,1777553780506467,1777553780516431,,,,client-1-3,Insert,14965150,200,9964
client,client_request,completed,1777553780527432,1,,,1777553780516520,1777553780527432,1777553780516520,1777553780527432,,,,client-1-3,Insert,-4521581,200,10912
client,client_request,completed,1777553780537832,1,,,1777553780527545,1777553780537832,1777553780527545,1777553780537832,,,,client-1-3,Remove,-14407039,200,10287
client,client_request,completed,1777553780617526,1,,,1777553780537963,1777553780617526,1777553780537963,1777553780617526,,,,client-1-3,Remove,-1728812,200,79563
client,client_request,completed,1777553780637158,1,,,1777553780617737,1777553780637158,1777553780617737,1777553780637158,,,,client-1-3,Remove,1708639,200,19421
client,client_request,completed,1777553780657873,1,,,1777553780637258,1777553780657873,1777553780637258,1777553780657873,,,,client-1-3,Insert,12513170,200,20615
client,client_request,completed,1777553780678693,1,,,1777553780658047,1777553780678693,1777553780658047,1777553780678693,,,,client-1-3,Insert,-8002257,200,20646
client,client_request,completed,1777553780698419,1,,,1777553780678904,1777553780698419,1777553780678904,1777553780698419,,,,client-1-3,Insert,-12287193,200,19515
client,client_request,completed,1777553780719198,1,,,1777553780698522,1777553780719198,1777553780698522,1777553780719198,,,,client-1-3,Insert,-149891,200,20676
client,client_request,completed,1777553780739564,1,,,1777553780719331,1777553780739564,1777553780719331,1777553780739564,,,,client-1-3,Insert,14177918,200,20233
client,client_request,completed,1777553780759795,1,,,1777553780739793,1777553780759795,1777553780739793,1777553780759795,,,,client-1-3,Insert,-8504771,200,20002
client,client_request,completed,1777553780780545,1,,,1777553780760171,1777553780780545,1777553780760171,1777553780780545,,,,client-1-3,Remove,-667418,200,20374
client,client_request,completed,1777553780801187,1,,,1777553780780643,1777553780801187,1777553780780643,1777553780801187,,,,client-1-3,Remove,9186180,200,20544
client,client_request,completed,1777553780821970,1,,,1777553780801284,1777553780821970,1777553780801284,1777553780821970,,,,client-1-3,Insert,5971063,200,20686
client,client_request,completed,1777553780842913,1,,,1777553780822068,1777553780842913,1777553780822068,1777553780842913,,,,client-1-3,Remove,-6535801,200,20845
client,client_request,completed,1777553780863120,1,,,1777553780843124,1777553780863120,1777553780843124,1777553780863120,,,,client-1-3,Insert,10352162,200,19996
client,client_request,completed,1777553780884462,1,,,1777553780863331,1777553780884462,1777553780863331,1777553780884462,,,,client-1-3,Insert,4022296,200,21131
client,client_request,completed,1777553780904899,1,,,1777553780884810,1777553780904899,1777553780884810,1777553780904899,,,,client-1-3,Insert,6367236,200,20089
client,client_request,completed,1777553780926013,1,,,1777553780905110,1777553780926013,1777553780905110,1777553780926013,,,,client-1-3,Insert,-7223816,200,20903
client,client_request,completed,1777553780946959,1,,,1777553780926116,1777553780946959,1777553780926116,1777553780946959,,,,client-1-3,Insert,-8509635,200,20843
client,client_request,completed,1777553780967481,1,,,1777553780947060,1777553780967481,1777553780947060,1777553780967481,,,,client-1-3,Insert,-4336211,200,20421
client,client_request,completed,1777553780988845,1,,,1777553780967583,1777553780988845,1777553780967583,1777553780988845,,,,client-1-3,Remove,3151279,200,21262
client,client_request,completed,1777553781010576,1,,,1777553780988946,1777553781010576,1777553780988946,1777553781010576,,,,client-1-3,Insert,11940476,200,21630
client,client_request,completed,1777553781030874,1,,,1777553781010780,1777553781030874,1777553781010780,1777553781030874,,,,client-1-3,Remove,3561207,200,20094
client,client_request,completed,1777553781051972,1,,,1777553781030973,1777553781051972,1777553781030973,1777553781051972,,,,client-1-3,Insert,-4740978,200,20999
client,client_request,completed,1777553781072416,1,,,1777553781052074,1777553781072416,1777553781052074,1777553781072416,,,,client-1-3,Insert,15527216,200,20342
client,client_request,completed,1777553781093688,1,,,1777553781072517,1777553781093688,1777553781072517,1777553781093688,,,,client-1-3,Insert,-2736304,200,21171
client,client_request,completed,1777553781115435,1,,,1777553781093789,1777553781115435,1777553781093789,1777553781115435,,,,client-1-3,Insert,-6494561,200,21646
client,client_request,completed,1777553781135848,1,,,1777553781115769,1777553781135848,1777553781115769,1777553781135848,,,,client-1-3,Remove,-5193215,200,20079
client,client_request,completed,1777553781156775,1,,,1777553781136058,1777553781156775,1777553781136058,1777553781156775,,,,client-1-3,Remove,-14384362,200,20717
client,client_request,completed,1777553781177747,1,,,1777553781156983,1777553781177747,1777553781156983,1777553781177747,,,,client-1-3,Insert,-6083086,200,20764
client,client_request,completed,1777553781198055,1,,,1777553781177958,1777553781198055,1777553781177958,1777553781198055,,,,client-1-3,Remove,10299312,200,20097
client,client_request,completed,1777553781219507,1,,,1777553781198158,1777553781219507,1777553781198158,1777553781219507,,,,client-1-3,Insert,13051951,200,21349
client,client_request,completed,1777553781239765,1,,,1777553781219711,1777553781239765,1777553781219711,1777553781239765,,,,client-1-3,Insert,-12132019,200,20054
client,client_request,completed,1777553781260955,1,,,1777553781239869,1777553781260955,1777553781239869,1777553781260955,,,,client-1-3,Remove,7246785,200,21086
client,client_request,completed,1777553781282678,1,,,1777553781261059,1777553781282678,1777553781261059,1777553781282678,,,,client-1-3,Insert,13431030,200,21619
client,client_request,completed,1777553781305176,1,,,1777553781282781,1777553781305176,1777553781282781,1777553781305176,,,,client-1-3,Insert,-13723986,200,22395
client,client_request,completed,1777553781326849,1,,,1777553781305278,1777553781326849,1777553781305278,1777553781326849,,,,client-1-3,Insert,14705863,200,21571
client,client_request,completed,1777553781348689,1,,,1777553781327062,1777553781348689,1777553781327062,1777553781348689,,,,client-1-3,Remove,-3434316,200,21627
client,client_request,completed,1777553781369297,1,,,1777553781348796,1777553781369297,1777553781348796,1777553781369297,,,,client-1-3,Remove,-15639218,200,20501
client,client_request,completed,1777553781390743,1,,,1777553781369509,1777553781390743,1777553781369509,1777553781390743,,,,client-1-3,Remove,-11542738,200,21234
client,client_request,completed,1777553781411445,1,,,1777553781390953,1777553781411445,1777553781390953,1777553781411445,,,,client-1-3,Insert,14174606,200,20492
client,client_request,completed,1777553781432825,1,,,1777553781411649,1777553781432825,1777553781411649,1777553781432825,,,,client-1-3,Insert,-5747352,200,21176
client,client_request,completed,1777553781454792,1,,,1777553781433032,1777553781454792,1777553781433032,1777553781454792,,,,client-1-3,Insert,515224,200,21760
client,client_request,completed,1777553781474997,1,,,1777553781454900,1777553781474997,1777553781454900,1777553781474997,,,,client-1-3,Remove,-7660944,200,20097
client,client_request,completed,1777553781496460,1,,,1777553781475202,1777553781496460,1777553781475202,1777553781496460,,,,client-1-3,Insert,6676273,200,21258
client,client_request,completed,1777553781517968,1,,,1777553781496666,1777553781517968,1777553781496666,1777553781517968,,,,client-1-3,Insert,7071135,200,21302
client,client_request,completed,1777553781538831,1,,,1777553781518072,1777553781538831,1777553781518072,1777553781538831,,,,client-1-3,Remove,-6526010,200,20759
client,client_request,completed,1777553781617527,1,,,1777553781539175,1777553781617527,1777553781539175,1777553781617527,,,,client-1-3,Insert,4917139,200,78352
client,client_request,completed,1777553781629986,1,,,1777553781617630,1777553781629986,1777553781617630,1777553781629986,,,,client-1-3,Insert,-11038068,200,12356
client,client_request,completed,1777553781641862,1,,,1777553781630195,1777553781641862,1777553781630195,1777553781641862,,,,client-1-3,Insert,4722628,200,11667
client,client_request,completed,1777553781654357,1,,,1777553781642218,1777553781654357,1777553781642218,1777553781654357,,,,client-1-3,Remove,2299409,200,12139
client,client_request,completed,1777553781666764,1,,,1777553781654470,1777553781666764,1777553781654470,1777553781666764,,,,client-1-3,Remove,-3633916,200,12294
client,client_request,completed,1777553781678554,1,,,1777553781666872,1777553781678554,1777553781666872,1777553781678554,,,,client-1-3,Insert,-16219704,200,11682
client,client_request,completed,1777553781690376,1,,,1777553781678653,1777553781690376,1777553781678653,1777553781690376,,,,client-1-3,Remove,-1689427,200,11723
client,client_request,completed,1777553781702302,1,,,1777553781690485,1777553781702302,1777553781690485,1777553781702302,,,,client-1-3,Remove,-4145906,200,11817
client,client_request,completed,1777553781715179,1,,,1777553781702402,1777553781715179,1777553781702402,1777553781715179,,,,client-1-3,Remove,8210051,200,12777
client,client_request,completed,1777553781727043,1,,,1777553781715509,1777553781727043,1777553781715509,1777553781727043,,,,client-1-3,Insert,13827752,200,11534
client,client_request,completed,1777553781739636,1,,,1777553781727152,1777553781739636,1777553781727152,1777553781739636,,,,client-1-3,Remove,-7975316,200,12484
client,client_request,completed,1777553781751930,1,,,1777553781739740,1777553781751930,1777553781739740,1777553781751930,,,,client-1-3,Remove,-9666287,200,12190
client,client_request,completed,1777553781763804,1,,,1777553781752037,1777553781763804,1777553781752037,1777553781763804,,,,client-1-3,Insert,5981966,200,11767
client,client_request,completed,1777553781776132,1,,,1777553781763905,1777553781776132,1777553781763905,1777553781776132,,,,client-1-3,Remove,634797,200,12227
client,client_request,completed,1777553781787841,1,,,1777553781776254,1777553781787841,1777553781776254,1777553781787841,,,,client-1-3,Remove,-7018486,200,11587
client,client_request,completed,1777553781800121,1,,,1777553781787938,1777553781800121,1777553781787938,1777553781800121,,,,client-1-3,Insert,-3799116,200,12183
client,client_request,completed,1777553781811930,1,,,1777553781800237,1777553781811930,1777553781800237,1777553781811930,,,,client-1-3,Insert,12894923,200,11693
client,client_request,completed,1777553781823728,1,,,1777553781812031,1777553781823728,1777553781812031,1777553781823728,,,,client-1-3,Insert,9657304,200,11697
client,client_request,completed,1777553781835462,1,,,1777553781823829,1777553781835462,1777553781823829,1777553781835462,,,,client-1-3,Insert,-8019566,200,11633
client,client_request,completed,1777553781847974,1,,,1777553781835577,1777553781847974,1777553781835577,1777553781847974,,,,client-1-3,Remove,14189432,200,12397
client,client_request,completed,1777553781860496,1,,,1777553781848170,1777553781860496,1777553781848170,1777553781860496,,,,client-1-3,Insert,6153481,200,12326
client,client_request,completed,1777553781872415,1,,,1777553781860637,1777553781872415,1777553781860637,1777553781872415,,,,client-1-3,Insert,3176303,200,11778
client,client_request,completed,1777553781884283,1,,,1777553781872542,1777553781884283,1777553781872542,1777553781884283,,,,client-1-3,Remove,12917938,200,11741
client,client_request,completed,1777553781896689,1,,,1777553781884408,1777553781896689,1777553781884408,1777553781896689,,,,client-1-3,Remove,-894332,200,12281
client,client_request,completed,1777553781908830,1,,,1777553781896812,1777553781908830,1777553781896812,1777553781908830,,,,client-1-3,Remove,8413019,200,12018
client,client_request,completed,1777553781920906,1,,,1777553781908940,1777553781920906,1777553781908940,1777553781920906,,,,client-1-3,Insert,5898296,200,11966
client,client_request,completed,1777553781933536,1,,,1777553781921021,1777553781933536,1777553781921021,1777553781933536,,,,client-1-3,Insert,12308515,200,12515
client,client_request,completed,1777553781945616,1,,,1777553781933642,1777553781945616,1777553781933642,1777553781945616,,,,client-1-3,Insert,-580052,200,11974
client,client_request,completed,1777553781957635,1,,,1777553781945724,1777553781957635,1777553781945724,1777553781957635,,,,client-1-3,Remove,-12521603,200,11911
client,client_request,completed,1777553781970330,1,,,1777553781957884,1777553781970330,1777553781957884,1777553781970330,,,,client-1-3,Insert,1483141,200,12446
client,client_request,completed,1777553781982617,1,,,1777553781970428,1777553781982617,1777553781970428,1777553781982617,,,,client-1-3,Remove,10663367,200,12189
client,client_request,completed,1777553781995547,1,,,1777553781982722,1777553781995547,1777553781982722,1777553781995547,,,,client-1-3,Remove,3945524,200,12825
client,client_request,completed,1777553782007855,1,,,1777553781995752,1777553782007855,1777553781995752,1777553782007855,,,,client-1-3,Remove,-14630658,200,12103
client,client_request,completed,1777553782020159,1,,,1777553782008049,1777553782020159,1777553782008049,1777553782020159,,,,client-1-3,Remove,-3097413,200,12110
client,client_request,completed,1777553782032927,1,,,1777553782020375,1777553782032927,1777553782020375,1777553782032927,,,,client-1-3,Insert,-15826869,200,12552
client,client_request,completed,1777553782045051,1,,,1777553782033033,1777553782045051,1777553782033033,1777553782045051,,,,client-1-3,Insert,13152347,200,12018
client,client_request,completed,1777553782058024,1,,,1777553782045395,1777553782058024,1777553782045395,1777553782058024,,,,client-1-3,Remove,-4382041,200,12629
client,client_request,completed,1777553782069696,1,,,1777553782058380,1777553782069696,1777553782058380,1777553782069696,,,,client-1-3,Insert,11068747,200,11316
client,client_request,completed,1777553782081655,1,,,1777553782069798,1777553782081655,1777553782069798,1777553782081655,,,,client-1-3,Insert,-5742801,200,11857
client,client_request,completed,1777553782094103,1,,,1777553782081768,1777553782094103,1777553782081768,1777553782094103,,,,client-1-3,Insert,-16758679,200,12335
client,client_request,completed,1777553782106788,1,,,1777553782094434,1777553782106788,1777553782094434,1777553782106788,,,,client-1-3,Insert,-4827493,200,12354
client,client_request,completed,1777553782119045,1,,,1777553782106920,1777553782119045,1777553782106920,1777553782119045,,,,client-1-3,Remove,-3836739,200,12125
client,client_request,completed,1777553782131472,1,,,1777553782119400,1777553782131472,1777553782119400,1777553782131472,,,,client-1-3,Insert,8160240,200,12072
client,client_request,completed,1777553782143192,1,,,1777553782131665,1777553782143192,1777553782131665,1777553782143192,,,,client-1-3,Insert,-13180503,200,11527
client,client_request,completed,1777553782155401,1,,,1777553782143291,1777553782155401,1777553782143291,1777553782155401,,,,client-1-3,Insert,-5000277,200,12110
client,client_request,completed,1777553782168348,1,,,1777553782155524,1777553782168348,1777553782155524,1777553782168348,,,,client-1-3,Remove,4489969,200,12824
client,client_request,completed,1777553782180961,1,,,1777553782168450,1777553782180961,1777553782168450,1777553782180961,,,,client-1-3,Insert,-2126174,200,12511
client,client_request,completed,1777553782193983,1,,,1777553782181069,1777553782193983,1777553782181069,1777553782193983,,,,client-1-3,Remove,-12921126,200,12914
client,client_request,completed,1777553782206310,1,,,1777553782194085,1777553782206310,1777553782194085,1777553782206310,,,,client-1-3,Insert,12875501,200,12225
client,client_request,completed,1777553782218828,1,,,1777553782206411,1777553782218828,1777553782206411,1777553782218828,,,,client-1-3,Remove,-13768905,200,12417
client,client_request,completed,1777553782231714,1,,,1777553782218959,1777553782231714,1777553782218959,1777553782231714,,,,client-1-3,Remove,14468732,200,12755
client,client_request,completed,1777553782243448,1,,,1777553782232040,1777553782243448,1777553782232040,1777553782243448,,,,client-1-3,Remove,-15018554,200,11408
client,client_request,completed,1777553782256060,1,,,1777553782243548,1777553782256060,1777553782243548,1777553782256060,,,,client-1-3,Insert,6783382,200,12512
client,client_request,completed,1777553782268312,1,,,1777553782256158,1777553782268312,1777553782256158,1777553782268312,,,,client-1-3,Remove,-605928,200,12154
client,client_request,completed,1777553782280599,1,,,1777553782268417,1777553782280599,1777553782268417,1777553782280599,,,,client-1-3,Remove,7824084,200,12182
client,client_request,completed,1777553782305728,1,,,1777553782280779,1777553782305728,1777553782280779,1777553782305728,,,,client-1-3,Insert,5448736,200,24949
client,client_request,completed,1777553782331873,1,,,1777553782305831,1777553782331873,1777553782305831,1777553782331873,,,,client-1-3,Remove,10282931,200,26042
client,client_request,completed,1777553782355926,1,,,1777553782331975,1777553782355926,1777553782331975,1777553782355926,,,,client-1-3,Remove,-4512146,200,23951
client,client_request,completed,1777553782380259,1,,,1777553782356027,1777553782380259,1777553782356027,1777553782380259,,,,client-1-3,Remove,10359405,200,24232
client,client_request,completed,1777553782405963,1,,,1777553782380616,1777553782405963,1777553782380616,1777553782405963,,,,client-1-3,Insert,16195434,200,25347
client,client_request,completed,1777553782429983,1,,,1777553782406090,1777553782429983,1777553782406090,1777553782429983,,,,client-1-3,Insert,3790981,200,23893
client,client_request,completed,1777553782454858,1,,,1777553782430096,1777553782454858,1777553782430096,1777553782454858,,,,client-1-3,Insert,-9126321,200,24762
client,client_request,completed,1777553782479734,1,,,1777553782454965,1777553782479734,1777553782454965,1777553782479734,,,,client-1-3,Remove,10387345,200,24769
client,client_request,completed,1777553782503490,1,,,1777553782479941,1777553782503490,1777553782479941,1777553782503490,,,,client-1-3,Remove,-4464135,200,23549
client,client_request,completed,1777553782530454,1,,,1777553782503843,1777553782530454,1777553782503843,1777553782530454,,,,client-1-3,Remove,8764329,200,26611
client,client_request,completed,1777553782617181,1,,,1777553782530558,1777553782617181,1777553782530558,1777553782617181,,,,client-1-3,Remove,6177640,200,86623
client,client_request,completed,1777553782640527,1,,,1777553782617294,1777553782640527,1777553782617294,1777553782640527,,,,client-1-3,Insert,7089935,200,23233
client,client_request,completed,1777553782663729,1,,,1777553782640722,1777553782663729,1777553782640722,1777553782663729,,,,client-1-3,Remove,-12131733,200,23007
client,client_request,completed,1777553782684720,1,,,1777553782663861,1777553782684720,1777553782663861,1777553782684720,,,,client-1-3,Insert,15567902,200,20859
client,client_request,completed,1777553782707055,1,,,1777553782684820,1777553782707055,1777553782684820,1777553782707055,,,,client-1-3,Remove,-6505886,200,22235
client,client_request,completed,1777553782730098,1,,,1777553782707170,1777553782730098,1777553782707170,1777553782730098,,,,client-1-3,Remove,15271334,200,22928
client,client_request,completed,1777553782752033,1,,,1777553782730197,1777553782752033,1777553782730197,1777553782752033,,,,client-1-3,Insert,-2167062,200,21836
client,client_request,completed,1777553782774918,1,,,1777553782752142,1777553782774918,1777553782752142,1777553782774918,,,,client-1-3,Insert,-2780749,200,22776
client,client_request,completed,1777553782797515,1,,,1777553782775019,1777553782797515,1777553782775019,1777553782797515,,,,client-1-3,Remove,9350781,200,22496
client,client_request,completed,1777553782821245,1,,,1777553782797624,1777553782821245,1777553782797624,1777553782821245,,,,client-1-3,Insert,8675193,200,23621
client,client_request,completed,1777553782844100,1,,,1777553782821350,1777553782844100,1777553782821350,1777553782844100,,,,client-1-3,Remove,3566329,200,22750
client,client_request,completed,1777553782865592,1,,,1777553782844459,1777553782865592,1777553782844459,1777553782865592,,,,client-1-3,Remove,8727069,200,21133
client,client_request,completed,1777553782888419,1,,,1777553782865690,1777553782888419,1777553782865690,1777553782888419,,,,client-1-3,Insert,-5974533,200,22729
client,client_request,completed,1777553782911556,1,,,1777553782888525,1777553782911556,1777553782888525,1777553782911556,,,,client-1-3,Remove,11464003,200,23031
client,client_request,completed,1777553782938760,1,,,1777553782911656,1777553782938760,1777553782911656,1777553782938760,,,,client-1-3,Insert,-4686316,200,27104
client,client_request,completed,1777553782962767,1,,,1777553782939115,1777553782962767,1777553782939115,1777553782962767,,,,client-1-3,Insert,7093959,200,23652
client,client_request,completed,1777553782986518,1,,,1777553782962967,1777553782986518,1777553782962967,1777553782986518,,,,client-1-3,Remove,-11098916,200,23551
client,client_request,completed,1777553783011843,1,,,1777553782986627,1777553783011843,1777553782986627,1777553783011843,,,,client-1-3,Insert,373843,200,25216
client,client_request,completed,1777553783038328,1,,,1777553783011955,1777553783038328,1777553783011955,1777553783038328,,,,client-1-3,Insert,7991839,200,26373
client,client_request,completed,1777553783060445,1,,,1777553783038540,1777553783060445,1777553783038540,1777553783060445,,,,client-1-3,Insert,-5379133,200,21905
client,client_request,completed,1777553783083019,1,,,1777553783060549,1777553783083019,1777553783060549,1777553783083019,,,,client-1-3,Remove,-269606,200,22470
client,client_request,completed,1777553783105355,1,,,1777553783083149,1777553783105355,1777553783083149,1777553783105355,,,,client-1-3,Remove,4161743,200,22206
client,client_request,completed,1777553783127216,1,,,1777553783105452,1777553783127216,1777553783105452,1777553783127216,,,,client-1-3,Remove,-5047306,200,21764
client,client_request,completed,1777553783149526,1,,,1777553783127411,1777553783149526,1777553783127411,1777553783149526,,,,client-1-3,Remove,-9547111,200,22115
client,client_request,completed,1777553783171332,1,,,1777553783149662,1777553783171332,1777553783149662,1777553783171332,,,,client-1-3,Remove,223054,200,21670
client,client_request,completed,1777553783193705,1,,,1777553783171739,1777553783193705,1777553783171739,1777553783193705,,,,client-1-3,Insert,-11739049,200,21966
client,client_request,completed,1777553783216445,1,,,1777553783193808,1777553783216445,1777553783193808,1777553783216445,,,,client-1-3,Remove,-16748409,200,22637
client,client_request,completed,1777553783238942,1,,,1777553783216553,1777553783238942,1777553783216553,1777553783238942,,,,client-1-3,Insert,-6341017,200,22389
client,client_request,completed,1777553783261146,1,,,1777553783239047,1777553783261146,1777553783239047,1777553783261146,,,,client-1-3,Remove,-5541383,200,22099
client,client_request,completed,1777553783283893,1,,,1777553783261249,1777553783283893,1777553783261249,1777553783283893,,,,client-1-3,Insert,-14969937,200,22644
client,client_request,completed,1777553783305691,1,,,1777553783283998,1777553783305691,1777553783283998,1777553783305691,,,,client-1-3,Remove,-13001194,200,21693
client,client_request,completed,1777553783328164,1,,,1777553783305899,1777553783328164,1777553783305899,1777553783328164,,,,client-1-3,Insert,-16570734,200,22265
client,client_request,completed,1777553783349507,1,,,1777553783328393,1777553783349507,1777553783328393,1777553783349507,,,,client-1-3,Remove,192837,200,21114
client,client_request,completed,1777553783372381,1,,,1777553783349610,1777553783372381,1777553783349610,1777553783372381,,,,client-1-3,Remove,-394929,200,22771
client,client_request,completed,1777553783394750,1,,,1777553783372484,1777553783394750,1777553783372484,1777553783394750,,,,client-1-3,Remove,-12484568,200,22266
client,client_request,completed,1777553783416801,1,,,1777553783394855,1777553783416801,1777553783394855,1777553783416801,,,,client-1-3,Remove,-787077,200,21946
client,client_request,completed,1777553783439765,1,,,1777553783416907,1777553783439765,1777553783416907,1777553783439765,,,,client-1-3,Remove,14012545,200,22858
client,client_request,completed,1777553783462500,1,,,1777553783439879,1777553783462500,1777553783439879,1777553783462500,,,,client-1-3,Remove,-10449016,200,22621
client,client_request,completed,1777553783484772,1,,,1777553783462707,1777553783484772,1777553783462707,1777553783484772,,,,client-1-3,Remove,4517085,200,22065
client,client_request,completed,1777553783507330,1,,,1777553783484979,1777553783507330,1777553783484979,1777553783507330,,,,client-1-3,Insert,6530156,200,22351
client,client_request,completed,1777553783529539,1,,,1777553783507432,1777553783529539,1777553783507432,1777553783529539,,,,client-1-3,Remove,14169011,200,22107
client,client_request,completed,1777553783611054,1,,,1777553783529645,1777553783611054,1777553783529645,1777553783611054,,,,client-1-3,Remove,12938247,200,81409
client,client_request,completed,1777553783624609,1,,,1777553783611157,1777553783624609,1777553783611157,1777553783624609,,,,client-1-3,Insert,-9521053,200,13452
client,client_request,completed,1777553783638266,1,,,1777553783624818,1777553783638266,1777553783624818,1777553783638266,,,,client-1-3,Insert,-14918116,200,13448
client,client_request,completed,1777553783651282,1,,,1777553783638369,1777553783651282,1777553783638369,1777553783651282,,,,client-1-3,Insert,-11385861,200,12913
client,client_request,completed,1777553783664264,1,,,1777553783651385,1777553783664264,1777553783651385,1777553783664264,,,,client-1-3,Remove,-10867255,200,12879
client,client_request,completed,1777553783677098,1,,,1777553783664348,1777553783677098,1777553783664348,1777553783677098,,,,client-1-3,Insert,4153867,200,12750
client,client_request,completed,1777553783690776,1,,,1777553783677195,1777553783690776,1777553783677195,1777553783690776,,,,client-1-3,Remove,-13298852,200,13581
client,client_request,completed,1777553783703696,1,,,1777553783690890,1777553783703696,1777553783690890,1777553783703696,,,,client-1-3,Insert,-1369308,200,12806
client,client_request,completed,1777553783717307,1,,,1777553783703808,1777553783717307,1777553783703808,1777553783717307,,,,client-1-3,Insert,-8155462,200,13499
client,client_request,completed,1777553783730116,1,,,1777553783717440,1777553783730116,1777553783717440,1777553783730116,,,,client-1-3,Remove,-16584551,200,12676
client,client_request,completed,1777553783743159,1,,,1777553783730214,1777553783743159,1777553783730214,1777553783743159,,,,client-1-3,Insert,3749630,200,12945
client,client_request,completed,1777553783757709,1,,,1777553783743258,1777553783757709,1777553783743258,1777553783757709,,,,client-1-3,Remove,-6182842,200,14451
client,client_request,completed,1777553783770609,1,,,1777553783757832,1777553783770609,1777553783757832,1777553783770609,,,,client-1-3,Remove,5860235,200,12777
client,client_request,completed,1777553783784298,1,,,1777553783770743,1777553783784298,1777553783770743,1777553783784298,,,,client-1-3,Remove,6211274,200,13555
client,client_request,completed,1777553783797234,1,,,1777553783784403,1777553783797234,1777553783784403,1777553783797234,,,,client-1-3,Insert,9349481,200,12831
client,client_request,completed,1777553783810446,1,,,1777553783797336,1777553783810446,1777553783797336,1777553783810446,,,,client-1-3,Insert,8293931,200,13110
client,client_request,completed,1777553783824071,1,,,1777553783810535,1777553783824071,1777553783810535,1777553783824071,,,,client-1-3,Remove,-12587274,200,13536
client,client_request,completed,1777553783837125,1,,,1777553783824168,1777553783837125,1777553783824168,1777553783837125,,,,client-1-3,Remove,4494545,200,12957
client,client_request,completed,1777553783851024,1,,,1777553783837212,1777553783851024,1777553783837212,1777553783851024,,,,client-1-3,Insert,-6791667,200,13812
client,client_request,completed,1777553783864415,1,,,1777553783851148,1777553783864415,1777553783851148,1777553783864415,,,,client-1-3,Insert,-5927152,200,13267
client,client_request,completed,1777553783877766,1,,,1777553783864547,1777553783877766,1777553783864547,1777553783877766,,,,client-1-3,Insert,8926663,200,13219
client,client_request,completed,1777553783890667,1,,,1777553783877891,1777553783890667,1777553783877891,1777553783890667,,,,client-1-3,Remove,10929241,200,12776
client,client_request,completed,1777553783904441,1,,,1777553783890769,1777553783904441,1777553783890769,1777553783904441,,,,client-1-3,Remove,10426374,200,13672
client,client_request,completed,1777553783917582,1,,,1777553783904546,1777553783917582,1777553783904546,1777553783917582,,,,client-1-3,Remove,-3454332,200,13036
client,client_request,completed,1777553783931296,1,,,1777553783917688,1777553783931296,1777553783917688,1777553783931296,,,,client-1-3,Insert,-12832229,200,13608
client,client_request,completed,1777553783944604,1,,,1777553783931450,1777553783944604,1777553783931450,1777553783944604,,,,client-1-3,Remove,4479219,200,13154
client,client_request,completed,1777553783958249,1,,,1777553783945059,1777553783958249,1777553783945059,1777553783958249,,,,client-1-3,Remove,-14291941,200,13190
client,client_request,completed,1777553783971255,1,,,1777553783958383,1777553783971255,1777553783958383,1777553783971255,,,,client-1-3,Remove,10872206,200,12872
client,client_request,completed,1777553783984310,1,,,1777553783971384,1777553783984310,1777553783971384,1777553783984310,,,,client-1-3,Remove,-15435330,200,12926
client,client_request,completed,1777553783998220,1,,,1777553783984409,1777553783998220,1777553783984409,1777553783998220,,,,client-1-3,Remove,12190230,200,13811
client,client_request,completed,1777553784011514,1,,,1777553783998318,1777553784011514,1777553783998318,1777553784011514,,,,client-1-3,Insert,-12542384,200,13196
client,client_request,completed,1777553784024950,1,,,1777553784011612,1777553784024950,1777553784011612,1777553784024950,,,,client-1-3,Insert,-9947571,200,13338
client,client_request,completed,1777553784038037,1,,,1777553784025155,1777553784038037,1777553784025155,1777553784038037,,,,client-1-3,Remove,4992519,200,12882
client,client_request,completed,1777553784052195,1,,,1777553784038150,1777553784052195,1777553784038150,1777553784052195,,,,client-1-3,Insert,-8791033,200,14045
client,client_request,completed,1777553784065102,1,,,1777553784052477,1777553784065102,1777553784052477,1777553784065102,,,,client-1-3,Remove,-357026,200,12625
client,client_request,completed,1777553784079349,1,,,1777553784065219,1777553784079349,1777553784065219,1777553784079349,,,,client-1-3,Remove,11451186,200,14130
client,client_request,completed,1777553784092634,1,,,1777553784079525,1777553784092634,1777553784079525,1777553784092634,,,,client-1-3,Insert,-7617656,200,13109
client,client_request,completed,1777553784105366,1,,,1777553784093082,1777553784105366,1777553784093082,1777553784105366,,,,client-1-3,Insert,15279607,200,12284
client,client_request,completed,1777553784118973,1,,,1777553784105471,1777553784118973,1777553784105471,1777553784118973,,,,client-1-3,Remove,-4936082,200,13502
client,client_request,completed,1777553784132742,1,,,1777553784119092,1777553784132742,1777553784119092,1777553784132742,,,,client-1-3,Remove,5604952,200,13650
client,client_request,completed,1777553784148345,1,,,1777553784132866,1777553784148345,1777553784132866,1777553784148345,,,,client-1-3,Remove,-5035537,200,15479
client,client_request,completed,1777553784161946,1,,,1777553784148706,1777553784161946,1777553784148706,1777553784161946,,,,client-1-3,Remove,6806851,200,13240
client,client_request,completed,1777553784175627,1,,,1777553784162074,1777553784175627,1777553784162074,1777553784175627,,,,client-1-3,Insert,10784854,200,13553
client,client_request,completed,1777553784188740,1,,,1777553784175817,1777553784188740,1777553784175817,1777553784188740,,,,client-1-3,Insert,-7808721,200,12923
client,client_request,completed,1777553784201812,1,,,1777553784189108,1777553784201812,1777553784189108,1777553784201812,,,,client-1-3,Insert,-3471891,200,12704
client,client_request,completed,1777553784215606,1,,,1777553784202177,1777553784215606,1777553784202177,1777553784215606,,,,client-1-3,Insert,-10961124,200,13429
client,client_request,completed,1777553784229410,1,,,1777553784215965,1777553784229410,1777553784215965,1777553784229410,,,,client-1-3,Insert,11953088,200,13445
client,client_request,completed,1777553784245014,1,,,1777553784229536,1777553784245014,1777553784229536,1777553784245014,,,,client-1-3,Remove,16545262,200,15478
client,client_request,completed,1777553784256112,1,,,1777553784245980,1777553784256112,1777553784245980,1777553784256112,,,,client-1-3,Remove,-6299938,200,10132
client,client_request,completed,1777553784269540,1,,,1777553784256244,1777553784269540,1777553784256244,1777553784269540,,,,client-1-3,Insert,-11895805,200,13296
client,client_request,completed,1777553784282550,1,,,1777553784269749,1777553784282550,1777553784269749,1777553784282550,,,,client-1-3,Insert,4938065,200,12801
client,client_request,completed,1777553784296328,1,,,1777553784282750,1777553784296328,1777553784282750,1777553784296328,,,,client-1-3,Insert,-12704281,200,13578
client,client_request,completed,1777553784309436,1,,,1777553784296443,1777553784309436,1777553784296443,1777553784309436,,,,client-1-3,Remove,8516075,200,12993
client,client_request,completed,1777553784322691,1,,,1777553784309563,1777553784322691,1777553784309563,1777553784322691,,,,client-1-3,Insert,-2475436,200,13128
client,client_request,completed,1777553784336481,1,,,1777553784322891,1777553784336481,1777553784322891,1777553784336481,,,,client-1-3,Insert,4971002,200,13590
client,client_request,completed,1777553784350140,1,,,1777553784336606,1777553784350140,1777553784336606,1777553784350140,,,,client-1-3,Insert,-4113104,200,13534
client,client_request,completed,1777553784363712,1,,,1777553784350265,1777553784363712,1777553784350265,1777553784363712,,,,client-1-3,Insert,-11147221,200,13447
client,client_request,completed,1777553784376958,1,,,1777553784364071,1777553784376958,1777553784364071,1777553784376958,,,,client-1-3,Insert,6236553,200,12887
client,client_request,completed,1777553784390852,1,,,1777553784377164,1777553784390852,1777553784377164,1777553784390852,,,,client-1-3,Insert,7221271,200,13688
client,client_request,completed,1777553784403980,1,,,1777553784391054,1777553784403980,1777553784391054,1777553784403980,,,,client-1-3,Remove,2672580,200,12926
client,client_request,completed,1777553784416887,1,,,1777553784404207,1777553784416887,1777553784404207,1777553784416887,,,,client-1-3,Insert,4395736,200,12680
client,client_request,completed,1777553784430825,1,,,1777553784416990,1777553784430825,1777553784416990,1777553784430825,,,,client-1-3,Insert,-12266031,200,13835
client,client_request,completed,1777553784443919,1,,,1777553784430927,1777553784443919,1777553784430927,1777553784443919,,,,client-1-3,Remove,-6362373,200,12992
client,client_request,completed,1777553784457080,1,,,1777553784444024,1777553784457080,1777553784444024,1777553784457080,,,,client-1-3,Insert,9021426,200,13056
client,client_request,completed,1777553784470580,1,,,1777553784457182,1777553784470580,1777553784457182,1777553784470580,,,,client-1-3,Insert,-9189714,200,13398
client,client_request,completed,1777553784484160,1,,,1777553784470741,1777553784484160,1777553784470741,1777553784484160,,,,client-1-3,Remove,7176522,200,13419
client,client_request,completed,1777553784497626,1,,,1777553784484290,1777553784497626,1777553784484290,1777553784497626,,,,client-1-3,Insert,6074199,200,13336
client,client_request,completed,1777553784511310,1,,,1777553784497727,1777553784511310,1777553784497727,1777553784511310,,,,client-1-3,Remove,14330944,200,13583
client,client_request,completed,1777553784524385,1,,,1777553784511413,1777553784524385,1777553784511413,1777553784524385,,,,client-1-3,Remove,6382056,200,12972
client,client_request,completed,1777553784537599,1,,,1777553784524487,1777553784537599,1777553784524487,1777553784537599,,,,client-1-3,Insert,-2794574,200,13112
client,client_request,completed,1777553784616205,1,,,1777553784537769,1777553784616205,1777553784537769,1777553784616205,,,,client-1-3,Remove,-12699251,200,78436
client,client_request,completed,1777553784628758,1,,,1777553784616339,1777553784628758,1777553784616339,1777553784628758,,,,client-1-3,Remove,4123138,200,12419
client,client_request,completed,1777553784642811,1,,,1777553784629193,1777553784642811,1777553784629193,1777553784642811,,,,client-1-3,Remove,-15171136,200,13618
client,client_request,completed,1777553784655780,1,,,1777553784643160,1777553784655780,1777553784643160,1777553784655780,,,,client-1-3,Remove,-9950502,200,12620
client,client_request,completed,1777553784669463,1,,,1777553784655894,1777553784669463,1777553784655894,1777553784669463,,,,client-1-3,Insert,16090474,200,13569
client,client_request,completed,1777553784682779,1,,,1777553784669591,1777553784682779,1777553784669591,1777553784682779,,,,client-1-3,Insert,7783671,200,13188
client,client_request,completed,1777553784695485,1,,,1777553784682981,1777553784695485,1777553784682981,1777553784695485,,,,client-1-3,Remove,-4554408,200,12504
client,client_request,completed,1777553784708659,1,,,1777553784695599,1777553784708659,1777553784695599,1777553784708659,,,,client-1-3,Remove,-4333238,200,13060
client,client_request,completed,1777553784722637,1,,,1777553784708793,1777553784722637,1777553784708793,1777553784722637,,,,client-1-3,Remove,15983672,200,13844
client,client_request,completed,1777553784735299,1,,,1777553784722835,1777553784735299,1777553784722835,1777553784735299,,,,client-1-3,Insert,1167724,200,12464
client,client_request,completed,1777553784748927,1,,,1777553784735418,1777553784748927,1777553784735418,1777553784748927,,,,client-1-3,Insert,12519890,200,13509
client,client_request,completed,1777553784762293,1,,,1777553784749058,1777553784762293,1777553784749058,1777553784762293,,,,client-1-3,Insert,5637625,200,13235
client,client_request,completed,1777553784774985,1,,,1777553784762500,1777553784774985,1777553784762500,1777553784774985,,,,client-1-3,Remove,1962029,200,12485
client,client_request,completed,1777553784788604,1,,,1777553784775083,1777553784788604,1777553784775083,1777553784788604,,,,client-1-3,Remove,7283656,200,13521
client,client_request,completed,1777553784802201,1,,,1777553784788702,1777553784802201,1777553784788702,1777553784802201,,,,client-1-3,Insert,-15560792,200,13499
client,client_request,completed,1777553784815918,1,,,1777553784802299,1777553784815918,1777553784802299,1777553784815918,,,,client-1-3,Insert,6154471,200,13619
client,client_request,completed,1777553784829073,1,,,1777553784816017,1777553784829073,1777553784816017,1777553784829073,,,,client-1-3,Insert,-55000,200,13056
client,client_request,completed,1777553784842356,1,,,1777553784829171,1777553784842356,1777553784829171,1777553784842356,,,,client-1-3,Insert,5417742,200,13185
client,client_request,completed,1777553784856504,1,,,1777553784842462,1777553784856504,1777553784842462,1777553784856504,,,,client-1-3,Remove,10933896,200,14042
client,client_request,completed,1777553784869507,1,,,1777553784856619,1777553784869507,1777553784856619,1777553784869507,,,,client-1-3,Remove,-3746979,200,12888
client,client_request,completed,1777553784882978,1,,,1777553784869713,1777553784882978,1777553784869713,1777553784882978,,,,client-1-3,Remove,11395207,200,13265
client,client_request,completed,1777553784896360,1,,,1777553784883095,1777553784896360,1777553784883095,1777553784896360,,,,client-1-3,Insert,-4195754,200,13265
client,client_request,completed,1777553784909820,1,,,1777553784896463,1777553784909820,1777553784896463,1777553784909820,,,,client-1-3,Insert,12721658,200,13357
client,client_request,completed,1777553784923322,1,,,1777553784909936,1777553784923322,1777553784909936,1777553784923322,,,,client-1-3,Remove,4572430,200,13386
client,client_request,completed,1777553784937779,1,,,1777553784923420,1777553784937779,1777553784923420,1777553784937779,,,,client-1-3,Remove,9001418,200,14359
client,client_request,completed,1777553784951033,1,,,1777553784937984,1777553784951033,1777553784937984,1777553784951033,,,,client-1-3,Remove,-16353138,200,13049
client,client_request,completed,1777553784965142,1,,,1777553784951131,1777553784965142,1777553784951131,1777553784965142,,,,client-1-3,Remove,5124910,200,14011
client,client_request,completed,1777553784978591,1,,,1777553784965245,1777553784978591,1777553784965245,1777553784978591,,,,client-1-3,Remove,1574051,200,13346
client,client_request,completed,1777553784991836,1,,,1777553784978697,1777553784991836,1777553784978697,1777553784991836,,,,client-1-3,Insert,8751919,200,13139
client,client_request,completed,1777553785006287,1,,,1777553784992025,1777553785006287,1777553784992025,1777553785006287,,,,client-1-3,Remove,-12589451,200,14262
client,client_request,completed,1777553785020749,1,,,1777553785006501,1777553785020749,1777553785006501,1777553785020749,,,,client-1-3,Insert,15883545,200,14248
client,client_request,completed,1777553785036822,1,,,1777553785020957,1777553785036822,1777553785020957,1777553785036822,,,,client-1-3,Remove,-3919555,200,15865
client,client_request,completed,1777553785051142,1,,,1777553785037033,1777553785051142,1777553785037033,1777553785051142,,,,client-1-3,Remove,-4698532,200,14109
client,client_request,completed,1777553785064790,1,,,1777553785051348,1777553785064790,1777553785051348,1777553785064790,,,,client-1-3,Insert,7604525,200,13442
client,client_request,completed,1777553785079852,1,,,1777553785064922,1777553785079852,1777553785064922,1777553785079852,,,,client-1-3,Insert,-9544889,200,14930
client,client_request,completed,1777553785094546,1,,,1777553785079965,1777553785094546,1777553785079965,1777553785094546,,,,client-1-3,Insert,-8866005,200,14581
client,client_request,completed,1777553785108789,1,,,1777553785094677,1777553785108789,1777553785094677,1777553785108789,,,,client-1-3,Insert,-16577611,200,14112
client,client_request,completed,1777553785123580,1,,,1777553785108918,1777553785123580,1777553785108918,1777553785123580,,,,client-1-3,Insert,7295118,200,14662
client,client_request,completed,1777553785136845,1,,,1777553785123855,1777553785136845,1777553785123855,1777553785136845,,,,client-1-3,Remove,15683428,200,12990
client,client_request,completed,1777553785150349,1,,,1777553785136971,1777553785150349,1777553785136971,1777553785150349,,,,client-1-3,Remove,-13738492,200,13378
client,client_request,completed,1777553785164358,1,,,1777553785150486,1777553785164358,1777553785150486,1777553785164358,,,,client-1-3,Remove,-12666280,200,13872
client,client_request,completed,1777553785180598,1,,,1777553785164851,1777553785180598,1777553785164851,1777553785180598,,,,client-1-3,Insert,13288859,200,15747
client,client_request,completed,1777553785194872,1,,,1777553785180810,1777553785194872,1777553785180810,1777553785194872,,,,client-1-3,Remove,-11439414,200,14062
client,client_request,completed,1777553785208022,1,,,1777553785195080,1777553785208022,1777553785195080,1777553785208022,,,,client-1-3,Insert,-3803117,200,12942
client,client_request,completed,1777553785220768,1,,,1777553785208405,1777553785220768,1777553785208405,1777553785220768,,,,client-1-3,Remove,-4139958,200,12363
client,client_request,completed,1777553785234487,1,,,1777553785220885,1777553785234487,1777553785220885,1777553785234487,,,,client-1-3,Insert,7452543,200,13602
client,client_request,completed,1777553785247560,1,,,1777553785234616,1777553785247560,1777553785234616,1777553785247560,,,,client-1-3,Remove,-4357325,200,12944
client,client_request,completed,1777553785261317,1,,,1777553785247666,1777553785261317,1777553785247666,1777553785261317,,,,client-1-3,Remove,8356223,200,13651
client,client_request,completed,1777553785274523,1,,,1777553785261434,1777553785274523,1777553785261434,1777553785274523,,,,client-1-3,Insert,7359598,200,13089
client,client_request,completed,1777553785287685,1,,,1777553785274627,1777553785287685,1777553785274627,1777553785287685,,,,client-1-3,Insert,14895737,200,13058
client,client_request,completed,1777553785301142,1,,,1777553785287789,1777553785301142,1777553785287789,1777553785301142,,,,client-1-3,Insert,-11929065,200,13353
client,client_request,completed,1777553785314869,1,,,1777553785301278,1777553785314869,1777553785301278,1777553785314869,,,,client-1-3,Remove,-6144804,200,13591
client,client_request,completed,1777553785328004,1,,,1777553785315040,1777553785328004,1777553785315040,1777553785328004,,,,client-1-3,Remove,2855208,200,12964
client,client_request,completed,1777553785342158,1,,,1777553785328389,1777553785342158,1777553785328389,1777553785342158,,,,client-1-3,Insert,14204615,200,13769
client,client_request,completed,1777553785355697,1,,,1777553785342294,1777553785355697,1777553785342294,1777553785355697,,,,client-1-3,Remove,-10847307,200,13403
client,client_request,completed,1777553785368929,1,,,1777553785355897,1777553785368929,1777553785355897,1777553785368929,,,,client-1-3,Remove,-322526,200,13032
client,client_request,completed,1777553785382393,1,,,1777553785369285,1777553785382393,1777553785369285,1777553785382393,,,,client-1-3,Insert,-5948502,200,13108
client,client_request,completed,1777553785395178,1,,,1777553785382495,1777553785395178,1777553785382495,1777553785395178,,,,client-1-3,Insert,-12061958,200,12683
client,client_request,completed,1777553785408827,1,,,1777553785395338,1777553785408827,1777553785395338,1777553785408827,,,,client-1-3,Remove,12449815,200,13489
client,client_request,completed,1777553785422109,1,,,1777553785409194,1777553785422109,1777553785409194,1777553785422109,,,,client-1-3,Remove,12605435,200,12915
client,client_request,completed,1777553785435697,1,,,1777553785422214,1777553785435697,1777553785422214,1777553785435697,,,,client-1-3,Remove,8681332,200,13483
client,client_request,completed,1777553785449669,1,,,1777553785435903,1777553785449669,1777553785435903,1777553785449669,,,,client-1-3,Remove,11764571,200,13766
client,client_request,completed,1777553785463274,1,,,1777553785449772,1777553785463274,1777553785449772,1777553785463274,,,,client-1-3,Remove,-13797239,200,13502
client,client_request,completed,1777553785477153,1,,,1777553785463532,1777553785477153,1777553785463532,1777553785477153,,,,client-1-3,Insert,-14362230,200,13621
client,client_request,completed,1777553785490207,1,,,1777553785477500,1777553785490207,1777553785477500,1777553785490207,,,,client-1-3,Insert,3784599,200,12707
client,client_request,completed,1777553785503199,1,,,1777553785490512,1777553785503199,1777553785490512,1777553785503199,,,,client-1-3,Insert,-1849973,200,12687
client,client_request,completed,1777553785516528,1,,,1777553785503555,1777553785516528,1777553785503555,1777553785516528,,,,client-1-3,Insert,10543796,200,12973
client,client_request,completed,1777553785530754,1,,,1777553785516619,1777553785530754,1777553785516619,1777553785530754,,,,client-1-3,Insert,-7652669,200,14135
client,client_request,completed,1777553785544384,1,,,1777553785531083,1777553785544384,1777553785531083,1777553785544384,,,,client-1-3,Remove,-8265681,200,13301
client,client_request,completed,1777553785622085,1,,,1777553785544519,1777553785622085,1777553785544519,1777553785622085,,,,client-1-3,Remove,-8677621,200,77566
client,client_request,completed,1777553785634073,1,,,1777553785622220,1777553785634073,1777553785622220,1777553785634073,,,,client-1-3,Remove,3127580,200,11853
client,client_request,completed,1777553785646180,1,,,1777553785634497,1777553785646180,1777553785634497,1777553785646180,,,,client-1-3,Insert,7370389,200,11683
client,client_request,completed,1777553785658011,1,,,1777553785646295,1777553785658011,1777553785646295,1777553785658011,,,,client-1-3,Insert,-6794964,200,11716
client,client_request,completed,1777553785670058,1,,,1777553785658204,1777553785670058,1777553785658204,1777553785670058,,,,client-1-3,Remove,3282023,200,11854
client,client_request,completed,1777553785681746,1,,,1777553785670185,1777553785681746,1777553785670185,1777553785681746,,,,client-1-3,Insert,-4344494,200,11561
client,client_request,completed,1777553785694564,1,,,1777553785681850,1777553785694564,1777553785681850,1777553785694564,,,,client-1-3,Remove,13139291,200,12714
client,client_request,completed,1777553785706601,1,,,1777553785694927,1777553785706601,1777553785694927,1777553785706601,,,,client-1-3,Remove,8161575,200,11674
client,client_request,completed,1777553785718809,1,,,1777553785706866,1777553785718809,1777553785706866,1777553785718809,,,,client-1-3,Insert,2211603,200,11943
client,client_request,completed,1777553785731679,1,,,1777553785719231,1777553785731679,1777553785719231,1777553785731679,,,,client-1-3,Insert,9039279,200,12448
client,client_request,completed,1777553785744080,1,,,1777553785731883,1777553785744080,1777553785731883,1777553785744080,,,,client-1-3,Remove,-2265169,200,12197
client,client_request,completed,1777553785756090,1,,,1777553785744373,1777553785756090,1777553785744373,1777553785756090,,,,client-1-3,Insert,-6810265,200,11717
client,client_request,completed,1777553785768703,1,,,1777553785756400,1777553785768703,1777553785756400,1777553785768703,,,,client-1-3,Remove,5588478,200,12303
client,client_request,completed,1777553785781100,1,,,1777553785768806,1777553785781100,1777553785768806,1777553785781100,,,,client-1-3,Insert,189479,200,12294
client,client_request,completed,1777553785793181,1,,,1777553785781200,1777553785793181,1777553785781200,1777553785793181,,,,client-1-3,Insert,-2219594,200,11981
client,client_request,completed,1777553785805625,1,,,1777553785793280,1777553785805625,1777553785793280,1777553785805625,,,,client-1-3,Insert,-12785572,200,12345
client,client_request,completed,1777553785817465,1,,,1777553785805733,1777553785817465,1777553785805733,1777553785817465,,,,client-1-3,Insert,-13456684,200,11732
client,client_request,completed,1777553785829793,1,,,1777553785817571,1777553785829793,1777553785817571,1777553785829793,,,,client-1-3,Insert,13686950,200,12222
client,client_request,completed,1777553785846315,1,,,1777553785829928,1777553785846315,1777553785829928,1777553785846315,,,,client-1-3,Remove,13319731,200,16387
client,client_request,completed,1777553785859856,1,,,1777553785846444,1777553785859856,1777553785846444,1777553785859856,,,,client-1-3,Insert,2587716,200,13412
client,client_request,completed,1777553785873386,1,,,1777553785859971,1777553785873386,1777553785859971,1777553785873386,,,,client-1-3,Insert,-12921234,200,13415
client,client_request,completed,1777553785888207,1,,,1777553785873737,1777553785888207,1777553785873737,1777553785888207,,,,client-1-3,Remove,-6453851,200,14470
client,client_request,completed,1777553785901270,1,,,1777553785888424,1777553785901270,1777553785888424,1777553785901270,,,,client-1-3,Insert,-16557194,200,12846
client,client_request,completed,1777553785915329,1,,,1777553785901386,1777553785915329,1777553785901386,1777553785915329,,,,client-1-3,Insert,14135074,200,13943
client,client_request,completed,1777553785928676,1,,,1777553785915435,1777553785928676,1777553785915435,1777553785928676,,,,client-1-3,Insert,9892864,200,13241
client,client_request,completed,1777553785942204,1,,,1777553785928774,1777553785942204,1777553785928774,1777553785942204,,,,client-1-3,Remove,333068,200,13430
client,client_request,completed,1777553785956489,1,,,1777553785942329,1777553785956489,1777553785942329,1777553785956489,,,,client-1-3,Remove,8500348,200,14160
client,client_request,completed,1777553785970042,1,,,1777553785956620,1777553785970042,1777553785956620,1777553785970042,,,,client-1-3,Insert,10406159,200,13422
client,client_request,completed,1777553785983795,1,,,1777553785970164,1777553785983795,1777553785970164,1777553785983795,,,,client-1-3,Insert,14092424,200,13631
client,client_request,completed,1777553785998592,1,,,1777553785984142,1777553785998592,1777553785984142,1777553785998592,,,,client-1-3,Insert,-2449296,200,14450
client,client_request,completed,1777553786012255,1,,,1777553785998794,1777553786012255,1777553785998794,1777553786012255,,,,client-1-3,Remove,5670065,200,13461
client,client_request,completed,1777553786026856,1,,,1777553786012363,1777553786026856,1777553786012363,1777553786026856,,,,client-1-3,Insert,5435175,200,14493
client,client_request,completed,1777553786040448,1,,,1777553786026956,1777553786040448,1777553786026956,1777553786040448,,,,client-1-3,Remove,11440453,200,13492
client,client_request,completed,1777553786054539,1,,,1777553786040554,1777553786054539,1777553786040554,1777553786054539,,,,client-1-3,Insert,2552932,200,13985
client,client_request,completed,1777553786068894,1,,,1777553786054665,1777553786068894,1777553786054665,1777553786068894,,,,client-1-3,Insert,-7026920,200,14229
client,client_request,completed,1777553786082746,1,,,1777553786069029,1777553786082746,1777553786069029,1777553786082746,,,,client-1-3,Insert,553595,200,13717
client,client_request,completed,1777553786096589,1,,,1777553786082877,1777553786096589,1777553786082877,1777553786096589,,,,client-1-3,Remove,-11479341,200,13712
client,client_request,completed,1777553786111437,1,,,1777553786096959,1777553786111437,1777553786096959,1777553786111437,,,,client-1-3,Insert,-2867298,200,14478
client,client_request,completed,1777553786124752,1,,,1777553786111645,1777553786124752,1777553786111645,1777553786124752,,,,client-1-3,Insert,6943793,200,13107
client,client_request,completed,1777553786139104,1,,,1777553786124936,1777553786139104,1777553786124936,1777553786139104,,,,client-1-3,Remove,212198,200,14168
client,client_request,completed,1777553786152561,1,,,1777553786139208,1777553786152561,1777553786139208,1777553786152561,,,,client-1-3,Remove,-4723697,200,13353
client,client_request,completed,1777553786166418,1,,,1777553786152659,1777553786166418,1777553786152659,1777553786166418,,,,client-1-3,Remove,-10235062,200,13759
client,client_request,completed,1777553786180734,1,,,1777553786166617,1777553786180734,1777553786166617,1777553786180734,,,,client-1-3,Insert,-10088548,200,14117
client,client_request,completed,1777553786194473,1,,,1777553786180946,1777553786194473,1777553786180946,1777553786194473,,,,client-1-3,Insert,8006985,200,13527
client,client_request,completed,1777553786207952,1,,,1777553786194602,1777553786207952,1777553786194602,1777553786207952,,,,client-1-3,Remove,13164495,200,13350
client,client_request,completed,1777553786222564,1,,,1777553786208143,1777553786222564,1777553786208143,1777553786222564,,,,client-1-3,Remove,-12094165,200,14421
client,client_request,completed,1777553786236101,1,,,1777553786222930,1777553786236101,1777553786222930,1777553786236101,,,,client-1-3,Insert,-6790972,200,13171
client,client_request,completed,1777553786251185,1,,,1777553786236258,1777553786251185,1777553786236258,1777553786251185,,,,client-1-3,Insert,11114557,200,14927
client,client_request,completed,1777553786267522,1,,,1777553786251293,1777553786267522,1777553786251293,1777553786267522,,,,client-1-3,Insert,-12723105,200,16229
client,client_request,completed,1777553786283329,1,,,1777553786267713,1777553786283329,1777553786267713,1777553786283329,,,,client-1-3,Insert,-16393164,200,15616
client,client_request,completed,1777553786298334,1,,,1777553786283443,1777553786298334,1777553786283443,1777553786298334,,,,client-1-3,Remove,2951443,200,14891
client,client_request,completed,1777553786312699,1,,,1777553786298441,1777553786312699,1777553786298441,1777553786312699,,,,client-1-3,Insert,-10376042,200,14258
client,client_request,completed,1777553786327015,1,,,1777553786313070,1777553786327015,1777553786313070,1777553786327015,,,,client-1-3,Insert,5952848,200,13945
client,client_request,completed,1777553786341849,1,,,1777553786327375,1777553786341849,1777553786327375,1777553786341849,,,,client-1-3,Remove,-7533541,200,14474
client,client_request,completed,1777553786356131,1,,,1777553786341952,1777553786356131,1777553786341952,1777553786356131,,,,client-1-3,Remove,11728802,200,14179
client,client_request,completed,1777553786371003,1,,,1777553786356291,1777553786371003,1777553786356291,1777553786371003,,,,client-1-3,Remove,-12312947,200,14712
client,client_request,completed,1777553786385112,1,,,1777553786371107,1777553786385112,1777553786371107,1777553786385112,,,,client-1-3,Insert,-7856050,200,14005
client,client_request,completed,1777553786399668,1,,,1777553786385207,1777553786399668,1777553786385207,1777553786399668,,,,client-1-3,Insert,14153293,200,14461
client,client_request,completed,1777553786414604,1,,,1777553786399773,1777553786414604,1777553786399773,1777553786414604,,,,client-1-3,Insert,-14919668,200,14831
client,client_request,completed,1777553786428751,1,,,1777553786414710,1777553786428751,1777553786414710,1777553786428751,,,,client-1-3,Remove,-12244328,200,14041
client,client_request,completed,1777553786442864,1,,,1777553786428961,1777553786442864,1777553786428961,1777553786442864,,,,client-1-3,Insert,4928699,200,13903
client,client_request,completed,1777553786457615,1,,,1777553786443061,1777553786457615,1777553786443061,1777553786457615,,,,client-1-3,Insert,-4419525,200,14554
client,client_request,completed,1777553786471653,1,,,1777553786457807,1777553786471653,1777553786457807,1777553786471653,,,,client-1-3,Remove,-2308829,200,13846
client,client_request,completed,1777553786486881,1,,,1777553786471759,1777553786486881,1777553786471759,1777553786486881,,,,client-1-3,Insert,-884836,200,15122
client,client_request,completed,1777553786500744,1,,,1777553786487080,1777553786500744,1777553786487080,1777553786500744,,,,client-1-3,Remove,5367180,200,13664
client,client_request,completed,1777553786515222,1,,,1777553786500849,1777553786515222,1777553786500849,1777553786515222,,,,client-1-3,Remove,7884022,200,14373
client,client_request,completed,1777553786529923,1,,,1777553786515350,1777553786529923,1777553786515350,1777553786529923,,,,client-1-3,Remove,-1831099,200,14573
client,client_request,completed,1777553786609691,1,,,1777553786530024,1777553786609691,1777553786530024,1777553786609691,,,,client-1-3,Insert,-11359756,200,79667
client,client_request,completed,1777553786635414,1,,,1777553786609905,1777553786635414,1777553786609905,1777553786635414,,,,client-1-3,Insert,13602273,200,25509
client,client_request,completed,1777553786660436,1,,,1777553786635548,1777553786660436,1777553786635548,1777553786660436,,,,client-1-3,Remove,13829336,200,24888
client,client_request,completed,1777553786685345,1,,,1777553786660649,1777553786685345,1777553786660649,1777553786685345,,,,client-1-3,Insert,-6844549,200,24696
client,client_request,completed,1777553786709895,1,,,1777553786685449,1777553786709895,1777553786685449,1777553786709895,,,,client-1-3,Insert,-16718605,200,24446
client,client_request,completed,1777553786734631,1,,,1777553786710109,1777553786734631,1777553786710109,1777553786734631,,,,client-1-3,Remove,4264089,200,24522
client,client_request,completed,1777553786759783,1,,,1777553786734741,1777553786759783,1777553786734741,1777553786759783,,,,client-1-3,Insert,13664807,200,25042
client,client_request,completed,1777553786784115,1,,,1777553786759886,1777553786784115,1777553786759886,1777553786784115,,,,client-1-3,Remove,-4549041,200,24229
client,client_request,completed,1777553786809344,1,,,1777553786784238,1777553786809344,1777553786784238,1777553786809344,,,,client-1-3,Insert,9721555,200,25106
client,client_request,completed,1777553786833644,1,,,1777553786809441,1777553786833644,1777553786809441,1777553786833644,,,,client-1-3,Insert,-4466796,200,24203
client,client_request,completed,1777553786859421,1,,,1777553786833747,1777553786859421,1777553786833747,1777553786859421,,,,client-1-3,Insert,15561165,200,25674
client,client_request,completed,1777553786884740,1,,,1777553786859545,1777553786884740,1777553786859545,1777553786884740,,,,client-1-3,Remove,-2671496,200,25195
client,client_request,completed,1777553786909828,1,,,1777553786884871,1777553786909828,1777553786884871,1777553786909828,,,,client-1-3,Insert,14530549,200,24957
client,client_request,completed,1777553786935182,1,,,1777553786910173,1777553786935182,1777553786910173,1777553786935182,,,,client-1-3,Remove,6839588,200,25009
client,client_request,completed,1777553786960631,1,,,1777553786935290,1777553786960631,1777553786935290,1777553786960631,,,,client-1-3,Insert,-3451261,200,25341
client,client_request,completed,1777553786985557,1,,,1777553786960735,1777553786985557,1777553786960735,1777553786985557,,,,client-1-3,Insert,-2698095,200,24822
client,client_request,completed,1777553787011210,1,,,1777553786985661,1777553787011210,1777553786985661,1777553787011210,,,,client-1-3,Insert,4990213,200,25549
client,client_request,completed,1777553787035972,1,,,1777553787011335,1777553787035972,1777553787011335,1777553787035972,,,,client-1-3,Remove,-1005188,200,24637
client,client_request,completed,1777553787061805,1,,,1777553787036173,1777553787061805,1777553787036173,1777553787061805,,,,client-1-3,Insert,-8954310,200,25632
client,client_request,completed,1777553787087364,1,,,1777553787062013,1777553787087364,1777553787062013,1777553787087364,,,,client-1-3,Remove,-12600529,200,25351
client,client_request,completed,1777553787111800,1,,,1777553787087572,1777553787111800,1777553787087572,1777553787111800,,,,client-1-3,Remove,-9473164,200,24228
client,client_request,completed,1777553787137196,1,,,1777553787111907,1777553787137196,1777553787111907,1777553787137196,,,,client-1-3,Insert,-6523258,200,25289
client,client_request,completed,1777553787163155,1,,,1777553787137297,1777553787163155,1777553787137297,1777553787163155,,,,client-1-3,Remove,-15801936,200,25858
client,client_request,completed,1777553787188742,1,,,1777553787163264,1777553787188742,1777553787163264,1777553787188742,,,,client-1-3,Insert,-2915098,200,25478
client,client_request,completed,1777553787214573,1,,,1777553787189095,1777553787214573,1777553787189095,1777553787214573,,,,client-1-3,Remove,-1575825,200,25478
client,client_request,completed,1777553787239008,1,,,1777553787214776,1777553787239008,1777553787214776,1777553787239008,,,,client-1-3,Insert,-5442865,200,24232
client,client_request,completed,1777553787263181,1,,,1777553787239112,1777553787263181,1777553787239112,1777553787263181,,,,client-1-3,Remove,-2300857,200,24069
client,client_request,completed,1777553787277686,1,,,1777553787263297,1777553787277686,1777553787263297,1777553787277686,,,,client-1-3,Insert,15050815,200,14389
client,client_request,completed,1777553787292946,1,,,1777553787277795,1777553787292946,1777553787277795,1777553787292946,,,,client-1-3,Insert,-15414117,200,15151
client,client_request,completed,1777553787307492,1,,,1777553787293051,1777553787307492,1777553787293051,1777553787307492,,,,client-1-3,Insert,11978207,200,14441
client,client_request,completed,1777553787322061,1,,,1777553787307596,1777553787322061,1777553787307596,1777553787322061,,,,client-1-3,Remove,5302423,200,14465
client,client_request,completed,1777553787337656,1,,,1777553787322165,1777553787337656,1777553787322165,1777553787337656,,,,client-1-3,Remove,-2740907,200,15491
client,client_request,completed,1777553787352196,1,,,1777553787337864,1777553787352196,1777553787337864,1777553787352196,,,,client-1-3,Remove,1781640,200,14332
client,client_request,completed,1777553787366575,1,,,1777553787352407,1777553787366575,1777553787352407,1777553787366575,,,,client-1-3,Remove,9591688,200,14168
client,client_request,completed,1777553787382137,1,,,1777553787366678,1777553787382137,1777553787366678,1777553787382137,,,,client-1-3,Insert,7109178,200,15459
client,client_request,completed,1777553787396716,1,,,1777553787382340,1777553787396716,1777553787382340,1777553787396716,,,,client-1-3,Insert,-5354220,200,14376
client,client_request,completed,1777553787413365,1,,,1777553787396820,1777553787413365,1777553787396820,1777553787413365,,,,client-1-3,Insert,-2072098,200,16545
client,client_request,completed,1777553787430549,1,,,1777553787413480,1777553787430549,1777553787413480,1777553787430549,,,,client-1-3,Remove,-6639479,200,17069
client,client_request,completed,1777553787445007,1,,,1777553787430755,1777553787445007,1777553787430755,1777553787445007,,,,client-1-3,Remove,-16622117,200,14252
client,client_request,completed,1777553787460766,1,,,1777553787445138,1777553787460766,1777553787445138,1777553787460766,,,,client-1-3,Remove,1909376,200,15628
client,client_request,completed,1777553787476553,1,,,1777553787460871,1777553787476553,1777553787460871,1777553787476553,,,,client-1-3,Insert,-68834,200,15682
client,client_request,completed,1777553787492280,1,,,1777553787476655,1777553787492280,1777553787476655,1777553787492280,,,,client-1-3,Insert,11816279,200,15625
client,client_request,completed,1777553787507518,1,,,1777553787492395,1777553787507518,1777553787492395,1777553787507518,,,,client-1-3,Remove,149237,200,15123
client,client_request,completed,1777553787522057,1,,,1777553787507623,1777553787522057,1777553787507623,1777553787522057,,,,client-1-3,Insert,-12501231,200,14434
client,client_request,completed,1777553787536762,1,,,1777553787522183,1777553787536762,1777553787522183,1777553787536762,,,,client-1-3,Remove,3883447,200,14579
client,client_request,completed,1777553787615050,1,,,1777553787536969,1777553787615050,1777553787536969,1777553787615050,,,,client-1-3,Insert,-2339598,200,78081
client,client_request,completed,1777553787629895,1,,,1777553787615396,1777553787629895,1777553787615396,1777553787629895,,,,client-1-3,Remove,10976937,200,14499
client,client_request,completed,1777553787645281,1,,,1777553787630022,1777553787645281,1777553787630022,1777553787645281,,,,client-1-3,Remove,14052025,200,15259
client,client_request,completed,1777553787660019,1,,,1777553787645383,1777553787660019,1777553787645383,1777553787660019,,,,client-1-3,Insert,-16098258,200,14636
client,client_request,completed,1777553787675017,1,,,1777553787660132,1777553787675017,1777553787660132,1777553787675017,,,,client-1-3,Remove,-2921616,200,14885
client,client_request,completed,1777553787690284,1,,,1777553787675119,1777553787690284,1777553787675119,1777553787690284,,,,client-1-3,Insert,9084272,200,15165
client,client_request,completed,1777553787706562,1,,,1777553787690413,1777553787706562,1777553787690413,1777553787706562,,,,client-1-3,Insert,11339381,200,16149
client,client_request,completed,1777553787721176,1,,,1777553787706919,1777553787721176,1777553787706919,1777553787721176,,,,client-1-3,Remove,-588329,200,14257
client,client_request,completed,1777553787737006,1,,,1777553787721379,1777553787737006,1777553787721379,1777553787737006,,,,client-1-3,Remove,-9097361,200,15627
client,client_request,completed,1777553787751899,1,,,1777553787737210,1777553787751899,1777553787737210,1777553787751899,,,,client-1-3,Insert,-5819060,200,14689
client,client_request,completed,1777553787766566,1,,,1777553787752259,1777553787766566,1777553787752259,1777553787766566,,,,client-1-3,Remove,2224130,200,14307
client,client_request,completed,1777553787783135,1,,,1777553787766772,1777553787783135,1777553787766772,1777553787783135,,,,client-1-3,Insert,1881899,200,16363
client,client_request,completed,1777553787798898,1,,,1777553787783231,1777553787798898,1777553787783231,1777553787798898,,,,client-1-3,Remove,1122877,200,15667
client,client_request,completed,1777553787814687,1,,,1777553787798996,1777553787814687,1777553787798996,1777553787814687,,,,client-1-3,Insert,337483,200,15691
client,client_request,completed,1777553787830430,1,,,1777553787814784,1777553787830430,1777553787814784,1777553787830430,,,,client-1-3,Insert,-13754580,200,15646
client,client_request,completed,1777553787846307,1,,,1777553787830554,1777553787846307,1777553787830554,1777553787846307,,,,client-1-3,Insert,1882861,200,15753
client,client_request,completed,1777553787863328,1,,,1777553787846409,1777553787863328,1777553787846409,1777553787863328,,,,client-1-3,Insert,13094703,200,16919
client,client_request,completed,1777553787880060,1,,,1777553787863660,1777553787880060,1777553787863660,1777553787880060,,,,client-1-3,Insert,16570198,200,16400
client,client_request,completed,1777553787896440,1,,,1777553787880297,1777553787896440,1777553787880297,1777553787896440,,,,client-1-3,Insert,-7863244,200,16143
client,client_request,completed,1777553787912110,1,,,1777553787896790,1777553787912110,1777553787896790,1777553787912110,,,,client-1-3,Insert,-3795959,200,15320
client,client_request,completed,1777553787927406,1,,,1777553787912270,1777553787927406,1777553787912270,1777553787927406,,,,client-1-3,Remove,-14121964,200,15136
client,client_request,completed,1777553787943963,1,,,1777553787927516,1777553787943963,1777553787927516,1777553787943963,,,,client-1-3,Insert,10265523,200,16447
client,client_request,completed,1777553787959424,1,,,1777553787944167,1777553787959424,1777553787944167,1777553787959424,,,,client-1-3,Insert,10282431,200,15257
client,client_request,completed,1777553787974580,1,,,1777553787959617,1777553787974580,1777553787959617,1777553787974580,,,,client-1-3,Remove,14499021,200,14963
client,client_request,completed,1777553787990769,1,,,1777553787974669,1777553787990769,1777553787974669,1777553787990769,,,,client-1-3,Insert,-7742392,200,16100
client,client_request,completed,1777553788005313,1,,,1777553787990874,1777553788005313,1777553787990874,1777553788005313,,,,client-1-3,Remove,794684,200,14439
client,client_request,completed,1777553788020480,1,,,1777553788005406,1777553788020480,1777553788005406,1777553788020480,,,,client-1-3,Remove,-8958884,200,15074
client,client_request,completed,1777553788036947,1,,,1777553788020939,1777553788036947,1777553788020939,1777553788036947,,,,client-1-3,Remove,-13540472,200,16008
client,client_request,completed,1777553788052315,1,,,1777553788037312,1777553788052315,1777553788037312,1777553788052315,,,,client-1-3,Remove,2790261,200,15003
client,client_request,completed,1777553788068259,1,,,1777553788052509,1777553788068259,1777553788052509,1777553788068259,,,,client-1-3,Insert,-4549776,200,15750
client,client_request,completed,1777553788083575,1,,,1777553788068360,1777553788083575,1777553788068360,1777553788083575,,,,client-1-3,Remove,-11796127,200,15215
client,client_request,completed,1777553788098834,1,,,1777553788083678,1777553788098834,1777553788083678,1777553788098834,,,,client-1-3,Insert,7835154,200,15156
client,client_request,completed,1777553788114190,1,,,1777553788098933,1777553788114190,1777553788098933,1777553788114190,,,,client-1-3,Remove,-11946839,200,15257
client,client_request,completed,1777553788130496,1,,,1777553788114240,1777553788130496,1777553788114240,1777553788130496,,,,client-1-3,Insert,-3927573,200,16256
client,client_request,completed,1777553788148461,1,,,1777553788130563,1777553788148461,1777553788130563,1777553788148461,,,,client-1-3,Insert,-13797354,200,17898
client,client_request,completed,1777553788163924,1,,,1777553788148623,1777553788163924,1777553788148623,1777553788163924,,,,client-1-3,Remove,-12705753,200,15301
client,client_request,completed,1777553788179345,1,,,1777553788164031,1777553788179345,1777553788164031,1777553788179345,,,,client-1-3,Insert,5795516,200,15314
client,client_request,completed,1777553788194248,1,,,1777553788179668,1777553788194248,1777553788179668,1777553788194248,,,,client-1-3,Remove,8310342,200,14580
client,client_request,completed,1777553788210121,1,,,1777553788194347,1777553788210121,1777553788194347,1777553788210121,,,,client-1-3,Remove,6830655,200,15774
client,client_request,completed,1777553788224840,1,,,1777553788210322,1777553788224840,1777553788210322,1777553788224840,,,,client-1-3,Remove,-14644114,200,14518
client,client_request,completed,1777553788240745,1,,,1777553788224947,1777553788240745,1777553788224947,1777553788240745,,,,client-1-3,Insert,16484523,200,15798
client,client_request,completed,1777553788256732,1,,,1777553788240953,1777553788256732,1777553788240953,1777553788256732,,,,client-1-3,Remove,-4276954,200,15779
client,client_request,completed,1777553788271936,1,,,1777553788257103,1777553788271936,1777553788257103,1777553788271936,,,,client-1-3,Remove,5753987,200,14833
client,client_request,completed,1777553788287676,1,,,1777553788272040,1777553788287676,1777553788272040,1777553788287676,,,,client-1-3,Remove,14245200,200,15636
client,client_request,completed,1777553788302601,1,,,1777553788287810,1777553788302601,1777553788287810,1777553788302601,,,,client-1-3,Remove,-1413392,200,14791
client,client_request,completed,1777553788318198,1,,,1777553788302954,1777553788318198,1777553788302954,1777553788318198,,,,client-1-3,Insert,-5685962,200,15244
client,client_request,completed,1777553788332587,1,,,1777553788318543,1777553788332587,1777553788318543,1777553788332587,,,,client-1-3,Insert,-2986772,200,14044
client,client_request,completed,1777553788347787,1,,,1777553788332702,1777553788347787,1777553788332702,1777553788347787,,,,client-1-3,Remove,6695608,200,15085
client,client_request,completed,1777553788362264,1,,,1777553788348136,1777553788362264,1777553788348136,1777553788362264,,,,client-1-3,Insert,960406,200,14128
client,client_request,completed,1777553788377897,1,,,1777553788362368,1777553788377897,1777553788362368,1777553788377897,,,,client-1-3,Insert,-13319740,200,15529
client,client_request,completed,1777553788393380,1,,,1777553788378249,1777553788393380,1777553788378249,1777553788393380,,,,client-1-3,Insert,-1947516,200,15131
client,client_request,completed,1777553788408359,1,,,1777553788393589,1777553788408359,1777553788393589,1777553788408359,,,,client-1-3,Remove,837082,200,14770
client,client_request,completed,1777553788423202,1,,,1777553788408499,1777553788423202,1777553788408499,1777553788423202,,,,client-1-3,Insert,2756395,200,14703
client,client_request,completed,1777553788438513,1,,,1777553788423295,1777553788438513,1777553788423295,1777553788438513,,,,client-1-3,Insert,16728616,200,15218
client,client_request,completed,1777553788453886,1,,,1777553788438645,1777553788453886,1777553788438645,1777553788453886,,,,client-1-3,Insert,-12549351,200,15241
client,client_request,completed,1777553788468756,1,,,1777553788454098,1777553788468756,1777553788454098,1777553788468756,,,,client-1-3,Insert,-9974417,200,14658
client,client_request,completed,1777553788484844,1,,,1777553788468862,1777553788484844,1777553788468862,1777553788484844,,,,client-1-3,Insert,16713173,200,15982
client,client_request,completed,1777553788500384,1,,,1777553788484937,1777553788500384,1777553788484937,1777553788500384,,,,client-1-3,Remove,-4424999,200,15447
client,client_request,completed,1777553788515481,1,,,1777553788500483,1777553788515481,1777553788500483,1777553788515481,,,,client-1-3,Insert,5246361,200,14998
client,client_request,completed,1777553788531056,1,,,1777553788515579,1777553788531056,1777553788515579,1777553788531056,,,,client-1-3,Insert,-8156565,200,15477
client,client_request,completed,1777553788607796,1,,,1777553788531186,1777553788607796,1777553788531186,1777553788607796,,,,client-1-3,Insert,-15428191,200,76610
client,client_request,completed,1777553788625561,1,,,1777553788607910,1777553788625561,1777553788607910,1777553788625561,,,,client-1-3,Insert,7018599,200,17651
client,client_request,completed,1777553788640224,1,,,1777553788625769,1777553788640224,1777553788625769,1777553788640224,,,,client-1-3,Remove,16025921,200,14455
client,client_request,completed,1777553788655515,1,,,1777553788640338,1777553788655515,1777553788640338,1777553788655515,,,,client-1-3,Insert,-170154,200,15177
client,client_request,completed,1777553788670981,1,,,1777553788655722,1777553788670981,1777553788655722,1777553788670981,,,,client-1-3,Remove,-14076748,200,15259
client,client_request,completed,1777553788686158,1,,,1777553788671112,1777553788686158,1777553788671112,1777553788686158,,,,client-1-3,Remove,-13649691,200,15046
client,client_request,completed,1777553788701772,1,,,1777553788686261,1777553788701772,1777553788686261,1777553788701772,,,,client-1-3,Remove,-9244024,200,15511
client,client_request,completed,1777553788717818,1,,,1777553788701912,1777553788717818,1777553788701912,1777553788717818,,,,client-1-3,Insert,16704462,200,15906
client,client_request,completed,1777553788734515,1,,,1777553788717951,1777553788734515,1777553788717951,1777553788734515,,,,client-1-3,Insert,13142061,200,16564
client,client_request,completed,1777553788751382,1,,,1777553788734766,1777553788751382,1777553788734766,1777553788751382,,,,client-1-3,Insert,4542376,200,16616
client,client_request,completed,1777553788767356,1,,,1777553788751426,1777553788767356,1777553788751426,1777553788767356,,,,client-1-3,Remove,-8259315,200,15930
client,client_request,completed,1777553788782672,1,,,1777553788767574,1777553788782672,1777553788767574,1777553788782672,,,,client-1-3,Remove,-9875917,200,15098
client,client_request,completed,1777553788798390,1,,,1777553788782769,1777553788798390,1777553788782769,1777553788798390,,,,client-1-3,Remove,-3444294,200,15621
client,client_request,completed,1777553788815168,1,,,1777553788798499,1777553788815168,1777553788798499,1777553788815168,,,,client-1-3,Insert,-103373,200,16669
client,client_request,completed,1777553788832917,1,,,1777553788815280,1777553788832917,1777553788815280,1777553788832917,,,,client-1-3,Remove,-2645165,200,17637
client,client_request,completed,1777553788849264,1,,,1777553788833008,1777553788849264,1777553788833008,1777553788849264,,,,client-1-3,Remove,13717148,200,16256
client,client_request,completed,1777553788864937,1,,,1777553788849369,1777553788864937,1777553788849369,1777553788864937,,,,client-1-3,Insert,-1887571,200,15568
client,client_request,completed,1777553788881232,1,,,1777553788865030,1777553788881232,1777553788865030,1777553788881232,,,,client-1-3,Insert,5553302,200,16202
client,client_request,completed,1777553788896721,1,,,1777553788881376,1777553788896721,1777553788881376,1777553788896721,,,,client-1-3,Remove,4574977,200,15345
client,client_request,completed,1777553788910959,1,,,1777553788896852,1777553788910959,1777553788896852,1777553788910959,,,,client-1-3,Remove,-4151598,200,14107
client,client_request,completed,1777553788924375,1,,,1777553788911172,1777553788924375,1777553788911172,1777553788924375,,,,client-1-3,Remove,11443364,200,13203
client,client_request,completed,1777553788938068,1,,,1777553788924467,1777553788938068,1777553788924467,1777553788938068,,,,client-1-3,Insert,-13017864,200,13601
client,client_request,completed,1777553788951682,1,,,1777553788938177,1777553788951682,1777553788938177,1777553788951682,,,,client-1-3,Remove,-1718639,200,13505
client,client_request,completed,1777553788965409,1,,,1777553788951908,1777553788965409,1777553788951908,1777553788965409,,,,client-1-3,Insert,-16463394,200,13501
client,client_request,completed,1777553788979382,1,,,1777553788965512,1777553788979382,1777553788965512,1777553788979382,,,,client-1-3,Remove,-13591502,200,13870
client,client_request,completed,1777553788993663,1,,,1777553788979486,1777553788993663,1777553788979486,1777553788993663,,,,client-1-3,Remove,-5368578,200,14177
client,client_request,completed,1777553789007586,1,,,1777553788994009,1777553789007586,1777553788994009,1777553789007586,,,,client-1-3,Remove,4300436,200,13577
client,client_request,completed,1777553789021478,1,,,1777553789007680,1777553789021478,1777553789007680,1777553789021478,,,,client-1-3,Remove,-1693395,200,13798
client,client_request,completed,1777553789035518,1,,,1777553789021578,1777553789035518,1777553789021578,1777553789035518,,,,client-1-3,Remove,-12543368,200,13940
client,client_request,completed,1777553789049780,1,,,1777553789035625,1777553789049780,1777553789035625,1777553789049780,,,,client-1-3,Insert,-14823905,200,14155
client,client_request,completed,1777553789063088,1,,,1777553789050146,1777553789063088,1777553789050146,1777553789063088,,,,client-1-3,Insert,15397602,200,12942
client,client_request,completed,1777553789076826,1,,,1777553789063414,1777553789076826,1777553789063414,1777553789076826,,,,client-1-3,Remove,6468929,200,13412
client,client_request,completed,1777553789090584,1,,,1777553789076929,1777553789090584,1777553789076929,1777553789090584,,,,client-1-3,Insert,4849448,200,13655
client,client_request,completed,1777553789104315,1,,,1777553789090692,1777553789104315,1777553789090692,1777553789104315,,,,client-1-3,Insert,-12850101,200,13623
client,client_request,completed,1777553789118160,1,,,1777553789104437,1777553789118160,1777553789104437,1777553789118160,,,,client-1-3,Remove,10442620,200,13723
client,client_request,completed,1777553789132249,1,,,1777553789118256,1777553789132249,1777553789118256,1777553789132249,,,,client-1-3,Insert,13688073,200,13993
client,client_request,completed,1777553789145681,1,,,1777553789132377,1777553789145681,1777553789132377,1777553789145681,,,,client-1-3,Remove,-5226922,200,13304
client,client_request,completed,1777553789159358,1,,,1777553789145783,1777553789159358,1777553789145783,1777553789159358,,,,client-1-3,Insert,-3084368,200,13575
client,client_request,completed,1777553789172732,1,,,1777553789159464,1777553789172732,1777553789159464,1777553789172732,,,,client-1-3,Remove,-2289854,200,13268
client,client_request,completed,1777553789186351,1,,,1777553789172832,1777553789186351,1777553789172832,1777553789186351,,,,client-1-3,Insert,11562882,200,13519
client,client_request,completed,1777553789199843,1,,,1777553789186456,1777553789199843,1777553789186456,1777553789199843,,,,client-1-3,Remove,15016515,200,13387
client,client_request,completed,1777553789213637,1,,,1777553789199951,1777553789213637,1777553789199951,1777553789213637,,,,client-1-3,Remove,-10264602,200,13686
client,client_request,completed,1777553789227226,1,,,1777553789213963,1777553789227226,1777553789213963,1777553789227226,,,,client-1-3,Insert,6966888,200,13263
client,client_request,completed,1777553789240546,1,,,1777553789227584,1777553789240546,1777553789227584,1777553789240546,,,,client-1-3,Insert,11361514,200,12962
client,client_request,completed,1777553789254208,1,,,1777553789240913,1777553789254208,1777553789240913,1777553789254208,,,,client-1-3,Insert,-4565434,200,13295
client,client_request,completed,1777553789267731,1,,,1777553789254319,1777553789267731,1777553789254319,1777553789267731,,,,client-1-3,Insert,-102123,200,13412
client,client_request,completed,1777553789280653,1,,,1777553789267874,1777553789280653,1777553789267874,1777553789280653,,,,client-1-3,Insert,-9804787,200,12779
client,client_request,completed,1777553789294164,1,,,1777553789280746,1777553789294164,1777553789280746,1777553789294164,,,,client-1-3,Insert,-3472810,200,13418
client,client_request,completed,1777553789307824,1,,,1777553789294260,1777553789307824,1777553789294260,1777553789307824,,,,client-1-3,Remove,-4422576,200,13564
client,client_request,completed,1777553789321183,1,,,1777553789307924,1777553789321183,1777553789307924,1777553789321183,,,,client-1-3,Insert,3891906,200,13259
client,client_request,completed,1777553789334772,1,,,1777553789321279,1777553789334772,1777553789321279,1777553789334772,,,,client-1-3,Remove,-7502588,200,13493
client,client_request,completed,1777553789348862,1,,,1777553789334874,1777553789348862,1777553789334874,1777553789348862,,,,client-1-3,Remove,-6324468,200,13988
client,client_request,completed,1777553789362667,1,,,1777553789348961,1777553789362667,1777553789348961,1777553789362667,,,,client-1-3,Remove,-4399084,200,13706
client,client_request,completed,1777553789376251,1,,,1777553789362765,1777553789376251,1777553789362765,1777553789376251,,,,client-1-3,Insert,308368,200,13486
client,client_request,completed,1777553789389892,1,,,1777553789376350,1777553789389892,1777553789376350,1777553789389892,,,,client-1-3,Remove,-4534772,200,13542
client,client_request,completed,1777553789403536,1,,,1777553789389999,1777553789403536,1777553789389999,1777553789403536,,,,client-1-3,Insert,2142837,200,13537
client,client_request,completed,1777553789416891,1,,,1777553789403643,1777553789416891,1777553789403643,1777553789416891,,,,client-1-3,Remove,7334265,200,13248
client,client_request,completed,1777553789430650,1,,,1777553789417000,1777553789430650,1777553789417000,1777553789430650,,,,client-1-3,Remove,-5945768,200,13650
client,client_request,completed,1777553789444077,1,,,1777553789430774,1777553789444077,1777553789430774,1777553789444077,,,,client-1-3,Insert,4740290,200,13303
client,client_request,completed,1777553789457868,1,,,1777553789444218,1777553789457868,1777553789444218,1777553789457868,,,,client-1-3,Insert,-7649458,200,13650
client,client_request,completed,1777553789471902,1,,,1777553789457975,1777553789471902,1777553789457975,1777553789471902,,,,client-1-3,Remove,-14442957,200,13927
client,client_request,completed,1777553789488506,1,,,1777553789471997,1777553789488506,1777553789471997,1777553789488506,,,,client-1-3,Insert,4409628,200,16509
client,client_request,completed,1777553789504334,1,,,1777553789488857,1777553789504334,1777553789488857,1777553789504334,,,,client-1-3,Remove,14405527,200,15477
client,client_request,completed,1777553789519658,1,,,1777553789504444,1777553789519658,1777553789504444,1777553789519658,,,,client-1-3,Remove,-12923045,200,15214
client,client_request,completed,1777553789534097,1,,,1777553789519856,1777553789534097,1777553789519856,1777553789534097,,,,client-1-3,Insert,-5815189,200,14241
client,client_request,completed,1777553789609426,1,,,1777553789534230,1777553789609426,1777553789534230,1777553789609426,,,,client-1-3,Remove,10726516,200,75196
client,client_request,completed,1777553789641012,1,,,1777553789609645,1777553789641012,1777553789609645,1777553789641012,,,,client-1-3,Insert,13491797,200,31367
client,client_request,completed,1777553789668510,1,,,1777553789641123,1777553789668510,1777553789641123,1777553789668510,,,,client-1-3,Insert,13817959,200,27387
client,client_request,completed,1777553789697013,1,,,1777553789668623,1777553789697013,1777553789668623,1777553789697013,,,,client-1-3,Insert,5091927,200,28390
client,client_request,completed,1777553789725199,1,,,1777553789697115,1777553789725199,1777553789697115,1777553789725199,,,,client-1-3,Remove,16615746,200,28084
client,client_request,completed,1777553789753064,1,,,1777553789725296,1777553789753064,1777553789725296,1777553789753064,,,,client-1-3,Insert,6517925,200,27768
client,client_request,completed,1777553789783413,1,,,1777553789753171,1777553789783413,1777553789753171,1777553789783413,,,,client-1-3,Remove,9149899,200,30242
client,client_request,completed,1777553789814631,1,,,1777553789783508,1777553789814631,1777553789783508,1777553789814631,,,,client-1-3,Remove,1553035,200,31123
client,client_request,completed,1777553789844165,1,,,1777553789814742,1777553789844165,1777553789814742,1777553789844165,,,,client-1-3,Insert,12015349,200,29423
client,client_request,completed,1777553789873706,1,,,1777553789844282,1777553789873706,1777553789844282,1777553789873706,,,,client-1-3,Insert,2244466,200,29424
client,client_request,completed,1777553789903525,1,,,1777553789873806,1777553789903525,1777553789873806,1777553789903525,,,,client-1-3,Insert,-1445582,200,29719
client,client_request,completed,1777553789933077,1,,,1777553789903652,1777553789933077,1777553789903652,1777553789933077,,,,client-1-3,Insert,-1319221,200,29425
client,client_request,completed,1777553789964197,1,,,1777553789933185,1777553789964197,1777553789933185,1777553789964197,,,,client-1-3,Insert,-5661903,200,31012
client,client_request,completed,1777553789993519,1,,,1777553789964304,1777553789993519,1777553789964304,1777553789993519,,,,client-1-3,Insert,16329393,200,29215
client,client_request,completed,1777553790023482,1,,,1777553789993628,1777553790023482,1777553789993628,1777553790023482,,,,client-1-3,Insert,-7405198,200,29854
client,client_request,completed,1777553790053226,1,,,1777553790023588,1777553790053226,1777553790023588,1777553790053226,,,,client-1-3,Remove,12709902,200,29638
client,client_request,completed,1777553790083805,1,,,1777553790053586,1777553790083805,1777553790053586,1777553790083805,,,,client-1-3,Insert,8866237,200,30219
client,client_request,completed,1777553790113608,1,,,1777553790084220,1777553790113608,1777553790084220,1777553790113608,,,,client-1-3,Remove,-15664128,200,29388
client,client_request,completed,1777553790141255,1,,,1777553790113735,1777553790141255,1777553790113735,1777553790141255,,,,client-1-3,Remove,-11859868,200,27520
client,client_request,completed,1777553790171851,1,,,1777553790141355,1777553790171851,1777553790141355,1777553790171851,,,,client-1-3,Insert,-1454483,200,30496
client,client_request,completed,1777553790201319,1,,,1777553790171985,1777553790201319,1777553790171985,1777553790201319,,,,client-1-3,Remove,71111,200,29334
client,client_request,completed,1777553790230212,1,,,1777553790201418,1777553790230212,1777553790201418,1777553790230212,,,,client-1-3,Insert,12609121,200,28794
client,client_request,completed,1777553790261126,1,,,1777553790230321,1777553790261126,1777553790230321,1777553790261126,,,,client-1-3,Insert,16141940,200,30805
client,client_request,completed,1777553790291711,1,,,1777553790261490,1777553790291711,1777553790261490,1777553790291711,,,,client-1-3,Insert,3301051,200,30221
client,client_request,completed,1777553790322900,1,,,1777553790291813,1777553790322900,1777553790291813,1777553790322900,,,,client-1-3,Remove,-2303769,200,31087
client,client_request,completed,1777553790355152,1,,,1777553790323012,1777553790355152,1777553790323012,1777553790355152,,,,client-1-3,Remove,690832,200,32140
client,client_request,completed,1777553790384818,1,,,1777553790355264,1777553790384818,1777553790355264,1777553790384818,,,,client-1-3,Insert,-14332050,200,29554
client,client_request,completed,1777553790415837,1,,,1777553790384927,1777553790415837,1777553790384927,1777553790415837,,,,client-1-3,Insert,-3770485,200,30910
client,client_request,completed,1777553790445808,1,,,1777553790416232,1777553790445808,1777553790416232,1777553790445808,,,,client-1-3,Insert,-11384780,200,29576
client,client_request,completed,1777553790476149,1,,,1777553790446147,1777553790476149,1777553790446147,1777553790476149,,,,client-1-3,Insert,-11309678,200,30002
client,client_request,completed,1777553790508597,1,,,1777553790476269,1777553790508597,1777553790476269,1777553790508597,,,,client-1-3,Insert,15598399,200,32328
client,client_request,completed,1777553790539582,1,,,1777553790508809,1777553790539582,1777553790508809,1777553790539582,,,,client-1-3,Remove,-3782418,200,30773
client,client_request,completed,1777553790634830,1,,,1777553790539950,1777553790634830,1777553790539950,1777553790634830,,,,client-1-3,Remove,-4328052,200,94880
client,client_request,completed,1777553790665001,1,,,1777553790634939,1777553790665001,1777553790634939,1777553790665001,,,,client-1-3,Insert,3906793,200,30062
client,client_request,completed,1777553790694734,1,,,1777553790665108,1777553790694734,1777553790665108,1777553790694734,,,,client-1-3,Remove,7742520,200,29626
client,client_request,completed,1777553790726615,1,,,1777553790694841,1777553790726615,1777553790694841,1777553790726615,,,,client-1-3,Remove,13807513,200,31774
client,client_request,completed,1777553790756991,1,,,1777553790726721,1777553790756991,1777553790726721,1777553790756991,,,,client-1-3,Remove,11263298,200,30270
client,client_request,completed,1777553790786987,1,,,1777553790757096,1777553790786987,1777553790757096,1777553790786987,,,,client-1-3,Remove,6943766,200,29891
client,client_request,completed,1777553790820088,1,,,1777553790787088,1777553790820088,1777553790787088,1777553790820088,,,,client-1-3,Insert,-5836461,200,33000
client,client_request,completed,1777553790850621,1,,,1777553790820217,1777553790850621,1777553790820217,1777553790850621,,,,client-1-3,Insert,6506683,200,30404
client,client_request,completed,1777553790880446,1,,,1777553790850991,1777553790880446,1777553790850991,1777553790880446,,,,client-1-3,Remove,-1042704,200,29455
client,client_request,completed,1777553790912325,1,,,1777553790880810,1777553790912325,1777553790880810,1777553790912325,,,,client-1-3,Insert,13171216,200,31515
client,client_request,completed,1777553790941652,1,,,1777553790912548,1777553790941652,1777553790912548,1777553790941652,,,,client-1-3,Insert,-412925,200,29104
client,client_request,completed,1777553790972858,1,,,1777553790941863,1777553790972858,1777553790941863,1777553790972858,,,,client-1-3,Remove,4302407,200,30995
client,client_request,completed,1777553791005196,1,,,1777553790972990,1777553791005196,1777553790972990,1777553791005196,,,,client-1-3,Insert,8239210,200,32206
client,client_request,completed,1777553791035394,1,,,1777553791005295,1777553791035394,1777553791005295,1777553791035394,,,,client-1-3,Remove,-119446,200,30099
client,client_request,completed,1777553791066756,1,,,1777553791035501,1777553791066756,1777553791035501,1777553791066756,,,,client-1-3,Insert,1800800,200,31255
client,client_request,completed,1777553791097856,1,,,1777553791066972,1777553791097856,1777553791066972,1777553791097856,,,,client-1-3,Insert,-7101502,200,30884
client,client_request,completed,1777553791130449,1,,,1777553791098217,1777553791130449,1777553791098217,1777553791130449,,,,client-1-3,Remove,10647605,200,32232
client,client_request,completed,1777553791160763,1,,,1777553791130558,1777553791160763,1777553791130558,1777553791160763,,,,client-1-3,Insert,6715887,200,30205
client,client_request,completed,1777553791192621,1,,,1777553791160879,1777553791192621,1777553791160879,1777553791192621,,,,client-1-3,Insert,-4088284,200,31742
client,client_request,completed,1777553791223414,1,,,1777553791192730,1777553791223414,1777553791192730,1777553791223414,,,,client-1-3,Remove,6064173,200,30684
client,client_request,completed,1777553791254206,1,,,1777553791223522,1777553791254206,1777553791223522,1777553791254206,,,,client-1-3,Remove,-13345225,200,30684
client,client_request,completed,1777553791286254,1,,,1777553791254457,1777553791286254,1777553791254457,1777553791286254,,,,client-1-3,Remove,-13275309,200,31797
client,client_request,completed,1777553791317048,1,,,1777553791286426,1777553791317048,1777553791286426,1777553791317048,,,,client-1-3,Insert,13183548,200,30622
client,client_request,completed,1777553791349052,1,,,1777553791317184,1777553791349052,1777553791317184,1777553791349052,,,,client-1-3,Insert,-3373415,200,31868
client,client_request,completed,1777553791380253,1,,,1777553791349158,1777553791380253,1777553791349158,1777553791380253,,,,client-1-3,Insert,-308522,200,31095
client,client_request,completed,1777553791411345,1,,,1777553791380467,1777553791411345,1777553791380467,1777553791411345,,,,client-1-3,Insert,-1390086,200,30878
client,client_request,completed,1777553791442126,1,,,1777553791411704,1777553791442126,1777553791411704,1777553791442126,,,,client-1-3,Insert,-12325091,200,30422
client,client_request,completed,1777553791473522,1,,,1777553791442232,1777553791473522,1777553791442232,1777553791473522,,,,client-1-3,Remove,-1707222,200,31290
client,client_request,completed,1777553791504978,1,,,1777553791473663,1777553791504978,1777553791473663,1777553791504978,,,,client-1-3,Remove,-14893203,200,31315
client,client_request,completed,1777553791536268,1,,,1777553791505118,1777553791536268,1777553791505118,1777553791536268,,,,client-1-3,Remove,9136531,200,31150
client,client_request,completed,1777553791632785,1,,,1777553791536450,1777553791632785,1777553791536450,1777553791632785,,,,client-1-3,Insert,3333414,200,96335
client,client_request,completed,1777553791663398,1,,,1777553791632925,1777553791663398,1777553791632925,1777553791663398,,,,client-1-3,Insert,7845528,200,30473
client,client_request,completed,1777553791695049,1,,,1777553791663536,1777553791695049,1777553791663536,1777553791695049,,,,client-1-3,Remove,3242905,200,31513
client,client_request,completed,1777553791727449,1,,,1777553791695156,1777553791727449,1777553791695156,1777553791727449,,,,client-1-3,Remove,-13065794,200,32293
client,client_request,completed,1777553791757957,1,,,1777553791727554,1777553791757957,1777553791727554,1777553791757957,,,,client-1-3,Insert,-8938695,200,30403
client,client_request,completed,1777553791790045,1,,,1777553791758175,1777553791790045,1777553791758175,1777553791790045,,,,client-1-3,Insert,-13977396,200,31870
client,client_request,completed,1777553791821678,1,,,1777553791790146,1777553791821678,1777553791790146,1777553791821678,,,,client-1-3,Remove,7969627,200,31532
client,client_request,completed,1777553791854403,1,,,1777553791821794,1777553791854403,1777553791821794,1777553791854403,,,,client-1-3,Insert,15520560,200,32609
client,client_request,completed,1777553791886759,1,,,1777553791854537,1777553791886759,1777553791854537,1777553791886759,,,,client-1-3,Remove,1642873,200,32222
client,client_request,completed,1777553791919151,1,,,1777553791886867,1777553791919151,1777553791886867,1777553791919151,,,,client-1-3,Insert,-8912764,200,32284
client,client_request,completed,1777553791950915,1,,,1777553791919289,1777553791950915,1777553791919289,1777553791950915,,,,client-1-3,Insert,-6936827,200,31626
client,client_request,completed,1777553791983903,1,,,1777553791951025,1777553791983903,1777553791951025,1777553791983903,,,,client-1-3,Insert,5138729,200,32878
client,client_request,completed,1777553792015504,1,,,1777553791984007,1777553792015504,1777553791984007,1777553792015504,,,,client-1-3,Insert,-3121392,200,31497
client,client_request,completed,1777553792047597,1,,,1777553792015609,1777553792047597,1777553792015609,1777553792047597,,,,client-1-3,Remove,14055735,200,31988
client,client_request,completed,1777553792080679,1,,,1777553792047702,1777553792080679,1777553792047702,1777553792080679,,,,client-1-3,Remove,13697560,200,32977
client,client_request,completed,1777553792111139,1,,,1777553792080783,1777553792111139,1777553792080783,1777553792111139,,,,client-1-3,Insert,-2726093,200,30356
client,client_request,completed,1777553792142428,1,,,1777553792111243,1777553792142428,1777553792111243,1777553792142428,,,,client-1-3,Insert,12612839,200,31185
client,client_request,completed,1777553792173049,1,,,1777553792142536,1777553792173049,1777553792142536,1777553792173049,,,,client-1-3,Remove,-1895021,200,30513
client,client_request,completed,1777553792206936,1,,,1777553792173422,1777553792206936,1777553792173422,1777553792206936,,,,client-1-3,Remove,-7483150,200,33514
client,client_request,completed,1777553792237890,1,,,1777553792207043,1777553792237890,1777553792207043,1777553792237890,,,,client-1-3,Insert,-11700044,200,30847
client,client_request,completed,1777553792269769,1,,,1777553792238019,1777553792269769,1777553792238019,1777553792269769,,,,client-1-3,Remove,-12874892,200,31750
client,client_request,completed,1777553792303340,1,,,1777553792270136,1777553792303340,1777553792270136,1777553792303340,,,,client-1-3,Insert,7668946,200,33204
client,client_request,completed,1777553792334739,1,,,1777553792303447,1777553792334739,1777553792303447,1777553792334739,,,,client-1-3,Insert,-6417565,200,31292
client,client_request,completed,1777553792366718,1,,,1777553792334843,1777553792366718,1777553792334843,1777553792366718,,,,client-1-3,Remove,9845564,200,31875
client,client_request,completed,1777553792398685,1,,,1777553792367068,1777553792398685,1777553792367068,1777553792398685,,,,client-1-3,Insert,1320514,200,31617
client,client_request,completed,1777553792428823,1,,,1777553792399041,1777553792428823,1777553792399041,1777553792428823,,,,client-1-3,Insert,8690306,200,29782
client,client_request,completed,1777553792461451,1,,,1777553792428922,1777553792461451,1777553792428922,1777553792461451,,,,client-1-3,Insert,11953910,200,32529
client,client_request,completed,1777553792494838,1,,,1777553792461555,1777553792494838,1777553792461555,1777553792494838,,,,client-1-3,Insert,16547181,200,33283
client,client_request,completed,1777553792524699,1,,,1777553792494947,1777553792524699,1777553792494947,1777553792524699,,,,client-1-3,Insert,-8025343,200,29752
client,client_request,completed,1777553792616140,1,,,1777553792524805,1777553792616140,1777553792524805,1777553792616140,,,,client-1-3,Remove,12434727,200,91335
client,client_request,completed,1777553792632208,1,,,1777553792616375,1777553792632208,1777553792616375,1777553792632208,,,,client-1-3,Remove,-7733659,200,15833
client,client_request,completed,1777553792648677,1,,,1777553792632304,1777553792648677,1777553792632304,1777553792648677,,,,client-1-3,Insert,-1888780,200,16373
client,client_request,completed,1777553792664112,1,,,1777553792649049,1777553792664112,1777553792649049,1777553792664112,,,,client-1-3,Remove,-16136559,200,15063
client,client_request,completed,1777553792679494,1,,,1777553792664237,1777553792679494,1777553792664237,1777553792679494,,,,client-1-3,Remove,13747516,200,15257
client,client_request,completed,1777553792694971,1,,,1777553792679583,1777553792694971,1777553792679583,1777553792694971,,,,client-1-3,Insert,350818,200,15388
client,client_request,completed,1777553792709896,1,,,1777553792695099,1777553792709896,1777553792695099,1777553792709896,,,,client-1-3,Remove,4086606,200,14797
client,client_request,completed,1777553792725526,1,,,1777553792709992,1777553792725526,1777553792709992,1777553792725526,,,,client-1-3,Insert,5584240,200,15534
client,client_request,completed,1777553792742266,1,,,1777553792725898,1777553792742266,1777553792725898,1777553792742266,,,,client-1-3,Insert,-11328482,200,16368
client,client_request,completed,1777553792757900,1,,,1777553792742371,1777553792757900,1777553792742371,1777553792757900,,,,client-1-3,Remove,9328507,200,15529
client,client_request,completed,1777553792773616,1,,,1777553792757990,1777553792773616,1777553792757990,1777553792773616,,,,client-1-3,Insert,3136701,200,15626
client,client_request,completed,1777553792788930,1,,,1777553792773708,1777553792788930,1777553792773708,1777553792788930,,,,client-1-3,Remove,13104184,200,15222
client,client_request,completed,1777553792805167,1,,,1777553792789023,1777553792805167,1777553792789023,1777553792805167,,,,client-1-3,Remove,-13187359,200,16144
client,client_request,completed,1777553792821235,1,,,1777553792805259,1777553792821235,1777553792805259,1777553792821235,,,,client-1-3,Insert,-4492323,200,15976
client,client_request,completed,1777553792837578,1,,,1777553792821326,1777553792837578,1777553792821326,1777553792837578,,,,client-1-3,Remove,12785727,200,16252
client,client_request,completed,1777553792857576,1,,,1777553792837671,1777553792857576,1777553792837671,1777553792857576,,,,client-1-3,Insert,6236008,200,19905
client,client_request,completed,1777553792874504,1,,,1777553792857783,1777553792874504,1777553792857783,1777553792874504,,,,client-1-3,Remove,-3209226,200,16721
client,client_request,completed,1777553792891855,1,,,1777553792874597,1777553792891855,1777553792874597,1777553792891855,,,,client-1-3,Remove,-13654964,200,17258
client,client_request,completed,1777553792910819,1,,,1777553792891949,1777553792910819,1777553792891949,1777553792910819,,,,client-1-3,Remove,-8268056,200,18870
client,client_request,completed,1777553792931096,1,,,1777553792910918,1777553792931096,1777553792910918,1777553792931096,,,,client-1-3,Insert,-3938220,200,20178
client,client_request,completed,1777553792949969,1,,,1777553792931242,1777553792949969,1777553792931242,1777553792949969,,,,client-1-3,Insert,3843402,200,18727
client,client_request,completed,1777553792968725,1,,,1777553792950107,1777553792968725,1777553792950107,1777553792968725,,,,client-1-3,Insert,-14318115,200,18618
client,client_request,completed,1777553792987613,1,,,1777553792968835,1777553792987613,1777553792968835,1777553792987613,,,,client-1-3,Remove,-13918449,200,18778
client,client_request,completed,1777553793008597,1,,,1777553792987721,1777553793008597,1777553792987721,1777553793008597,,,,client-1-3,Insert,-13411125,200,20876
client,client_request,completed,1777553793030042,1,,,1777553793008710,1777553793030042,1777553793008710,1777553793030042,,,,client-1-3,Insert,16005290,200,21332
client,client_request,completed,1777553793050571,1,,,1777553793030176,1777553793050571,1777553793030176,1777553793050571,,,,client-1-3,Insert,-11884725,200,20395
client,client_request,completed,1777553793069006,1,,,1777553793050673,1777553793069006,1777553793050673,1777553793069006,,,,client-1-3,Remove,14289043,200,18333
client,client_request,completed,1777553793088273,1,,,1777553793069105,1777553793088273,1777553793069105,1777553793088273,,,,client-1-3,Insert,16011027,200,19168
client,client_request,completed,1777553793106772,1,,,1777553793088373,1777553793106772,1777553793088373,1777553793106772,,,,client-1-3,Remove,-14966360,200,18399
client,client_request,completed,1777553793125881,1,,,1777553793107141,1777553793125881,1777553793107141,1777553793125881,,,,client-1-3,Remove,-13501697,200,18740
client,client_request,completed,1777553793143677,1,,,1777553793125989,1777553793143677,1777553793125989,1777553793143677,,,,client-1-3,Remove,3471570,200,17688
client,client_request,completed,1777553793163607,1,,,1777553793143782,1777553793163607,1777553793143782,1777553793163607,,,,client-1-3,Insert,3974019,200,19825
client,client_request,completed,1777553793182514,1,,,1777553793164317,1777553793182514,1777553793164317,1777553793182514,,,,client-1-3,Remove,-5648996,200,18197
client,client_request,completed,1777553793202778,1,,,1777553793182849,1777553793202778,1777553793182849,1777553793202778,,,,client-1-3,Insert,-10915425,200,19929
client,client_request,completed,1777553793222920,1,,,1777553793202909,1777553793222920,1777553793202909,1777553793222920,,,,client-1-3,Remove,-16332231,200,20011
client,client_request,completed,1777553793242208,1,,,1777553793223022,1777553793242208,1777553793223022,1777553793242208,,,,client-1-3,Remove,1025861,200,19186
client,client_request,completed,1777553793261309,1,,,1777553793242315,1777553793261309,1777553793242315,1777553793261309,,,,client-1-3,Insert,-3979553,200,18994
client,client_request,completed,1777553793281468,1,,,1777553793261418,1777553793281468,1777553793261418,1777553793281468,,,,client-1-3,Remove,10357726,200,20050
client,client_request,completed,1777553793300441,1,,,1777553793281679,1777553793300441,1777553793281679,1777553793300441,,,,client-1-3,Remove,11783278,200,18762
client,client_request,completed,1777553793320610,1,,,1777553793300548,1777553793320610,1777553793300548,1777553793320610,,,,client-1-3,Insert,11622938,200,20062
client,client_request,completed,1777553793338961,1,,,1777553793320823,1777553793338961,1777553793320823,1777553793338961,,,,client-1-3,Insert,15947725,200,18138
client,client_request,completed,1777553793357670,1,,,1777553793339068,1777553793357670,1777553793339068,1777553793357670,,,,client-1-3,Insert,13310285,200,18602
client,client_request,completed,1777553793376372,1,,,1777553793357771,1777553793376372,1777553793357771,1777553793376372,,,,client-1-3,Remove,-16374422,200,18601
client,client_request,completed,1777553793396160,1,,,1777553793376743,1777553793396160,1777553793376743,1777553793396160,,,,client-1-3,Insert,-16483724,200,19417
client,client_request,completed,1777553793414501,1,,,1777553793396308,1777553793414501,1777553793396308,1777553793414501,,,,client-1-3,Remove,-10260863,200,18193
client,client_request,completed,1777553793434227,1,,,1777553793414546,1777553793434227,1777553793414546,1777553793434227,,,,client-1-3,Remove,13275980,200,19681
client,client_request,completed,1777553793452529,1,,,1777553793434296,1777553793452529,1777553793434296,1777553793452529,,,,client-1-3,Insert,-13658452,200,18233
client,client_request,completed,1777553793471778,1,,,1777553793452633,1777553793471778,1777553793452633,1777553793471778,,,,client-1-3,Remove,-11973216,200,19145
client,client_request,completed,1777553793493456,1,,,1777553793471839,1777553793493456,1777553793471839,1777553793493456,,,,client-1-3,Remove,-4189901,200,21617
client,client_request,completed,1777553793512569,1,,,1777553793493530,1777553793512569,1777553793493530,1777553793512569,,,,client-1-3,Remove,16026810,200,19039
client,client_request,completed,1777553793532287,1,,,1777553793512669,1777553793532287,1777553793512669,1777553793532287,,,,client-1-3,Remove,-5425824,200,19618
client,client_request,completed,1777553793613387,1,,,1777553793532393,1777553793613387,1777553793532393,1777553793613387,,,,client-1-3,Insert,13459898,200,80994
client,client_request,completed,1777553793631650,1,,,1777553793613490,1777553793631650,1777553793613490,1777553793631650,,,,client-1-3,Insert,3658050,200,18160
client,client_request,completed,1777553793650723,1,,,1777553793631748,1777553793650723,1777553793631748,1777553793650723,,,,client-1-3,Remove,7168583,200,18975
client,client_request,completed,1777553793668860,1,,,1777553793651092,1777553793668860,1777553793651092,1777553793668860,,,,client-1-3,Insert,1682115,200,17768
client,client_request,completed,1777553793687595,1,,,1777553793669233,1777553793687595,1777553793669233,1777553793687595,,,,client-1-3,Remove,16528127,200,18362
client,client_request,completed,1777553793705731,1,,,1777553793687698,1777553793705731,1777553793687698,1777553793705731,,,,client-1-3,Remove,-624051,200,18033
client,client_request,completed,1777553793723872,1,,,1777553793705832,1777553793723872,1777553793705832,1777553793723872,,,,client-1-3,Insert,15660573,200,18040
client,client_request,completed,1777553793742075,1,,,1777553793723975,1777553793742075,1777553793723975,1777553793742075,,,,client-1-3,Remove,-7191030,200,18100
client,client_request,completed,1777553793761121,1,,,1777553793742173,1777553793761121,1777553793742173,1777553793761121,,,,client-1-3,Insert,-332920,200,18948
client,client_request,completed,1777553793779349,1,,,1777553793761491,1777553793779349,1777553793761491,1777553793779349,,,,client-1-3,Remove,-5121862,200,17858
client,client_request,completed,1777553793798836,1,,,1777553793779448,1777553793798836,1777553793779448,1777553793798836,,,,client-1-3,Remove,-137565,200,19388
client,client_request,completed,1777553793817030,1,,,1777553793798935,1777553793817030,1777553793798935,1777553793817030,,,,client-1-3,Remove,2498626,200,18095
client,client_request,completed,1777553793835790,1,,,1777553793817128,1777553793835790,1777553793817128,1777553793835790,,,,client-1-3,Insert,-15918900,200,18662
client,client_request,completed,1777553793856155,1,,,1777553793835890,1777553793856155,1777553793835890,1777553793856155,,,,client-1-3,Remove,3138132,200,20265
client,client_request,completed,1777553793875162,1,,,1777553793856280,1777553793875162,1777553793856280,1777553793875162,,,,client-1-3,Insert,11116164,200,18882
client,client_request,completed,1777553793894927,1,,,1777553793875264,1777553793894927,1777553793875264,1777553793894927,,,,client-1-3,Remove,-14894040,200,19663
client,client_request,completed,1777553793912976,1,,,1777553793895136,1777553793912976,1777553793895136,1777553793912976,,,,client-1-3,Remove,387003,200,17840
client,client_request,completed,1777553793931009,1,,,1777553793913186,1777553793931009,1777553793913186,1777553793931009,,,,client-1-3,Remove,-11261545,200,17823
client,client_request,completed,1777553793950210,1,,,1777553793931111,1777553793950210,1777553793931111,1777553793950210,,,,client-1-3,Insert,-14176009,200,19099
client,client_request,completed,1777553793968390,1,,,1777553793950315,1777553793968390,1777553793950315,1777553793968390,,,,client-1-3,Insert,2358486,200,18075
client,client_request,completed,1777553793988140,1,,,1777553793968488,1777553793988140,1777553793968488,1777553793988140,,,,client-1-3,Insert,14794176,200,19652
client,client_request,completed,1777553794006627,1,,,1777553793988286,1777553794006627,1777553793988286,1777553794006627,,,,client-1-3,Insert,14664892,200,18341
client,client_request,completed,1777553794025488,1,,,1777553794006728,1777553794025488,1777553794006728,1777553794025488,,,,client-1-3,Remove,-15218673,200,18760
client,client_request,completed,1777553794044153,1,,,1777553794025590,1777553794044153,1777553794025590,1777553794044153,,,,client-1-3,Insert,-8896614,200,18563
client,client_request,completed,1777553794318108,1,,,1777553794044273,1777553794318108,1777553794044273,1777553794318108,,,,client-1-3,Insert,6650867,200,273835
client,client_request,completed,1777553794329983,1,,,1777553794318211,1777553794329983,1777553794318211,1777553794329983,,,,client-1-3,Remove,15032753,200,11772
client,client_request,completed,1777553794341421,1,,,1777553794330081,1777553794341421,1777553794330081,1777553794341421,,,,client-1-3,Insert,10418298,200,11340
client,client_request,completed,1777553794353212,1,,,1777553794341522,1777553794353212,1777553794341522,1777553794353212,,,,client-1-3,Remove,-2936693,200,11690
client,client_request,completed,1777553794364874,1,,,1777553794353584,1777553794364874,1777553794353584,1777553794364874,,,,client-1-3,Insert,10099799,200,11290
client,client_request,completed,1777553794375926,1,,,1777553794364999,1777553794375926,1777553794364999,1777553794375926,,,,client-1-3,Insert,-1413756,200,10927
client,client_request,completed,1777553794387555,1,,,1777553794376025,1777553794387555,1777553794376025,1777553794387555,,,,client-1-3,Insert,-9843198,200,11530
client,client_request,completed,1777553794398998,1,,,1777553794387707,1777553794398998,1777553794387707,1777553794398998,,,,client-1-3,Remove,13761922,200,11291
client,client_request,completed,1777553794410968,1,,,1777553794399096,1777553794410968,1777553794399096,1777553794410968,,,,client-1-3,Insert,-10062332,200,11872
client,client_request,completed,1777553794422400,1,,,1777553794411177,1777553794422400,1777553794411177,1777553794422400,,,,client-1-3,Remove,-1632944,200,11223
client,client_request,completed,1777553794434079,1,,,1777553794422756,1777553794434079,1777553794422756,1777553794434079,,,,client-1-3,Insert,-10180892,200,11323
client,client_request,completed,1777553794445489,1,,,1777553794434180,1777553794445489,1777553794434180,1777553794445489,,,,client-1-3,Remove,-12170642,200,11309
client,client_request,completed,1777553794456883,1,,,1777553794445605,1777553794456883,1777553794445605,1777553794456883,,,,client-1-3,Insert,16276843,200,11278
client,client_request,completed,1777553794468874,1,,,1777553794456985,1777553794468874,1777553794456985,1777553794468874,,,,client-1-3,Insert,12074925,200,11889
client,client_request,completed,1777553794480447,1,,,1777553794468982,1777553794480447,1777553794468982,1777553794480447,,,,client-1-3,Insert,-16412344,200,11465
client,client_request,completed,1777553794491854,1,,,1777553794480630,1777553794491854,1777553794480630,1777553794491854,,,,client-1-3,Insert,-2740522,200,11224
client,client_request,completed,1777553794503501,1,,,1777553794491952,1777553794503501,1777553794491952,1777553794503501,,,,client-1-3,Insert,-16744553,200,11549
client,client_request,completed,1777553794515377,1,,,1777553794503598,1777553794515377,1777553794503598,1777553794515377,,,,client-1-3,Insert,12067671,200,11779
client,client_request,completed,1777553794526827,1,,,1777553794515578,1777553794526827,1777553794515578,1777553794526827,,,,client-1-3,Insert,-14148834,200,11249
client,client_request,completed,1777553794538358,1,,,1777553794526929,1777553794538358,1777553794526929,1777553794538358,,,,client-1-3,Insert,-3392765,200,11429
client,client_request,completed,1777553794611265,1,,,1777553794538457,1777553794611265,1777553794538457,1777553794611265,,,,client-1-3,Remove,16763447,200,72808
client,client_request,completed,1777553794624121,1,,,1777553794611362,1777553794624121,1777553794611362,1777553794624121,,,,client-1-3,Insert,-4600147,200,12759
client,client_request,completed,1777553794635853,1,,,1777553794624254,1777553794635853,1777553794624254,1777553794635853,,,,client-1-3,Remove,16106477,200,11599
client,client_request,completed,1777553794647791,1,,,1777553794635950,1777553794647791,1777553794635950,1777553794647791,,,,client-1-3,Insert,-8216569,200,11841
client,client_request,completed,1777553794659109,1,,,1777553794648150,1777553794659109,1777553794648150,1777553794659109,,,,client-1-3,Insert,-1083948,200,10959
client,client_request,completed,1777553794670776,1,,,1777553794659235,1777553794670776,1777553794659235,1777553794670776,,,,client-1-3,Insert,-9416882,200,11541
client,client_request,completed,1777553794682385,1,,,1777553794670875,1777553794682385,1777553794670875,1777553794682385,,,,client-1-3,Remove,4239970,200,11510
client,client_request,completed,1777553794693969,1,,,1777553794682483,1777553794693969,1777553794682483,1777553794693969,,,,client-1-3,Remove,-4720334,200,11486
client,client_request,completed,1777553794705654,1,,,1777553794694067,1777553794705654,1777553794694067,1777553794705654,,,,client-1-3,Insert,12573204,200,11587
client,client_request,completed,1777553794717181,1,,,1777553794705778,1777553794717181,1777553794705778,1777553794717181,,,,client-1-3,Remove,3778640,200,11403
client,client_request,completed,1777553794728604,1,,,1777553794717386,1777553794728604,1777553794717386,1777553794728604,,,,client-1-3,Insert,3029342,200,11218
client,client_request,completed,1777553794740452,1,,,1777553794728696,1777553794740452,1777553794728696,1777553794740452,,,,client-1-3,Insert,-9947373,200,11756
client,client_request,completed,1777553794752325,1,,,1777553794740548,1777553794752325,1777553794740548,1777553794752325,,,,client-1-3,Insert,4419127,200,11777
client,client_request,completed,1777553794763802,1,,,1777553794752701,1777553794763802,1777553794752701,1777553794763802,,,,client-1-3,Remove,9731628,200,11101
client,client_request,completed,1777553794775807,1,,,1777553794763914,1777553794775807,1777553794763914,1777553794775807,,,,client-1-3,Remove,9477177,200,11893
client,client_request,completed,1777553794787657,1,,,1777553794775904,1777553794787657,1777553794775904,1777553794787657,,,,client-1-3,Remove,7488698,200,11753
client,client_request,completed,1777553794799452,1,,,1777553794787767,1777553794799452,1777553794787767,1777553794799452,,,,client-1-3,Insert,-5646470,200,11685
client,client_request,completed,1777553794811110,1,,,1777553794799547,1777553794811110,1777553794799547,1777553794811110,,,,client-1-3,Insert,12337159,200,11563
client,client_request,completed,1777553794822649,1,,,1777553794811207,1777553794822649,1777553794811207,1777553794822649,,,,client-1-3,Insert,-10249687,200,11442
client,client_request,completed,1777553794834689,1,,,1777553794822745,1777553794834689,1777553794822745,1777553794834689,,,,client-1-3,Insert,-6471685,200,11944
client,client_request,completed,1777553794847032,1,,,1777553794834785,1777553794847032,1777553794834785,1777553794847032,,,,client-1-3,Insert,2394058,200,12247
client,client_request,completed,1777553794858869,1,,,1777553794847131,1777553794858869,1777553794847131,1777553794858869,,,,client-1-3,Insert,-1158380,200,11738
client,client_request,completed,1777553794870620,1,,,1777553794859235,1777553794870620,1777553794859235,1777553794870620,,,,client-1-3,Remove,8134087,200,11385
client,client_request,completed,1777553794882223,1,,,1777553794870722,1777553794882223,1777553794870722,1777553794882223,,,,client-1-3,Remove,10181923,200,11501
client,client_request,completed,1777553794893982,1,,,1777553794882320,1777553794893982,1777553794882320,1777553794893982,,,,client-1-3,Remove,-12138092,200,11662
client,client_request,completed,1777553794905636,1,,,1777553794894080,1777553794905636,1777553794894080,1777553794905636,,,,client-1-3,Remove,-11020460,200,11556
client,client_request,completed,1777553794917178,1,,,1777553794906004,1777553794917178,1777553794906004,1777553794917178,,,,client-1-3,Insert,-7415743,200,11174
client,client_request,completed,1777553794928881,1,,,1777553794917276,1777553794928881,1777553794917276,1777553794928881,,,,client-1-3,Remove,-10885518,200,11605
client,client_request,completed,1777553794941865,1,,,1777553794928979,1777553794941865,1777553794928979,1777553794941865,,,,client-1-3,Remove,550052,200,12886
client,client_request,completed,1777553794953493,1,,,1777553794942236,1777553794953493,1777553794942236,1777553794953493,,,,client-1-3,Insert,-3832979,200,11257
client,client_request,completed,1777553794965254,1,,,1777553794953589,1777553794965254,1777553794953589,1777553794965254,,,,client-1-3,Remove,5494169,200,11665
client,client_request,completed,1777553794977563,1,,,1777553794965351,1777553794977563,1777553794965351,1777553794977563,,,,client-1-3,Insert,15347337,200,12212
client,client_request,completed,1777553794989520,1,,,1777553794977659,1777553794989520,1777553794977659,1777553794989520,,,,client-1-3,Remove,7217008,200,11861
client,client_request,completed,1777553795001379,1,,,1777553794989619,1777553795001379,1777553794989619,1777553795001379,,,,client-1-3,Remove,14406548,200,11760
client,client_request,completed,1777553795013805,1,,,1777553795001475,1777553795013805,1777553795001475,1777553795013805,,,,client-1-3,Insert,-12688018,200,12330
client,client_request,completed,1777553795027373,1,,,1777553795013923,1777553795027373,1777553795013923,1777553795027373,,,,client-1-3,Remove,-5898422,200,13450
client,client_request,completed,1777553795040892,1,,,1777553795027719,1777553795040892,1777553795027719,1777553795040892,,,,client-1-3,Insert,14675865,200,13173
client,client_request,completed,1777553795052888,1,,,1777553795041003,1777553795052888,1777553795041003,1777553795052888,,,,client-1-3,Insert,-7785827,200,11885
client,client_request,completed,1777553795066055,1,,,1777553795053623,1777553795066055,1777553795053623,1777553795066055,,,,client-1-3,Insert,-2665906,200,12432
client,client_request,completed,1777553795079054,1,,,1777553795066125,1777553795079054,1777553795066125,1777553795079054,,,,client-1-3,Remove,14056361,200,12929
client,client_request,completed,1777553795091286,1,,,1777553795079184,1777553795091286,1777553795079184,1777553795091286,,,,client-1-3,Insert,-14388076,200,12102
client,client_request,completed,1777553795104273,1,,,1777553795091700,1777553795104273,1777553795091700,1777553795104273,,,,client-1-3,Remove,8808011,200,12573
client,client_request,completed,1777553795117241,1,,,1777553795105305,1777553795117241,1777553795105305,1777553795117241,,,,client-1-3,Remove,-13799353,200,11936
client,client_request,completed,1777553795134759,1,,,1777553795117348,1777553795134759,1777553795117348,1777553795134759,,,,client-1-3,Remove,13813024,200,17411
client,client_request,completed,1777553795150884,1,,,1777553795136922,1777553795150884,1777553795136922,1777553795150884,,,,client-1-3,Insert,12577158,200,13962
client,client_request,completed,1777553795165241,1,,,1777553795152545,1777553795165241,1777553795152545,1777553795165241,,,,client-1-3,Insert,702277,200,12696
client,client_request,completed,1777553795176868,1,,,1777553795165798,1777553795176868,1777553795165798,1777553795176868,,,,client-1-3,Insert,-8025515,200,11070
client,client_request,completed,1777553795189668,1,,,1777553795177097,1777553795189668,1777553795177097,1777553795189668,,,,client-1-3,Insert,-14239251,200,12571
client,client_request,completed,1777553795205142,1,,,1777553795190184,1777553795205142,1777553795190184,1777553795205142,,,,client-1-3,Remove,-12855977,200,14958
client,client_request,completed,1777553795220739,1,,,1777553795207442,1777553795220739,1777553795207442,1777553795220739,,,,client-1-3,Insert,-6043988,200,13297
client,client_request,completed,1777553795238854,1,,,1777553795222972,1777553795238854,1777553795222972,1777553795238854,,,,client-1-3,Insert,15368148,200,15882
client,client_request,completed,1777553795252665,1,,,1777553795238978,1777553795252665,1777553795238978,1777553795252665,,,,client-1-3,Remove,-7739745,200,13687
client,client_request,completed,1777553795266314,1,,,1777553795253546,1777553795266314,1777553795253546,1777553795266314,,,,client-1-3,Insert,-11746874,200,12768
client,client_request,completed,1777553795278759,1,,,1777553795267062,1777553795278759,1777553795267062,1777553795278759,,,,client-1-3,Remove,-15012375,200,11697
client,client_request,completed,1777553795296610,1,,,1777553795279275,1777553795296610,1777553795279275,1777553795296610,,,,client-1-3,Remove,980861,200,17335
client,client_request,completed,1777553795311777,1,,,1777553795296846,1777553795311777,1777553795296846,1777553795311777,,,,client-1-3,Insert,-15106264,200,14931
client,client_request,completed,1777553795323946,1,,,1777553795312075,1777553795323946,1777553795312075,1777553795323946,,,,client-1-3,Remove,-10501528,200,11871
client,client_request,completed,1777553795336406,1,,,1777553795325497,1777553795336406,1777553795325497,1777553795336406,,,,client-1-3,Insert,-15567203,200,10909
client,client_request,completed,1777553795348371,1,,,1777553795336723,1777553795348371,1777553795336723,1777553795348371,,,,client-1-3,Insert,-11871690,200,11648
client,client_request,completed,1777553795363415,1,,,1777553795349147,1777553795363415,1777553795349147,1777553795363415,,,,client-1-3,Remove,-14759109,200,14268
client,client_request,completed,1777553795383615,1,,,1777553795364098,1777553795383615,1777553795364098,1777553795383615,,,,client-1-3,Remove,8789654,200,19517
client,client_request,completed,1777553795397076,1,,,1777553795383723,1777553795397076,1777553795383723,1777553795397076,,,,client-1-3,Insert,12230383,200,13353
client,client_request,completed,1777553795409153,1,,,1777553795397735,1777553795409153,1777553795397735,1777553795409153,,,,client-1-3,Remove,-11939406,200,11418
client,client_request,completed,1777553795423985,1,,,1777553795409853,1777553795423985,1777553795409853,1777553795423985,,,,client-1-3,Insert,7393089,200,14132
client,client_request,completed,1777553795436730,1,,,1777553795424093,1777553795436730,1777553795424093,1777553795436730,,,,client-1-3,Remove,-7912745,200,12637
client,client_request,completed,1777553795449921,1,,,1777553795436857,1777553795449921,1777553795436857,1777553795449921,,,,client-1-3,Insert,3074631,200,13064
client,client_request,completed,1777553795461821,1,,,1777553795450687,1777553795461821,1777553795450687,1777553795461821,,,,client-1-3,Remove,13783825,200,11134
client,client_request,completed,1777553795473606,1,,,1777553795461951,1777553795473606,1777553795461951,1777553795473606,,,,client-1-3,Insert,-6272367,200,11655
client,client_request,completed,1777553795486506,1,,,1777553795475037,1777553795486506,1777553795475037,1777553795486506,,,,client-1-3,Insert,1993719,200,11469
client,client_request,completed,1777553795496149,1,,,1777553795487227,1777553795496149,1777553795487227,1777553795496149,,,,client-1-3,Remove,-1811654,200,8922
client,client_request,completed,1777553795507718,1,,,1777553795496872,1777553795507718,1777553795496872,1777553795507718,,,,client-1-3,Insert,-5429582,200,10846
client,client_request,completed,1777553795521792,1,,,1777553795508159,1777553795521792,1777553795508159,1777553795521792,,,,client-1-3,Insert,-7218673,200,13633
client,client_request,completed,1777553795533183,1,,,1777553795522207,1777553795533183,1777553795522207,1777553795533183,,,,client-1-3,Remove,14794530,200,10976
client,client_request,completed,1777553795599439,1,,,1777553795533292,1777553795599439,1777553795533292,1777553795599439,,,,client-1-3,Insert,1481816,200,66147
client,client_request,completed,1777553795617348,1,,,1777553795599650,1777553795617348,1777553795599650,1777553795617348,,,,client-1-3,Remove,1750788,200,17698
client,client_request,completed,1777553795630684,1,,,1777553795617463,1777553795630684,1777553795617463,1777553795630684,,,,client-1-3,Remove,-6728277,200,13221
client,client_request,completed,1777553795642154,1,,,1777553795630790,1777553795642154,1777553795630790,1777553795642154,,,,client-1-3,Remove,-10640755,200,11364
client,client_request,completed,1777553795656171,1,,,1777553795642394,1777553795656171,1777553795642394,1777553795656171,,,,client-1-3,Insert,-8341550,200,13777
client,client_request,completed,1777553795665837,1,,,1777553795656294,1777553795665837,1777553795656294,1777553795665837,,,,client-1-3,Remove,-12129385,200,9543
client,client_request,completed,1777553795677412,1,,,1777553795666736,1777553795677412,1777553795666736,1777553795677412,,,,client-1-3,Remove,-5702283,200,10676
client,client_request,completed,1777553795689928,1,,,1777553795678043,1777553795689928,1777553795678043,1777553795689928,,,,client-1-3,Insert,-4220832,200,11885
client,client_request,completed,1777553795704734,1,,,1777553795690664,1777553795704734,1777553795690664,1777553795704734,,,,client-1-3,Remove,-12436708,200,14070
client,client_request,completed,1777553795712011,1,,,1777553795704838,1777553795712011,1777553795704838,1777553795712011,,,,client-1-3,Insert,4571238,200,7173
client,client_request,completed,1777553795724057,1,,,1777553795712148,1777553795724057,1777553795712148,1777553795724057,,,,client-1-3,Insert,-3538790,200,11909
client,client_request,completed,1777553795735624,1,,,1777553795724262,1777553795735624,1777553795724262,1777553795735624,,,,client-1-3,Remove,5785520,200,11362
client,client_request,completed,1777553795749001,1,,,1777553795736286,1777553795749001,1777553795736286,1777553795749001,,,,client-1-3,Remove,473479,200,12715
client,client_request,completed,1777553795762305,1,,,1777553795749335,1777553795762305,1777553795749335,1777553795762305,,,,client-1-3,Insert,6457837,200,12970
client,client_request,completed,1777553795774250,1,,,1777553795762810,1777553795774250,1777553795762810,1777553795774250,,,,client-1-3,Insert,16419319,200,11440
client,client_request,completed,1777553795786119,1,,,1777553795774346,1777553795786119,1777553795774346,1777553795786119,,,,client-1-3,Insert,2201683,200,11773
client,client_request,completed,1777553795798037,1,,,1777553795786216,1777553795798037,1777553795786216,1777553795798037,,,,client-1-3,Insert,-559158,200,11821
client,client_request,completed,1777553795810020,1,,,1777553795798133,1777553795810020,1777553795798133,1777553795810020,,,,client-1-3,Remove,-6246960,200,11887
client,client_request,completed,1777553795822036,1,,,1777553795810117,1777553795822036,1777553795810117,1777553795822036,,,,client-1-3,Remove,-16667192,200,11919
client,client_request,completed,1777553795834060,1,,,1777553795822133,1777553795834060,1777553795822133,1777553795834060,,,,client-1-3,Insert,4680633,200,11927
client,client_request,completed,1777553795846905,1,,,1777553795834188,1777553795846905,1777553795834188,1777553795846905,,,,client-1-3,Insert,-11832658,200,12717
client,client_request,completed,1777553795860391,1,,,1777553795847333,1777553795860391,1777553795847333,1777553795860391,,,,client-1-3,Remove,-11816686,200,13058
client,client_request,completed,1777553795872665,1,,,1777553795860585,1777553795872665,1777553795860585,1777553795872665,,,,client-1-3,Remove,-14292484,200,12080
client,client_request,completed,1777553795885222,1,,,1777553795872866,1777553795885222,1777553795872866,1777553795885222,,,,client-1-3,Remove,5532874,200,12356
client,client_request,completed,1777553795898140,1,,,1777553795885363,1777553795898140,1777553795885363,1777553795898140,,,,client-1-3,Remove,16709554,200,12777
client,client_request,completed,1777553795910837,1,,,1777553795898412,1777553795910837,1777553795898412,1777553795910837,,,,client-1-3,Insert,-7606346,200,12425
client,client_request,completed,1777553795923173,1,,,1777553795911296,1777553795923173,1777553795911296,1777553795923173,,,,client-1-3,Remove,-10748091,200,11877
client,client_request,completed,1777553795935264,1,,,1777553795923617,1777553795935264,1777553795923617,1777553795935264,,,,client-1-3,Remove,-13710748,200,11647
client,client_request,completed,1777553795947894,1,,,1777553795935643,1777553795947894,1777553795935643,1777553795947894,,,,client-1-3,Insert,10873102,200,12251
client,client_request,completed,1777553795959913,1,,,1777553795948328,1777553795959913,1777553795948328,1777553795959913,,,,client-1-3,Remove,8858906,200,11585
client,client_request,completed,1777553795972944,1,,,1777553795960349,1777553795972944,1777553795960349,1777553795972944,,,,client-1-3,Insert,-5364409,200,12595
client,client_request,completed,1777553795985457,1,,,1777553795973485,1777553795985457,1777553795973485,1777553795985457,,,,client-1-3,Remove,-10519564,200,11972
client,client_request,completed,1777553795998617,1,,,1777553795985682,1777553795998617,1777553795985682,1777553795998617,,,,client-1-3,Insert,12829924,200,12935
client,client_request,completed,1777553796010115,1,,,1777553795998912,1777553796010115,1777553795998912,1777553796010115,,,,client-1-3,Insert,6285199,200,11203
client,client_request,completed,1777553796022155,1,,,1777553796010516,1777553796022155,1777553796010516,1777553796022155,,,,client-1-3,Remove,-7213969,200,11639
client,client_request,completed,1777553796035851,1,,,1777553796023608,1777553796035851,1777553796023608,1777553796035851,,,,client-1-3,Insert,-4936693,200,12243
client,client_request,completed,1777553796049245,1,,,1777553796036771,1777553796049245,1777553796036771,1777553796049245,,,,client-1-3,Insert,-6135601,200,12474
client,client_request,completed,1777553796061907,1,,,1777553796049818,1777553796061907,1777553796049818,1777553796061907,,,,client-1-3,Insert,7246568,200,12089
client,client_request,completed,1777553796075424,1,,,1777553796062321,1777553796075424,1777553796062321,1777553796075424,,,,client-1-3,Insert,-7810615,200,13103
client,client_request,completed,1777553796088321,1,,,1777553796075737,1777553796088321,1777553796075737,1777553796088321,,,,client-1-3,Insert,703400,200,12584
client,client_request,completed,1777553796099941,1,,,1777553796088429,1777553796099941,1777553796088429,1777553796099941,,,,client-1-3,Insert,6340603,200,11512
client,client_request,completed,1777553796112321,1,,,1777553796100868,1777553796112321,1777553796100868,1777553796112321,,,,client-1-3,Insert,-15906225,200,11453
client,client_request,completed,1777553796125654,1,,,1777553796113304,1777553796125654,1777553796113304,1777553796125654,,,,client-1-3,Insert,13028043,200,12350
client,client_request,completed,1777553796137014,1,,,1777553796125957,1777553796137014,1777553796125957,1777553796137014,,,,client-1-3,Remove,-3127352,200,11057
client,client_request,completed,1777553796153462,1,,,1777553796137378,1777553796153462,1777553796137378,1777553796153462,,,,client-1-3,Insert,-8055126,200,16084
client,client_request,completed,1777553796170316,1,,,1777553796153659,1777553796170316,1777553796153659,1777553796170316,,,,client-1-3,Remove,6438183,200,16657
client,client_request,completed,1777553796183212,1,,,1777553796170660,1777553796183212,1777553796170660,1777553796183212,,,,client-1-3,Insert,7465618,200,12552
client,client_request,completed,1777553796196216,1,,,1777553796183593,1777553796196216,1777553796183593,1777553796196216,,,,client-1-3,Remove,9320220,200,12623
client,client_request,completed,1777553796208101,1,,,1777553796197225,1777553796208101,1777553796197225,1777553796208101,,,,client-1-3,Insert,-6060451,200,10876
client,client_request,completed,1777553796220681,1,,,1777553796208684,1777553796220681,1777553796208684,1777553796220681,,,,client-1-3,Remove,12695185,200,11997
client,client_request,completed,1777553796228740,1,,,1777553796220786,1777553796228740,1777553796220786,1777553796228740,,,,client-1-3,Insert,390669,200,7954
client,client_request,completed,1777553796240965,1,,,1777553796229318,1777553796240965,1777553796229318,1777553796240965,,,,client-1-3,Remove,-6403430,200,11647
client,client_request,completed,1777553796252513,1,,,1777553796241356,1777553796252513,1777553796241356,1777553796252513,,,,client-1-3,Insert,9577872,200,11157
client,client_request,completed,1777553796266491,1,,,1777553796253921,1777553796266491,1777553796253921,1777553796266491,,,,client-1-3,Insert,-5082289,200,12570
client,client_request,completed,1777553796276290,1,,,1777553796267729,1777553796276290,1777553796267729,1777553796276290,,,,client-1-3,Insert,10858646,200,8561
client,client_request,completed,1777553796297113,1,,,1777553796276987,1777553796297113,1777553796276987,1777553796297113,,,,client-1-3,Remove,13345082,200,20126
client,client_request,completed,1777553796310748,1,,,1777553796297238,1777553796310748,1777553796297238,1777553796310748,,,,client-1-3,Insert,-3161860,200,13510
client,client_request,completed,1777553796324795,1,,,1777553796310851,1777553796324795,1777553796310851,1777553796324795,,,,client-1-3,Remove,13018463,200,13944
client,client_request,completed,1777553796338480,1,,,1777553796324906,1777553796338480,1777553796324906,1777553796338480,,,,client-1-3,Remove,15074102,200,13574
client,client_request,completed,1777553796352843,1,,,1777553796338953,1777553796352843,1777553796338953,1777553796352843,,,,client-1-3,Insert,856231,200,13890
client,client_request,completed,1777553796365463,1,,,1777553796352953,1777553796365463,1777553796352953,1777553796365463,,,,client-1-3,Remove,-3983690,200,12510
client,client_request,completed,1777553796378102,1,,,1777553796365666,1777553796378102,1777553796365666,1777553796378102,,,,client-1-3,Remove,11643062,200,12436
client,client_request,completed,1777553796390879,1,,,1777553796378437,1777553796390879,1777553796378437,1777553796390879,,,,client-1-3,Remove,-12007211,200,12442
client,client_request,completed,1777553796403781,1,,,1777553796391071,1777553796403781,1777553796391071,1777553796403781,,,,client-1-3,Insert,2653161,200,12710
client,client_request,completed,1777553796418138,1,,,1777553796404241,1777553796418138,1777553796404241,1777553796418138,,,,client-1-3,Remove,9892649,200,13897
client,client_request,completed,1777553796431361,1,,,1777553796418511,1777553796431361,1777553796418511,1777553796431361,,,,client-1-3,Insert,11206155,200,12850
client,client_request,completed,1777553796446116,1,,,1777553796431891,1777553796446116,1777553796431891,1777553796446116,,,,client-1-3,Insert,-572938,200,14225
client,client_request,completed,1777553796458275,1,,,1777553796447494,1777553796458275,1777553796447494,1777553796458275,,,,client-1-3,Remove,6870599,200,10781
client,client_request,completed,1777553796471943,1,,,1777553796459275,1777553796471943,1777553796459275,1777553796471943,,,,client-1-3,Insert,-11453596,200,12668
client,client_request,completed,1777553796484775,1,,,1777553796472054,1777553796484775,1777553796472054,1777553796484775,,,,client-1-3,Remove,15369172,200,12721
client,client_request,completed,1777553796497799,1,,,1777553796485272,1777553796497799,1777553796485272,1777553796497799,,,,client-1-3,Insert,-3328302,200,12527
client,client_request,completed,1777553796509047,1,,,1777553796498669,1777553796509047,1777553796498669,1777553796509047,,,,client-1-3,Remove,9275985,200,10378
client,client_request,completed,1777553796524151,1,,,1777553796509402,1777553796524151,1777553796509402,1777553796524151,,,,client-1-3,Remove,-6109969,200,14749
client,client_request,completed,1777553796534859,1,,,1777553796524286,1777553796534859,1777553796524286,1777553796534859,,,,client-1-3,Insert,-7632967,200,10573
client,client_request,completed,1777553796608697,1,,,1777553796535267,1777553796608697,1777553796535267,1777553796608697,,,,client-1-3,Remove,-5224324,200,73430
client,client_request,completed,1777553796622850,1,,,1777553796608833,1777553796622850,1777553796608833,1777553796622850,,,,client-1-3,Insert,-16441778,200,14017
client,client_request,completed,1777553796635901,1,,,1777553796622958,1777553796635901,1777553796622958,1777553796635901,,,,client-1-3,Insert,-1463599,200,12943
client,client_request,completed,1777553796650862,1,,,1777553796636009,1777553796650862,1777553796636009,1777553796650862,,,,client-1-3,Insert,-8738524,200,14853
client,client_request,completed,1777553796662884,1,,,1777553796650977,1777553796662884,1777553796650977,1777553796662884,,,,client-1-3,Insert,1055895,200,11907
client,client_request,completed,1777553796676137,1,,,1777553796663222,1777553796676137,1777553796663222,1777553796676137,,,,client-1-3,Remove,8111390,200,12915
client,client_request,completed,1777553796688571,1,,,1777553796676607,1777553796688571,1777553796676607,1777553796688571,,,,client-1-3,Insert,-16391670,200,11964
client,client_request,completed,1777553796706404,1,,,1777553796688836,1777553796706404,1777553796688836,1777553796706404,,,,client-1-3,Remove,-7823576,200,17568
client,client_request,completed,1777553796721219,1,,,1777553796706764,1777553796721219,1777553796706764,1777553796721219,,,,client-1-3,Remove,-1738062,200,14455
client,client_request,completed,1777553796734297,1,,,1777553796721657,1777553796734297,1777553796721657,1777553796734297,,,,client-1-3,Insert,-3434724,200,12640
client,client_request,completed,1777553796747749,1,,,1777553796735252,1777553796747749,1777553796735252,1777553796747749,,,,client-1-3,Remove,13914491,200,12497
client,client_request,completed,1777553796759489,1,,,1777553796747859,1777553796759489,1777553796747859,1777553796759489,,,,client-1-3,Insert,11279845,200,11630
client,client_request,completed,1777553796768340,1,,,1777553796760131,1777553796768340,1777553796760131,1777553796768340,,,,client-1-3,Insert,5930015,200,8209
client,client_request,completed,1777553796779555,1,,,1777553796768832,1777553796779555,1777553796768832,1777553796779555,,,,client-1-3,Remove,-369404,200,10723
client,client_request,completed,1777553796792027,1,,,1777553796779672,1777553796792027,1777553796779672,1777553796792027,,,,client-1-3,Remove,5653310,200,12355
client,client_request,completed,1777553796804921,1,,,1777553796792123,1777553796804921,1777553796792123,1777553796804921,,,,client-1-3,Remove,-13456803,200,12798
client,client_request,completed,1777553796817547,1,,,1777553796805010,1777553796817547,1777553796805010,1777553796817547,,,,client-1-3,Insert,-7506563,200,12537
client,client_request,completed,1777553796830247,1,,,1777553796817644,1777553796830247,1777553796817644,1777553796830247,,,,client-1-3,Remove,-15780071,200,12603
client,client_request,completed,1777553796843392,1,,,1777553796830348,1777553796843392,1777553796830348,1777553796843392,,,,client-1-3,Insert,-3158222,200,13044
client,client_request,completed,1777553796856415,1,,,1777553796843523,1777553796856415,1777553796843523,1777553796856415,,,,client-1-3,Remove,-11711451,200,12892
client,client_request,completed,1777553796870126,1,,,1777553796856854,1777553796870126,1777553796856854,1777553796870126,,,,client-1-3,Remove,2645566,200,13272
client,client_request,completed,1777553796882985,1,,,1777553796870237,1777553796882985,1777553796870237,1777553796882985,,,,client-1-3,Remove,-8898381,200,12748
client,client_request,completed,1777553796896374,1,,,1777553796883337,1777553796896374,1777553796883337,1777553796896374,,,,client-1-3,Insert,-9375976,200,13037
client,client_request,completed,1777553796910936,1,,,1777553796896483,1777553796910936,1777553796896483,1777553796910936,,,,client-1-3,Insert,-6937101,200,14453
client,client_request,completed,1777553796924172,1,,,1777553796911100,1777553796924172,1777553796911100,1777553796924172,,,,client-1-3,Insert,-12108803,200,13072
client,client_request,completed,1777553796937224,1,,,1777553796924432,1777553796937224,1777553796924432,1777553796937224,,,,client-1-3,Remove,2741597,200,12792
client,client_request,completed,1777553796950489,1,,,1777553796937594,1777553796950489,1777553796937594,1777553796950489,,,,client-1-3,Remove,3208317,200,12895
client,client_request,completed,1777553796963610,1,,,1777553796950612,1777553796963610,1777553796950612,1777553796963610,,,,client-1-3,Remove,8569763,200,12998
client,client_request,completed,1777553796976949,1,,,1777553796963723,1777553796976949,1777553796963723,1777553796976949,,,,client-1-3,Insert,-8010823,200,13226
client,client_request,completed,1777553796990724,1,,,1777553796977173,1777553796990724,1777553796977173,1777553796990724,,,,client-1-3,Remove,10306534,200,13551
client,client_request,completed,1777553797003986,1,,,1777553796990852,1777553797003986,1777553796990852,1777553797003986,,,,client-1-3,Remove,16216461,200,13134
client,client_request,completed,1777553797017540,1,,,1777553797004112,1777553797017540,1777553797004112,1777553797017540,,,,client-1-3,Remove,-12595789,200,13428
client,client_request,completed,1777553797031090,1,,,1777553797017750,1777553797031090,1777553797017750,1777553797031090,,,,client-1-3,Remove,-12835046,200,13340
client,client_request,completed,1777553797044995,1,,,1777553797031199,1777553797044995,1777553797031199,1777553797044995,,,,client-1-3,Remove,2105667,200,13796
client,client_request,completed,1777553797058392,1,,,1777553797045356,1777553797058392,1777553797045356,1777553797058392,,,,client-1-3,Insert,11455999,200,13036
client,client_request,completed,1777553797071255,1,,,1777553797058511,1777553797071255,1777553797058511,1777553797071255,,,,client-1-3,Remove,-7728764,200,12744
client,client_request,completed,1777553797083952,1,,,1777553797071377,1777553797083952,1777553797071377,1777553797083952,,,,client-1-3,Insert,-14080441,200,12575
client,client_request,completed,1777553797097448,1,,,1777553797084100,1777553797097448,1777553797084100,1777553797097448,,,,client-1-3,Insert,-13430259,200,13348
client,client_request,completed,1777553797110714,1,,,1777553797097556,1777553797110714,1777553797097556,1777553797110714,,,,client-1-3,Remove,-5518181,200,13158
client,client_request,completed,1777553797124196,1,,,1777553797110981,1777553797124196,1777553797110981,1777553797124196,,,,client-1-3,Remove,-10636354,200,13215
client,client_request,completed,1777553797137357,1,,,1777553797124699,1777553797137357,1777553797124699,1777553797137357,,,,client-1-3,Remove,-8472232,200,12658
client,client_request,completed,1777553797151225,1,,,1777553797137859,1777553797151225,1777553797137859,1777553797151225,,,,client-1-3,Remove,4520314,200,13366
client,client_request,completed,1777553797164281,1,,,1777553797151357,1777553797164281,1777553797151357,1777553797164281,,,,client-1-3,Remove,-16530055,200,12924
client,client_request,completed,1777553797177138,1,,,1777553797164428,1777553797177138,1777553797164428,1777553797177138,,,,client-1-3,Remove,-6945828,200,12710
client,client_request,completed,1777553797190352,1,,,1777553797177594,1777553797190352,1777553797177594,1777553797190352,,,,client-1-3,Insert,-7351177,200,12758
client,client_request,completed,1777553797204038,1,,,1777553797190896,1777553797204038,1777553797190896,1777553797204038,,,,client-1-3,Remove,-10269218,200,13142
client,client_request,completed,1777553797216806,1,,,1777553797204249,1777553797216806,1777553797204249,1777553797216806,,,,client-1-3,Insert,14778055,200,12557
client,client_request,completed,1777553797230085,1,,,1777553797217174,1777553797230085,1777553797217174,1777553797230085,,,,client-1-3,Remove,5345662,200,12911
client,client_request,completed,1777553797242964,1,,,1777553797230194,1777553797242964,1777553797230194,1777553797242964,,,,client-1-3,Remove,5137153,200,12770
client,client_request,completed,1777553797256095,1,,,1777553797243073,1777553797256095,1777553797243073,1777553797256095,,,,client-1-3,Remove,4473805,200,13022
client,client_request,completed,1777553797269528,1,,,1777553797256581,1777553797269528,1777553797256581,1777553797269528,,,,client-1-3,Remove,-2701232,200,12947
client,client_request,completed,1777553797282852,1,,,1777553797269753,1777553797282852,1777553797269753,1777553797282852,,,,client-1-3,Remove,-1706795,200,13099
client,client_request,completed,1777553797296603,1,,,1777553797282989,1777553797296603,1777553797282989,1777553797296603,,,,client-1-3,Remove,15012171,200,13614
client,client_request,completed,1777553797310075,1,,,1777553797296840,1777553797310075,1777553797296840,1777553797310075,,,,client-1-3,Insert,-10123300,200,13235
client,client_request,completed,1777553797323098,1,,,1777553797310420,1777553797323098,1777553797310420,1777553797323098,,,,client-1-3,Insert,5098452,200,12678
client,client_request,completed,1777553797336614,1,,,1777553797323518,1777553797336614,1777553797323518,1777553797336614,,,,client-1-3,Remove,-2124389,200,13096
client,client_request,completed,1777553797350204,1,,,1777553797337023,1777553797350204,1777553797337023,1777553797350204,,,,client-1-3,Insert,-9013181,200,13181
client,client_request,completed,1777553797363580,1,,,1777553797350445,1777553797363580,1777553797350445,1777553797363580,,,,client-1-3,Remove,14150585,200,13135
client,client_request,completed,1777553797376805,1,,,1777553797363934,1777553797376805,1777553797363934,1777553797376805,,,,client-1-3,Insert,-3606852,200,12871
client,client_request,completed,1777553797389848,1,,,1777553797376996,1777553797389848,1777553797376996,1777553797389848,,,,client-1-3,Insert,5263707,200,12852
client,client_request,completed,1777553797402789,1,,,1777553797389958,1777553797402789,1777553797389958,1777553797402789,,,,client-1-3,Insert,-2784139,200,12831
client,client_request,completed,1777553797415917,1,,,1777553797402893,1777553797415917,1777553797402893,1777553797415917,,,,client-1-3,Remove,-7148117,200,13024
client,client_request,completed,1777553797429156,1,,,1777553797416027,1777553797429156,1777553797416027,1777553797429156,,,,client-1-3,Insert,5177683,200,13129
client,client_request,completed,1777553797442611,1,,,1777553797429287,1777553797442611,1777553797429287,1777553797442611,,,,client-1-3,Insert,15739431,200,13324
client,client_request,completed,1777553797456042,1,,,1777553797442721,1777553797456042,1777553797442721,1777553797456042,,,,client-1-3,Insert,-6139319,200,13321
client,client_request,completed,1777553797470143,1,,,1777553797456496,1777553797470143,1777553797456496,1777553797470143,,,,client-1-3,Remove,563560,200,13647
client,client_request,completed,1777553797485839,1,,,1777553797470489,1777553797485839,1777553797470489,1777553797485839,,,,client-1-3,Insert,-14911558,200,15350
client,client_request,completed,1777553797501338,1,,,1777553797486083,1777553797501338,1777553797486083,1777553797501338,,,,client-1-3,Insert,6416609,200,15255
client,client_request,completed,1777553797519307,1,,,1777553797501467,1777553797519307,1777553797501467,1777553797519307,,,,client-1-3,Insert,-13035925,200,17840
client,client_request,completed,1777553797532610,1,,,1777553797519513,1777553797532610,1777553797519513,1777553797532610,,,,client-1-3,Insert,12556152,200,13097
client,client_request,completed,1777553797608107,1,,,1777553797532778,1777553797608107,1777553797532778,1777553797608107,,,,client-1-3,Remove,1434625,200,75329
client,client_request,completed,1777553797622340,1,,,1777553797608342,1777553797622340,1777553797608342,1777553797622340,,,,client-1-3,Remove,-3900625,200,13998
client,client_request,completed,1777553797636418,1,,,1777553797622800,1777553797636418,1777553797622800,1777553797636418,,,,client-1-3,Remove,4187535,200,13618
client,client_request,completed,1777553797649305,1,,,1777553797636621,1777553797649305,1777553797636621,1777553797649305,,,,client-1-3,Remove,6333937,200,12684
client,client_request,completed,1777553797662131,1,,,1777553797649537,1777553797662131,1777553797649537,1777553797662131,,,,client-1-3,Remove,-14378033,200,12594
client,client_request,completed,1777553797675217,1,,,1777553797662261,1777553797675217,1777553797662261,1777553797675217,,,,client-1-3,Remove,4561521,200,12956
client,client_request,completed,1777553797688435,1,,,1777553797675338,1777553797688435,1777553797675338,1777553797688435,,,,client-1-3,Remove,7075165,200,13097
client,client_request,completed,1777553797701565,1,,,1777553797688562,1777553797701565,1777553797688562,1777553797701565,,,,client-1-3,Insert,-4654721,200,13003
client,client_request,completed,1777553797714749,1,,,1777553797701675,1777553797714749,1777553797701675,1777553797714749,,,,client-1-3,Remove,-7649324,200,13074
client,client_request,completed,1777553797728138,1,,,1777553797715092,1777553797728138,1777553797715092,1777553797728138,,,,client-1-3,Insert,3109548,200,13046
client,client_request,completed,1777553797741698,1,,,1777553797728360,1777553797741698,1777553797728360,1777553797741698,,,,client-1-3,Insert,6006951,200,13338
client,client_request,completed,1777553797755423,1,,,1777553797741906,1777553797755423,1777553797741906,1777553797755423,,,,client-1-3,Remove,-2082831,200,13517
client,client_request,completed,1777553797768619,1,,,1777553797755545,1777553797768619,1777553797755545,1777553797768619,,,,client-1-3,Insert,343718,200,13074
client,client_request,completed,1777553797781200,1,,,1777553797768812,1777553797781200,1777553797768812,1777553797781200,,,,client-1-3,Remove,-3278742,200,12388
client,client_request,completed,1777553797794203,1,,,1777553797781298,1777553797794203,1777553797781298,1777553797794203,,,,client-1-3,Remove,-16365322,200,12905
client,client_request,completed,1777553797807803,1,,,1777553797794301,1777553797807803,1777553797794301,1777553797807803,,,,client-1-3,Remove,-3632470,200,13502
client,client_request,completed,1777553797820797,1,,,1777553797807901,1777553797820797,1777553797807901,1777553797820797,,,,client-1-3,Remove,16169845,200,12896
client,client_request,completed,1777553797834057,1,,,1777553797820894,1777553797834057,1777553797820894,1777553797834057,,,,client-1-3,Remove,3590669,200,13163
client,client_request,completed,1777553797847641,1,,,1777553797834159,1777553797847641,1777553797834159,1777553797847641,,,,client-1-3,Insert,-5423306,200,13482
client,client_request,completed,1777553797860471,1,,,1777553797847849,1777553797860471,1777553797847849,1777553797860471,,,,client-1-3,Remove,-13387315,200,12622
client,client_request,completed,1777553797874663,1,,,1777553797860906,1777553797874663,1777553797860906,1777553797874663,,,,client-1-3,Remove,6888605,200,13757
client,client_request,completed,1777553797887860,1,,,1777553797875056,1777553797887860,1777553797875056,1777553797887860,,,,client-1-3,Insert,851135,200,12804
client,client_request,completed,1777553797901223,1,,,1777553797887913,1777553797901223,1777553797887913,1777553797901223,,,,client-1-3,Insert,-11483612,200,13310
client,client_request,completed,1777553797913806,1,,,1777553797901290,1777553797913806,1777553797901290,1777553797913806,,,,client-1-3,Remove,1455091,200,12516
client,client_request,completed,1777553797926866,1,,,1777553797913930,1777553797926866,1777553797913930,1777553797926866,,,,client-1-3,Insert,1476148,200,12936
client,client_request,completed,1777553797940704,1,,,1777553797926971,1777553797940704,1777553797926971,1777553797940704,,,,client-1-3,Remove,4187413,200,13733
client,client_request,completed,1777553797954911,1,,,1777553797940986,1777553797954911,1777553797940986,1777553797954911,,,,client-1-3,Remove,4539268,200,13925
client,client_request,completed,1777553797968319,1,,,1777553797955040,1777553797968319,1777553797955040,1777553797968319,,,,client-1-3,Remove,-14312889,200,13279
client,client_request,completed,1777553797981827,1,,,1777553797968447,1777553797981827,1777553797968447,1777553797981827,,,,client-1-3,Insert,11651894,200,13380
client,client_request,completed,1777553797995487,1,,,1777553797982141,1777553797995487,1777553797982141,1777553797995487,,,,client-1-3,Remove,-3046452,200,13346
client,client_request,completed,1777553798008557,1,,,1777553797995615,1777553798008557,1777553797995615,1777553798008557,,,,client-1-3,Remove,-4385894,200,12942
client,client_request,completed,1777553798022022,1,,,1777553798008668,1777553798022022,1777553798008668,1777553798022022,,,,client-1-3,Insert,13433205,200,13354
client,client_request,completed,1777553798036109,1,,,1777553798022125,1777553798036109,1777553798022125,1777553798036109,,,,client-1-3,Remove,-16717162,200,13984
client,client_request,completed,1777553798049389,1,,,1777553798036326,1777553798049389,1777553798036326,1777553798049389,,,,client-1-3,Insert,14545310,200,13063
client,client_request,completed,1777553798062726,1,,,1777553798049585,1777553798062726,1777553798049585,1777553798062726,,,,client-1-3,Insert,-7360169,200,13141
client,client_request,completed,1777553798076114,1,,,1777553798062895,1777553798076114,1777553798062895,1777553798076114,,,,client-1-3,Insert,-16400747,200,13219
client,client_request,completed,1777553798089573,1,,,1777553798076326,1777553798089573,1777553798076326,1777553798089573,,,,client-1-3,Insert,-7648705,200,13247
client,client_request,completed,1777553798103313,1,,,1777553798089928,1777553798103313,1777553798089928,1777553798103313,,,,client-1-3,Remove,12801347,200,13385
client,client_request,completed,1777553798116716,1,,,1777553798103415,1777553798116716,1777553798103415,1777553798116716,,,,client-1-3,Remove,7695696,200,13301
client,client_request,completed,1777553798130565,1,,,1777553798116871,1777553798130565,1777553798116871,1777553798130565,,,,client-1-3,Insert,-3944758,200,13694
client,client_request,completed,1777553798144078,1,,,1777553798130666,1777553798144078,1777553798130666,1777553798144078,,,,client-1-3,Insert,-4694829,200,13412
client,client_request,completed,1777553798157464,1,,,1777553798144211,1777553798157464,1777553798144211,1777553798157464,,,,client-1-3,Insert,6257153,200,13253
client,client_request,completed,1777553798170915,1,,,1777553798157564,1777553798170915,1777553798157564,1777553798170915,,,,client-1-3,Remove,7668065,200,13351
client,client_request,completed,1777553798184922,1,,,1777553798171014,1777553798184922,1777553798171014,1777553798184922,,,,client-1-3,Remove,-1938043,200,13908
client,client_request,completed,1777553798198508,1,,,1777553798185128,1777553798198508,1777553798185128,1777553798198508,,,,client-1-3,Insert,-2791601,200,13380
client,client_request,completed,1777553798212120,1,,,1777553798198872,1777553798212120,1777553798198872,1777553798212120,,,,client-1-3,Remove,6163680,200,13248
client,client_request,completed,1777553798226070,1,,,1777553798212502,1777553798226070,1777553798212502,1777553798226070,,,,client-1-3,Insert,16197928,200,13568
client,client_request,completed,1777553798239826,1,,,1777553798226433,1777553798239826,1777553798226433,1777553798239826,,,,client-1-3,Insert,5806732,200,13393
client,client_request,completed,1777553798253528,1,,,1777553798240033,1777553798253528,1777553798240033,1777553798253528,,,,client-1-3,Remove,2900592,200,13495
client,client_request,completed,1777553798267252,1,,,1777553798253732,1777553798267252,1777553798253732,1777553798267252,,,,client-1-3,Remove,6230682,200,13520
client,client_request,completed,1777553798280826,1,,,1777553798267457,1777553798280826,1777553798267457,1777553798280826,,,,client-1-3,Remove,-13766292,200,13369
client,client_request,completed,1777553798294624,1,,,1777553798281033,1777553798294624,1777553798281033,1777553798294624,,,,client-1-3,Insert,15451452,200,13591
client,client_request,completed,1777553798308453,1,,,1777553798294986,1777553798308453,1777553798294986,1777553798308453,,,,client-1-3,Insert,-8345389,200,13467
client,client_request,completed,1777553798322255,1,,,1777553798308569,1777553798322255,1777553798308569,1777553798322255,,,,client-1-3,Insert,12415883,200,13686
client,client_request,completed,1777553798336759,1,,,1777553798322357,1777553798336759,1777553798322357,1777553798336759,,,,client-1-3,Remove,-15768635,200,14402
client,client_request,completed,1777553798350052,1,,,1777553798336968,1777553798350052,1777553798336968,1777553798350052,,,,client-1-3,Remove,-1493429,200,13084
client,client_request,completed,1777553798363573,1,,,1777553798350154,1777553798363573,1777553798350154,1777553798363573,,,,client-1-3,Remove,8398022,200,13419
client,client_request,completed,1777553798377089,1,,,1777553798363681,1777553798377089,1777553798363681,1777553798377089,,,,client-1-3,Insert,3247995,200,13408
client,client_request,completed,1777553798391013,1,,,1777553798377195,1777553798391013,1777553798377195,1777553798391013,,,,client-1-3,Insert,-7971491,200,13818
client,client_request,completed,1777553798404561,1,,,1777553798391216,1777553798404561,1777553798391216,1777553798404561,,,,client-1-3,Insert,14317131,200,13345
client,client_request,completed,1777553798418580,1,,,1777553798404800,1777553798418580,1777553798404800,1777553798418580,,,,client-1-3,Remove,-6062526,200,13780
client,client_request,completed,1777553798432465,1,,,1777553798418787,1777553798432465,1777553798418787,1777553798432465,,,,client-1-3,Remove,-178223,200,13678
client,client_request,completed,1777553798445955,1,,,1777553798432828,1777553798445955,1777553798432828,1777553798445955,,,,client-1-3,Remove,293501,200,13127
client,client_request,completed,1777553798459903,1,,,1777553798446320,1777553798459903,1777553798446320,1777553798459903,,,,client-1-3,Remove,1844453,200,13583
client,client_request,completed,1777553798473559,1,,,1777553798460043,1777553798473559,1777553798460043,1777553798473559,,,,client-1-3,Remove,-9824896,200,13516
client,client_request,completed,1777553798487012,1,,,1777553798473768,1777553798487012,1777553798473768,1777553798487012,,,,client-1-3,Insert,14409681,200,13244
client,client_request,completed,1777553798501023,1,,,1777553798487124,1777553798501023,1777553798487124,1777553798501023,,,,client-1-3,Insert,-13670369,200,13899
client,client_request,completed,1777553798515839,1,,,1777553798501384,1777553798515839,1777553798501384,1777553798515839,,,,client-1-3,Insert,8091527,200,14455
client,client_request,completed,1777553798530422,1,,,1777553798515950,1777553798530422,1777553798515950,1777553798530422,,,,client-1-3,Insert,310676,200,14472
client,client_request,completed,1777553798605509,1,,,1777553798530523,1777553798605509,1777553798530523,1777553798605509,,,,client-1-3,Insert,-8857793,200,74986
client,client_request,completed,1777553798621721,1,,,1777553798605720,1777553798621721,1777553798605720,1777553798621721,,,,client-1-3,Remove,-9406200,200,16001
client,client_request,completed,1777553798635756,1,,,1777553798621848,1777553798635756,1777553798621848,1777553798635756,,,,client-1-3,Remove,-8659998,200,13908
client,client_request,completed,1777553798650418,1,,,1777553798635858,1777553798650418,1777553798635858,1777553798650418,,,,client-1-3,Remove,-5717324,200,14560
client,client_request,completed,1777553798664505,1,,,1777553798650626,1777553798664505,1777553798650626,1777553798664505,,,,client-1-3,Insert,-13074385,200,13879
client,client_request,completed,1777553798678367,1,,,1777553798664615,1777553798678367,1777553798664615,1777553798678367,,,,client-1-3,Insert,-14798246,200,13752
client,client_request,completed,1777553798692222,1,,,1777553798678500,1777553798692222,1777553798678500,1777553798692222,,,,client-1-3,Insert,4577880,200,13722
client,client_request,completed,1777553798705763,1,,,1777553798692329,1777553798705763,1777553798692329,1777553798705763,,,,client-1-3,Remove,1927303,200,13434
client,client_request,completed,1777553798719752,1,,,1777553798706125,1777553798719752,1777553798706125,1777553798719752,,,,client-1-3,Remove,-14415975,200,13627
client,client_request,completed,1777553798733557,1,,,1777553798720109,1777553798733557,1777553798720109,1777553798733557,,,,client-1-3,Remove,-2950925,200,13448
client,client_request,completed,1777553798747372,1,,,1777553798733766,1777553798747372,1777553798733766,1777553798747372,,,,client-1-3,Insert,1578487,200,13606
client,client_request,completed,1777553798761385,1,,,1777553798747579,1777553798761385,1777553798747579,1777553798761385,,,,client-1-3,Insert,-15970774,200,13806
client,client_request,completed,1777553798775491,1,,,1777553798761592,1777553798775491,1777553798761592,1777553798775491,,,,client-1-3,Remove,-5032071,200,13899
client,client_request,completed,1777553798789631,1,,,1777553798775589,1777553798789631,1777553798775589,1777553798789631,,,,client-1-3,Remove,-14432044,200,14042
client,client_request,completed,1777553798804597,1,,,1777553798789728,1777553798804597,1777553798789728,1777553798804597,,,,client-1-3,Insert,11184029,200,14869
client,client_request,completed,1777553798819159,1,,,1777553798804695,1777553798819159,1777553798804695,1777553798819159,,,,client-1-3,Insert,9435355,200,14464
client,client_request,completed,1777553798835467,1,,,1777553798819258,1777553798835467,1777553798819258,1777553798835467,,,,client-1-3,Remove,8237484,200,16209
client,client_request,completed,1777553798850018,1,,,1777553798835571,1777553798850018,1777553798835571,1777553798850018,,,,client-1-3,Remove,12238330,200,14447
client,client_request,completed,1777553798863917,1,,,1777553798850151,1777553798863917,1777553798850151,1777553798863917,,,,client-1-3,Remove,-10740606,200,13766
client,client_request,completed,1777553798878191,1,,,1777553798864025,1777553798878191,1777553798864025,1777553798878191,,,,client-1-3,Remove,7749716,200,14166
client,client_request,completed,1777553798892639,1,,,1777553798878305,1777553798892639,1777553798878305,1777553798892639,,,,client-1-3,Remove,-16223291,200,14334
client,client_request,completed,1777553798907041,1,,,1777553798892991,1777553798907041,1777553798892991,1777553798907041,,,,client-1-3,Insert,3123271,200,14050
client,client_request,completed,1777553798920721,1,,,1777553798907171,1777553798920721,1777553798907171,1777553798920721,,,,client-1-3,Insert,-9449916,200,13550
client,client_request,completed,1777553798934759,1,,,1777553798920847,1777553798934759,1777553798920847,1777553798934759,,,,client-1-3,Insert,-4299241,200,13912
client,client_request,completed,1777553798948880,1,,,1777553798934869,1777553798948880,1777553798934869,1777553798948880,,,,client-1-3,Remove,7762895,200,14011
client,client_request,completed,1777553798962976,1,,,1777553798949007,1777553798962976,1777553798949007,1777553798962976,,,,client-1-3,Insert,-13430036,200,13969
client,client_request,completed,1777553798977006,1,,,1777553798963332,1777553798977006,1777553798963332,1777553798977006,,,,client-1-3,Insert,14270851,200,13674
client,client_request,completed,1777553798991474,1,,,1777553798977217,1777553798991474,1777553798977217,1777553798991474,,,,client-1-3,Insert,4794284,200,14257
client,client_request,completed,1777553799005372,1,,,1777553798991678,1777553799005372,1777553798991678,1777553799005372,,,,client-1-3,Insert,13149217,200,13694
client,client_request,completed,1777553799019062,1,,,1777553799005582,1777553799019062,1777553799005582,1777553799019062,,,,client-1-3,Remove,-13024074,200,13480
client,client_request,completed,1777553799032718,1,,,1777553799019161,1777553799032718,1777553799019161,1777553799032718,,,,client-1-3,Insert,1276295,200,13557
client,client_request,completed,1777553799046783,1,,,1777553799032851,1777553799046783,1777553799032851,1777553799046783,,,,client-1-3,Remove,-10276325,200,13932
client,client_request,completed,1777553799060787,1,,,1777553799046914,1777553799060787,1777553799046914,1777553799060787,,,,client-1-3,Remove,-10559193,200,13873
client,client_request,completed,1777553799074772,1,,,1777553799060919,1777553799074772,1777553799060919,1777553799074772,,,,client-1-3,Insert,10913773,200,13853
client,client_request,completed,1777553799088900,1,,,1777553799074901,1777553799088900,1777553799074901,1777553799088900,,,,client-1-3,Remove,-5907927,200,13999
client,client_request,completed,1777553799103251,1,,,1777553799089029,1777553799103251,1777553799089029,1777553799103251,,,,client-1-3,Insert,4636785,200,14222
client,client_request,completed,1777553799117689,1,,,1777553799103351,1777553799117689,1777553799103351,1777553799117689,,,,client-1-3,Remove,12525152,200,14338
client,client_request,completed,1777553799131815,1,,,1777553799117788,1777553799131815,1777553799117788,1777553799131815,,,,client-1-3,Remove,6037428,200,14027
client,client_request,completed,1777553799145879,1,,,1777553799131947,1777553799145879,1777553799131947,1777553799145879,,,,client-1-3,Remove,13775216,200,13932
client,client_request,completed,1777553799160044,1,,,1777553799146009,1777553799160044,1777553799146009,1777553799160044,,,,client-1-3,Remove,9411042,200,14035
client,client_request,completed,1777553799174489,1,,,1777553799160437,1777553799174489,1777553799160437,1777553799174489,,,,client-1-3,Insert,-6199603,200,14052
client,client_request,completed,1777553799188518,1,,,1777553799174593,1777553799188518,1777553799174593,1777553799188518,,,,client-1-3,Remove,5413277,200,13925
client,client_request,completed,1777553799202804,1,,,1777553799188642,1777553799202804,1777553799188642,1777553799202804,,,,client-1-3,Insert,15631189,200,14162
client,client_request,completed,1777553799216839,1,,,1777553799202926,1777553799216839,1777553799202926,1777553799216839,,,,client-1-3,Insert,-9239108,200,13913
client,client_request,completed,1777553799230845,1,,,1777553799217203,1777553799230845,1777553799217203,1777553799230845,,,,client-1-3,Remove,14035719,200,13642
client,client_request,completed,1777553799244478,1,,,1777553799231055,1777553799244478,1777553799231055,1777553799244478,,,,client-1-3,Remove,-5456076,200,13423
client,client_request,completed,1777553799258647,1,,,1777553799244579,1777553799258647,1777553799244579,1777553799258647,,,,client-1-3,Insert,14036470,200,14068
client,client_request,completed,1777553799273331,1,,,1777553799258749,1777553799273331,1777553799258749,1777553799273331,,,,client-1-3,Insert,6654699,200,14582
client,client_request,completed,1777553799287860,1,,,1777553799273692,1777553799287860,1777553799273692,1777553799287860,,,,client-1-3,Insert,11690839,200,14168
client,client_request,completed,1777553799302098,1,,,1777553799288259,1777553799302098,1777553799288259,1777553799302098,,,,client-1-3,Remove,-7065705,200,13839
client,client_request,completed,1777553799315805,1,,,1777553799302309,1777553799315805,1777553799302309,1777553799315805,,,,client-1-3,Insert,350702,200,13496
client,client_request,completed,1777553799330454,1,,,1777553799315910,1777553799330454,1777553799315910,1777553799330454,,,,client-1-3,Insert,-16651034,200,14544
client,client_request,completed,1777553799345109,1,,,1777553799330555,1777553799345109,1777553799330555,1777553799345109,,,,client-1-3,Insert,-4074552,200,14554
client,client_request,completed,1777553799363946,1,,,1777553799345256,1777553799363946,1777553799345256,1777553799363946,,,,client-1-3,Insert,16160024,200,18690
client,client_request,completed,1777553799378150,1,,,1777553799364020,1777553799378150,1777553799364020,1777553799378150,,,,client-1-3,Insert,596747,200,14130
client,client_request,completed,1777553799391382,1,,,1777553799378315,1777553799391382,1777553799378315,1777553799391382,,,,client-1-3,Insert,-219149,200,13067
client,client_request,completed,1777553799404471,1,,,1777553799391710,1777553799404471,1777553799391710,1777553799404471,,,,client-1-3,Remove,-8268003,200,12761
client,client_request,completed,1777553799418184,1,,,1777553799404815,1777553799418184,1777553799404815,1777553799418184,,,,client-1-3,Insert,11481443,200,13369
client,client_request,completed,1777553799431000,1,,,1777553799418509,1777553799431000,1777553799418509,1777553799431000,,,,client-1-3,Insert,-15351819,200,12491
client,client_request,completed,1777553799444122,1,,,1777553799431099,1777553799444122,1777553799431099,1777553799444122,,,,client-1-3,Remove,-13873938,200,13023
client,client_request,completed,1777553799457254,1,,,1777553799444478,1777553799457254,1777553799444478,1777553799457254,,,,client-1-3,Insert,-1018732,200,12776
client,client_request,completed,1777553799470244,1,,,1777553799457593,1777553799470244,1777553799457593,1777553799470244,,,,client-1-3,Remove,-15578775,200,12651
client,client_request,completed,1777553799483623,1,,,1777553799470431,1777553799483623,1777553799470431,1777553799483623,,,,client-1-3,Insert,-16438143,200,13192
client,client_request,completed,1777553799496420,1,,,1777553799483948,1777553799496420,1777553799483948,1777553799496420,,,,client-1-3,Insert,-2960407,200,12472
client,client_request,completed,1777553799509582,1,,,1777553799496821,1777553799509582,1777553799496821,1777553799509582,,,,client-1-3,Remove,-12613293,200,12761
client,client_request,completed,1777553799522566,1,,,1777553799509685,1777553799522566,1777553799509685,1777553799522566,,,,client-1-3,Insert,-2517133,200,12881
client,client_request,completed,1777553799535712,1,,,1777553799522663,1777553799535712,1777553799522663,1777553799535712,,,,client-1-3,Remove,13978491,200,13049
client,client_request,completed,1777553799614335,1,,,1777553799535813,1777553799614335,1777553799535813,1777553799614335,,,,client-1-3,Insert,16170020,200,78522
client,client_request,completed,1777553799638267,1,,,1777553799614451,1777553799638267,1777553799614451,1777553799638267,,,,client-1-3,Remove,-16263399,200,23816
client,client_request,completed,1777553799652675,1,,,1777553799638391,1777553799652675,1777553799638391,1777553799652675,,,,client-1-3,Remove,12798058,200,14284
client,client_request,completed,1777553799666476,1,,,1777553799652787,1777553799666476,1777553799652787,1777553799666476,,,,client-1-3,Remove,6082834,200,13689
client,client_request,completed,1777553799680426,1,,,1777553799666573,1777553799680426,1777553799666573,1777553799680426,,,,client-1-3,Remove,13727669,200,13853
client,client_request,completed,1777553799693669,1,,,1777553799680761,1777553799693669,1777553799680761,1777553799693669,,,,client-1-3,Insert,-1426469,200,12908
client,client_request,completed,1777553799707532,1,,,1777553799693759,1777553799707532,1777553799693759,1777553799707532,,,,client-1-3,Insert,-8276467,200,13773
client,client_request,completed,1777553799720899,1,,,1777553799707721,1777553799720899,1777553799707721,1777553799720899,,,,client-1-3,Remove,3961682,200,13178
client,client_request,completed,1777553799734605,1,,,1777553799721218,1777553799734605,1777553799721218,1777553799734605,,,,client-1-3,Insert,14395298,200,13387
client,client_request,completed,1777553799748632,1,,,1777553799734689,1777553799748632,1777553799734689,1777553799748632,,,,client-1-3,Remove,2669823,200,13943
client,client_request,completed,1777553799761787,1,,,1777553799748969,1777553799761787,1777553799748969,1777553799761787,,,,client-1-3,Remove,-3049282,200,12818
client,client_request,completed,1777553799776012,1,,,1777553799761900,1777553799776012,1777553799761900,1777553799776012,,,,client-1-3,Remove,6949768,200,14112
client,client_request,completed,1777553799790003,1,,,1777553799776128,1777553799790003,1777553799776128,1777553799790003,,,,client-1-3,Insert,-3639542,200,13875
client,client_request,completed,1777553799803764,1,,,1777553799790107,1777553799803764,1777553799790107,1777553799803764,,,,client-1-3,Remove,11989297,200,13657
client,client_request,completed,1777553799817618,1,,,1777553799803870,1777553799817618,1777553799803870,1777553799817618,,,,client-1-3,Insert,16136635,200,13748
client,client_request,completed,1777553799831207,1,,,1777553799817720,1777553799831207,1777553799817720,1777553799831207,,,,client-1-3,Remove,-8385760,200,13487
client,client_request,completed,1777553799845986,1,,,1777553799831304,1777553799845986,1777553799831304,1777553799845986,,,,client-1-3,Insert,14498709,200,14682
client,client_request,completed,1777553799860136,1,,,1777553799846092,1777553799860136,1777553799846092,1777553799860136,,,,client-1-3,Insert,16407050,200,14044
client,client_request,completed,1777553799874856,1,,,1777553799860500,1777553799874856,1777553799860500,1777553799874856,,,,client-1-3,Insert,5014452,200,14356
client,client_request,completed,1777553799890424,1,,,1777553799874951,1777553799890424,1777553799874951,1777553799890424,,,,client-1-3,Insert,-3061203,200,15473
client,client_request,completed,1777553799904361,1,,,1777553799890764,1777553799904361,1777553799890764,1777553799904361,,,,client-1-3,Insert,9223804,200,13597
client,client_request,completed,1777553799917929,1,,,1777553799904549,1777553799917929,1777553799904549,1777553799917929,,,,client-1-3,Remove,4565185,200,13380
client,client_request,completed,1777553799932020,1,,,1777553799918018,1777553799932020,1777553799918018,1777553799932020,,,,client-1-3,Remove,2509627,200,14002
client,client_request,completed,1777553799945701,1,,,1777553799932195,1777553799945701,1777553799932195,1777553799945701,,,,client-1-3,Remove,-11927023,200,13506
client,client_request,completed,1777553799959834,1,,,1777553799945817,1777553799959834,1777553799945817,1777553799959834,,,,client-1-3,Insert,15760161,200,14017
client,client_request,completed,1777553799974046,1,,,1777553799959944,1777553799974046,1777553799959944,1777553799974046,,,,client-1-3,Insert,-1774908,200,14102
client,client_request,completed,1777553799988346,1,,,1777553799974141,1777553799988346,1777553799974141,1777553799988346,,,,client-1-3,Insert,-15479088,200,14205
client,client_request,completed,1777553800002588,1,,,1777553799988436,1777553800002588,1777553799988436,1777553800002588,,,,client-1-3,Remove,12123141,200,14152
client,client_request,completed,1777553800016820,1,,,1777553800002692,1777553800016820,1777553800002692,1777553800016820,,,,client-1-3,Insert,16008382,200,14128
client,client_request,completed,1777553800031011,1,,,1777553800016924,1777553800031011,1777553800016924,1777553800031011,,,,client-1-3,Insert,8718336,200,14087
client,client_request,completed,1777553800045324,1,,,1777553800031104,1777553800045324,1777553800031104,1777553800045324,,,,client-1-3,Remove,13234747,200,14220
client,client_request,completed,1777553800059659,1,,,1777553800045417,1777553800059659,1777553800045417,1777553800059659,,,,client-1-3,Insert,2492762,200,14242
client,client_request,completed,1777553800073605,1,,,1777553800059757,1777553800073605,1777553800059757,1777553800073605,,,,client-1-3,Remove,5142371,200,13848
client,client_request,completed,1777553800087657,1,,,1777553800073783,1777553800087657,1777553800073783,1777553800087657,,,,client-1-3,Insert,-1394731,200,13874
client,client_request,completed,1777553800101798,1,,,1777553800087778,1777553800101798,1777553800087778,1777553800101798,,,,client-1-3,Insert,2748730,200,14020
client,client_request,completed,1777553800116126,1,,,1777553800101928,1777553800116126,1777553800101928,1777553800116126,,,,client-1-3,Insert,-1534157,200,14198
client,client_request,completed,1777553800130347,1,,,1777553800116263,1777553800130347,1777553800116263,1777553800130347,,,,client-1-3,Insert,-11890133,200,14084
client,client_request,completed,1777553800144244,1,,,1777553800130670,1777553800144244,1777553800130670,1777553800144244,,,,client-1-3,Remove,-14685295,200,13574
client,client_request,completed,1777553800158251,1,,,1777553800144339,1777553800158251,1777553800144339,1777553800158251,,,,client-1-3,Remove,-7665239,200,13912
client,client_request,completed,1777553800172541,1,,,1777553800158412,1777553800172541,1777553800158412,1777553800172541,,,,client-1-3,Insert,12045011,200,14129
client,client_request,completed,1777553800186955,1,,,1777553800172632,1777553800186955,1777553800172632,1777553800186955,,,,client-1-3,Remove,796566,200,14323
client,client_request,completed,1777553800200775,1,,,1777553800187057,1777553800200775,1777553800187057,1777553800200775,,,,client-1-3,Insert,5883089,200,13718
client,client_request,completed,1777553800214567,1,,,1777553800201089,1777553800214567,1777553800201089,1777553800214567,,,,client-1-3,Insert,-13528573,200,13478
client,client_request,completed,1777553800228758,1,,,1777553800214666,1777553800228758,1777553800214666,1777553800228758,,,,client-1-3,Remove,14152214,200,14092
client,client_request,completed,1777553800242726,1,,,1777553800228866,1777553800242726,1777553800228866,1777553800242726,,,,client-1-3,Remove,1288370,200,13860
client,client_request,completed,1777553800256704,1,,,1777553800242926,1777553800256704,1777553800242926,1777553800256704,,,,client-1-3,Insert,3683898,200,13778
client,client_request,completed,1777553800270748,1,,,1777553800256799,1777553800270748,1777553800256799,1777553800270748,,,,client-1-3,Remove,-4924671,200,13949
client,client_request,completed,1777553800284926,1,,,1777553800270890,1777553800284926,1777553800270890,1777553800284926,,,,client-1-3,Remove,-8668937,200,14036
client,client_request,completed,1777553800298962,1,,,1777553800285087,1777553800298962,1777553800285087,1777553800298962,,,,client-1-3,Insert,12413183,200,13875
client,client_request,completed,1777553800313164,1,,,1777553800299285,1777553800313164,1777553800299285,1777553800313164,,,,client-1-3,Insert,1420711,200,13879
client,client_request,completed,1777553800328264,1,,,1777553800313383,1777553800328264,1777553800313383,1777553800328264,,,,client-1-3,Remove,15673628,200,14881
client,client_request,completed,1777553800346316,1,,,1777553800328598,1777553800346316,1777553800328598,1777553800346316,,,,client-1-3,Remove,4682043,200,17718
client,client_request,completed,1777553800361854,1,,,1777553800346414,1777553800361854,1777553800346414,1777553800361854,,,,client-1-3,Remove,13804441,200,15440
client,client_request,completed,1777553800376483,1,,,1777553800362010,1777553800376483,1777553800362010,1777553800376483,,,,client-1-3,Insert,-4810204,200,14473
client,client_request,completed,1777553800391008,1,,,1777553800376814,1777553800391008,1777553800376814,1777553800391008,,,,client-1-3,Insert,8643037,200,14194
client,client_request,completed,1777553800407479,1,,,1777553800391333,1777553800407479,1777553800391333,1777553800407479,,,,client-1-3,Insert,-7794807,200,16146
client,client_request,completed,1777553800421590,1,,,1777553800407691,1777553800421590,1777553800407691,1777553800421590,,,,client-1-3,Remove,8308924,200,13899
client,client_request,completed,1777553800436518,1,,,1777553800421686,1777553800436518,1777553800421686,1777553800436518,,,,client-1-3,Insert,-6139680,200,14832
client,client_request,completed,1777553800450523,1,,,1777553800436716,1777553800450523,1777553800436716,1777553800450523,,,,client-1-3,Insert,-12174185,200,13807
client,client_request,completed,1777553800464870,1,,,1777553800450646,1777553800464870,1777553800450646,1777553800464870,,,,client-1-3,Insert,-15749491,200,14224
client,client_request,completed,1777553800479230,1,,,1777553800464973,1777553800479230,1777553800464973,1777553800479230,,,,client-1-3,Remove,-11092719,200,14257
client,client_request,completed,1777553800493769,1,,,1777553800479338,1777553800493769,1777553800479338,1777553800493769,,,,client-1-3,Insert,-8492045,200,14431
client,client_request,completed,1777553800508022,1,,,1777553800493885,1777553800508022,1777553800493885,1777553800508022,,,,client-1-3,Insert,4369583,200,14137
client,client_request,completed,1777553800522495,1,,,1777553800508123,1777553800522495,1777553800508123,1777553800522495,,,,client-1-3,Insert,15488497,200,14372
client,client_request,completed,1777553800536575,1,,,1777553800522596,1777553800536575,1777553800522596,1777553800536575,,,,client-1-3,Insert,4813788,200,13979
client,client_request,completed,1777553800614512,1,,,1777553800536911,1777553800614512,1777553800536911,1777553800614512,,,,client-1-3,Insert,8066071,200,77601
client,client_request,completed,1777553800628522,1,,,1777553800614620,1777553800628522,1777553800614620,1777553800628522,,,,client-1-3,Insert,3881592,200,13902
client,client_request,completed,1777553800642706,1,,,1777553800628853,1777553800642706,1777553800628853,1777553800642706,,,,client-1-3,Remove,13260781,200,13853
client,client_request,completed,1777553800656500,1,,,1777553800642887,1777553800656500,1777553800642887,1777553800656500,,,,client-1-3,Insert,8129075,200,13613
client,client_request,completed,1777553800670716,1,,,1777553800656593,1777553800670716,1777553800656593,1777553800670716,,,,client-1-3,Remove,-9845805,200,14123
client,client_request,completed,1777553800684826,1,,,1777553800670807,1777553800684826,1777553800670807,1777553800684826,,,,client-1-3,Remove,-8357513,200,14019
client,client_request,completed,1777553800698933,1,,,1777553800684920,1777553800698933,1777553800684920,1777553800698933,,,,client-1-3,Insert,-2392002,200,14013
client,client_request,completed,1777553800712435,1,,,1777553800699283,1777553800712435,1777553800699283,1777553800712435,,,,client-1-3,Insert,3452246,200,13152
client,client_request,completed,1777553800726499,1,,,1777553800712532,1777553800726499,1777553800712532,1777553800726499,,,,client-1-3,Insert,9817041,200,13967
client,client_request,completed,1777553800740745,1,,,1777553800726620,1777553800740745,1777553800726620,1777553800740745,,,,client-1-3,Insert,12043785,200,14125
client,client_request,completed,1777553800754849,1,,,1777553800740856,1777553800754849,1777553800740856,1777553800754849,,,,client-1-3,Remove,-15254144,200,13993
client,client_request,completed,1777553800769856,1,,,1777553800755181,1777553800769856,1777553800755181,1777553800769856,,,,client-1-3,Insert,-8417113,200,14675
client,client_request,completed,1777553800781104,1,,,1777553800770028,1777553800781104,1777553800770028,1777553800781104,,,,client-1-3,Insert,13870145,200,11076
client,client_request,completed,1777553800795325,1,,,1777553800781210,1777553800795325,1777553800781210,1777553800795325,,,,client-1-3,Remove,-12047294,200,14115
client,client_request,completed,1777553800809418,1,,,1777553800795427,1777553800809418,1777553800795427,1777553800809418,,,,client-1-3,Remove,-10657270,200,13991
client,client_request,completed,1777553800824489,1,,,1777553800809515,1777553800824489,1777553800809515,1777553800824489,,,,client-1-3,Insert,10337296,200,14974
client,client_request,completed,1777553800839807,1,,,1777553800824588,1777553800839807,1777553800824588,1777553800839807,,,,client-1-3,Insert,-16136463,200,15219
client,client_request,completed,1777553800854163,1,,,1777553800839910,1777553800854163,1777553800839910,1777553800854163,,,,client-1-3,Insert,5374199,200,14253
client,client_request,completed,1777553800868396,1,,,1777553800854543,1777553800868396,1777553800854543,1777553800868396,,,,client-1-3,Remove,-13429909,200,13853
client,client_request,completed,1777553800882849,1,,,1777553800868495,1777553800882849,1777553800868495,1777553800882849,,,,client-1-3,Insert,5523886,200,14354
client,client_request,completed,1777553800897023,1,,,1777553800882971,1777553800897023,1777553800882971,1777553800897023,,,,client-1-3,Remove,11103763,200,14052
client,client_request,completed,1777553800910781,1,,,1777553800897363,1777553800910781,1777553800897363,1777553800910781,,,,client-1-3,Insert,-10612736,200,13418
client,client_request,completed,1777553800924919,1,,,1777553800910904,1777553800924919,1777553800910904,1777553800924919,,,,client-1-3,Insert,-1008980,200,14015
client,client_request,completed,1777553800939207,1,,,1777553800925024,1777553800939207,1777553800925024,1777553800939207,,,,client-1-3,Insert,4771017,200,14183
client,client_request,completed,1777553800953191,1,,,1777553800939314,1777553800953191,1777553800939314,1777553800953191,,,,client-1-3,Insert,-8091987,200,13877
client,client_request,completed,1777553800967753,1,,,1777553800953529,1777553800967753,1777553800953529,1777553800967753,,,,client-1-3,Remove,-14166641,200,14224
client,client_request,completed,1777553800982474,1,,,1777553800967945,1777553800982474,1777553800967945,1777553800982474,,,,client-1-3,Insert,159710,200,14529
client,client_request,completed,1777553800997533,1,,,1777553800982798,1777553800997533,1777553800982798,1777553800997533,,,,client-1-3,Insert,-11562668,200,14735
client,client_request,completed,1777553801012189,1,,,1777553800997884,1777553801012189,1777553800997884,1777553801012189,,,,client-1-3,Remove,-10338614,200,14305
client,client_request,completed,1777553801026142,1,,,1777553801012384,1777553801026142,1777553801012384,1777553801026142,,,,client-1-3,Insert,-3702527,200,13758
client,client_request,completed,1777553801040643,1,,,1777553801026241,1777553801040643,1777553801026241,1777553801040643,,,,client-1-3,Remove,-8767543,200,14402
client,client_request,completed,1777553801055080,1,,,1777553801040743,1777553801055080,1777553801040743,1777553801055080,,,,client-1-3,Insert,-7886154,200,14337
client,client_request,completed,1777553801068997,1,,,1777553801055406,1777553801068997,1777553801055406,1777553801068997,,,,client-1-3,Insert,442169,200,13591
client,client_request,completed,1777553801083374,1,,,1777553801069095,1777553801083374,1777553801069095,1777553801083374,,,,client-1-3,Insert,6848626,200,14279
client,client_request,completed,1777553801097313,1,,,1777553801083681,1777553801097313,1777553801083681,1777553801097313,,,,client-1-3,Insert,-893943,200,13632
client,client_request,completed,1777553801112380,1,,,1777553801097423,1777553801112380,1777553801097423,1777553801112380,,,,client-1-3,Insert,-1850054,200,14957
client,client_request,completed,1777553801126426,1,,,1777553801112496,1777553801126426,1777553801112496,1777553801126426,,,,client-1-3,Insert,13391808,200,13930
client,client_request,completed,1777553801140548,1,,,1777553801126524,1777553801140548,1777553801126524,1777553801140548,,,,client-1-3,Remove,-12438879,200,14024
client,client_request,completed,1777553801154702,1,,,1777553801140865,1777553801154702,1777553801140865,1777553801154702,,,,client-1-3,Remove,-2327794,200,13837
client,client_request,completed,1777553801169071,1,,,1777553801154808,1777553801169071,1777553801154808,1777553801169071,,,,client-1-3,Insert,10814593,200,14263
client,client_request,completed,1777553801183623,1,,,1777553801169167,1777553801183623,1777553801169167,1777553801183623,,,,client-1-3,Insert,-10972356,200,14456
client,client_request,completed,1777553801197452,1,,,1777553801183760,1777553801197452,1777553801183760,1777553801197452,,,,client-1-3,Remove,-10957035,200,13692
client,client_request,completed,1777553801211674,1,,,1777553801197561,1777553801211674,1777553801197561,1777553801211674,,,,client-1-3,Insert,-366889,200,14113
client,client_request,completed,1777553801225926,1,,,1777553801211773,1777553801225926,1777553801211773,1777553801225926,,,,client-1-3,Insert,-10707899,200,14153
client,client_request,completed,1777553801239820,1,,,1777553801226268,1777553801239820,1777553801226268,1777553801239820,,,,client-1-3,Remove,14329073,200,13552
client,client_request,completed,1777553801254298,1,,,1777553801239928,1777553801254298,1777553801239928,1777553801254298,,,,client-1-3,Remove,-2372531,200,14370
client,client_request,completed,1777553801268758,1,,,1777553801254434,1777553801268758,1777553801254434,1777553801268758,,,,client-1-3,Remove,-3992776,200,14324
client,client_request,completed,1777553801282824,1,,,1777553801269107,1777553801282824,1777553801269107,1777553801282824,,,,client-1-3,Remove,8109895,200,13717
client,client_request,completed,1777553801297103,1,,,1777553801282929,1777553801297103,1777553801282929,1777553801297103,,,,client-1-3,Remove,10492845,200,14174
client,client_request,completed,1777553801311936,1,,,1777553801297274,1777553801311936,1777553801297274,1777553801311936,,,,client-1-3,Remove,8831895,200,14662
client,client_request,completed,1777553801338760,1,,,1777553801312076,1777553801338760,1777553801312076,1777553801338760,,,,client-1-3,Insert,11755773,200,26684
client,client_request,completed,1777553801354229,1,,,1777553801338840,1777553801354229,1777553801338840,1777553801354229,,,,client-1-3,Remove,-8610402,200,15389
client,client_request,completed,1777553801369561,1,,,1777553801354287,1777553801369561,1777553801354287,1777553801369561,,,,client-1-3,Insert,-436991,200,15274
client,client_request,completed,1777553801384705,1,,,1777553801369636,1777553801384705,1777553801369636,1777553801384705,,,,client-1-3,Remove,2376587,200,15069
client,client_request,completed,1777553801399655,1,,,1777553801384816,1777553801399655,1777553801384816,1777553801399655,,,,client-1-3,Insert,2695530,200,14839
client,client_request,completed,1777553801415092,1,,,1777553801399998,1777553801415092,1777553801399998,1777553801415092,,,,client-1-3,Remove,-15848153,200,15094
client,client_request,completed,1777553801430317,1,,,1777553801415427,1777553801430317,1777553801415427,1777553801430317,,,,client-1-3,Remove,-7351053,200,14890
client,client_request,completed,1777553801444506,1,,,1777553801430529,1777553801444506,1777553801430529,1777553801444506,,,,client-1-3,Insert,3868673,200,13977
client,client_request,completed,1777553801459453,1,,,1777553801444610,1777553801459453,1777553801444610,1777553801459453,,,,client-1-3,Insert,5209470,200,14843
client,client_request,completed,1777553801474058,1,,,1777553801459579,1777553801474058,1777553801459579,1777553801474058,,,,client-1-3,Remove,-3946406,200,14479
client,client_request,completed,1777553801488561,1,,,1777553801474270,1777553801488561,1777553801474270,1777553801488561,,,,client-1-3,Remove,-12776790,200,14291
client,client_request,completed,1777553801503104,1,,,1777553801488665,1777553801503104,1777553801488665,1777553801503104,,,,client-1-3,Remove,-2662950,200,14439
client,client_request,completed,1777553801517664,1,,,1777553801503230,1777553801517664,1777553801503230,1777553801517664,,,,client-1-3,Insert,13458005,200,14434
client,client_request,completed,1777553801532034,1,,,1777553801517853,1777553801532034,1777553801517853,1777553801532034,,,,client-1-3,Remove,7161265,200,14181
client,client_request,completed,1777553801616132,1,,,1777553801532149,1777553801616132,1777553801532149,1777553801616132,,,,client-1-3,Remove,12092188,200,83983
client,client_request,completed,1777553801632455,1,,,1777553801616368,1777553801632455,1777553801616368,1777553801632455,,,,client-1-3,Insert,-1243839,200,16087
client,client_request,completed,1777553801647740,1,,,1777553801632586,1777553801647740,1777553801632586,1777553801647740,,,,client-1-3,Insert,-11067002,200,15154
client,client_request,completed,1777553801662320,1,,,1777553801647951,1777553801662320,1777553801647951,1777553801662320,,,,client-1-3,Insert,11716797,200,14369
client,client_request,completed,1777553801677414,1,,,1777553801662421,1777553801677414,1777553801662421,1777553801677414,,,,client-1-3,Insert,-6313768,200,14993
client,client_request,completed,1777553801692701,1,,,1777553801677513,1777553801692701,1777553801677513,1777553801692701,,,,client-1-3,Insert,4559141,200,15188
client,client_request,completed,1777553801707166,1,,,1777553801692809,1777553801707166,1777553801692809,1777553801707166,,,,client-1-3,Insert,10055490,200,14357
client,client_request,completed,1777553801722182,1,,,1777553801707265,1777553801722182,1777553801707265,1777553801722182,,,,client-1-3,Insert,-6221567,200,14917
client,client_request,completed,1777553801736728,1,,,1777553801722305,1777553801736728,1777553801722305,1777553801736728,,,,client-1-3,Remove,7134133,200,14423
client,client_request,completed,1777553801751696,1,,,1777553801736825,1777553801751696,1777553801736825,1777553801751696,,,,client-1-3,Remove,-3902803,200,14871
client,client_request,completed,1777553801766769,1,,,1777553801751822,1777553801766769,1777553801751822,1777553801766769,,,,client-1-3,Insert,-13502781,200,14947
client,client_request,completed,1777553801781312,1,,,1777553801767096,1777553801781312,1777553801767096,1777553801781312,,,,client-1-3,Insert,14547174,200,14216
client,client_request,completed,1777553801796248,1,,,1777553801781409,1777553801796248,1777553801781409,1777553801796248,,,,client-1-3,Insert,-1387328,200,14839
client,client_request,completed,1777553801811459,1,,,1777553801796359,1777553801811459,1777553801796359,1777553801811459,,,,client-1-3,Insert,-5176988,200,15100
client,client_request,completed,1777553801826502,1,,,1777553801811561,1777553801826502,1777553801811561,1777553801826502,,,,client-1-3,Remove,4339995,200,14941
client,client_request,completed,1777553801841491,1,,,1777553801826601,1777553801841491,1777553801826601,1777553801841491,,,,client-1-3,Insert,7068895,200,14890
client,client_request,completed,1777553801856801,1,,,1777553801841593,1777553801856801,1777553801841593,1777553801856801,,,,client-1-3,Insert,-2265443,200,15208
client,client_request,completed,1777553801872107,1,,,1777553801856898,1777553801872107,1777553801856898,1777553801872107,,,,client-1-3,Insert,6777964,200,15209
client,client_request,completed,1777553801887637,1,,,1777553801872492,1777553801887637,1777553801872492,1777553801887637,,,,client-1-3,Insert,13327021,200,15145
client,client_request,completed,1777553801903307,1,,,1777553801887842,1777553801903307,1777553801887842,1777553801903307,,,,client-1-3,Remove,424704,200,15465
client,client_request,completed,1777553801918510,1,,,1777553801903412,1777553801918510,1777553801903412,1777553801918510,,,,client-1-3,Insert,8660194,200,15098
client,client_request,completed,1777553801933460,1,,,1777553801918854,1777553801933460,1777553801918854,1777553801933460,,,,client-1-3,Insert,-4679654,200,14606
client,client_request,completed,1777553801948847,1,,,1777553801933567,1777553801948847,1777553801933567,1777553801948847,,,,client-1-3,Insert,9978833,200,15280
client,client_request,completed,1777553801963649,1,,,1777553801948988,1777553801963649,1777553801948988,1777553801963649,,,,client-1-3,Remove,9624604,200,14661
client,client_request,completed,1777553801978984,1,,,1777553801963749,1777553801978984,1777553801963749,1777553801978984,,,,client-1-3,Remove,13498168,200,15235
client,client_request,completed,1777553801994655,1,,,1777553801979327,1777553801994655,1777553801979327,1777553801994655,,,,client-1-3,Remove,-5843472,200,15328
client,client_request,completed,1777553802009758,1,,,1777553801994853,1777553802009758,1777553801994853,1777553802009758,,,,client-1-3,Insert,629780,200,14905
client,client_request,completed,1777553802025267,1,,,1777553802009870,1777553802025267,1777553802009870,1777553802025267,,,,client-1-3,Insert,7692985,200,15397
client,client_request,completed,1777553802040814,1,,,1777553802025395,1777553802040814,1777553802025395,1777553802040814,,,,client-1-3,Insert,374874,200,15419
client,client_request,completed,1777553802055979,1,,,1777553802041158,1777553802055979,1777553802041158,1777553802055979,,,,client-1-3,Remove,14384981,200,14821
client,client_request,completed,1777553802071213,1,,,1777553802056085,1777553802071213,1777553802056085,1777553802071213,,,,client-1-3,Remove,-8270212,200,15128
client,client_request,completed,1777553802086195,1,,,1777553802071530,1777553802086195,1777553802071530,1777553802086195,,,,client-1-3,Insert,-7695826,200,14665
client,client_request,completed,1777553802101415,1,,,1777553802086294,1777553802101415,1777553802086294,1777553802101415,,,,client-1-3,Remove,-732503,200,15121
client,client_request,completed,1777553802116824,1,,,1777553802101743,1777553802116824,1777553802101743,1777553802116824,,,,client-1-3,Remove,11728087,200,15081
client,client_request,completed,1777553802132098,1,,,1777553802116940,1777553802132098,1777553802116940,1777553802132098,,,,client-1-3,Insert,5271079,200,15158
client,client_request,completed,1777553802147356,1,,,1777553802132450,1777553802147356,1777553802132450,1777553802147356,,,,client-1-3,Insert,-8538029,200,14906
client,client_request,completed,1777553802162906,1,,,1777553802147454,1777553802162906,1777553802147454,1777553802162906,,,,client-1-3,Remove,5958191,200,15452
client,client_request,completed,1777553802177932,1,,,1777553802163110,1777553802177932,1777553802163110,1777553802177932,,,,client-1-3,Insert,7227331,200,14822
client,client_request,completed,1777553802193266,1,,,1777553802178037,1777553802193266,1777553802178037,1777553802193266,,,,client-1-3,Insert,14757600,200,15229
client,client_request,completed,1777553802208741,1,,,1777553802193624,1777553802208741,1777553802193624,1777553802208741,,,,client-1-3,Insert,9419502,200,15117
client,client_request,completed,1777553802224870,1,,,1777553802208843,1777553802224870,1777553802208843,1777553802224870,,,,client-1-3,Remove,1782870,200,16027
client,client_request,completed,1777553802240070,1,,,1777553802224969,1777553802240070,1777553802224969,1777553802240070,,,,client-1-3,Remove,-1159345,200,15101
client,client_request,completed,1777553802255410,1,,,1777553802240167,1777553802255410,1777553802240167,1777553802255410,,,,client-1-3,Insert,8757582,200,15243
client,client_request,completed,1777553802270490,1,,,1777553802255740,1777553802270490,1777553802255740,1777553802270490,,,,client-1-3,Insert,413196,200,14750
client,client_request,completed,1777553802286046,1,,,1777553802270589,1777553802286046,1777553802270589,1777553802286046,,,,client-1-3,Insert,589301,200,15457
client,client_request,completed,1777553802301042,1,,,1777553802286393,1777553802301042,1777553802286393,1777553802301042,,,,client-1-3,Remove,10200534,200,14649
client,client_request,completed,1777553802316595,1,,,1777553802301138,1777553802316595,1777553802301138,1777553802316595,,,,client-1-3,Remove,-2777063,200,15457
client,client_request,completed,1777553802331824,1,,,1777553802316711,1777553802331824,1777553802316711,1777553802331824,,,,client-1-3,Remove,13905596,200,15113
client,client_request,completed,1777553802347067,1,,,1777553802332017,1777553802347067,1777553802332017,1777553802347067,,,,client-1-3,Insert,-16635833,200,15050
client,client_request,completed,1777553802363615,1,,,1777553802347180,1777553802363615,1777553802347180,1777553802363615,,,,client-1-3,Insert,10237533,200,16435
client,client_request,completed,1777553802379483,1,,,1777553802363749,1777553802379483,1777553802363749,1777553802379483,,,,client-1-3,Remove,-3034874,200,15734
client,client_request,completed,1777553802395030,1,,,1777553802379826,1777553802395030,1777553802379826,1777553802395030,,,,client-1-3,Insert,12004648,200,15204
client,client_request,completed,1777553802410906,1,,,1777553802395132,1777553802410906,1777553802395132,1777553802410906,,,,client-1-3,Remove,9182233,200,15774
client,client_request,completed,1777553802426600,1,,,1777553802411125,1777553802426600,1777553802411125,1777553802426600,,,,client-1-3,Insert,-4807893,200,15475
client,client_request,completed,1777553802442455,1,,,1777553802426704,1777553802442455,1777553802426704,1777553802442455,,,,client-1-3,Insert,-8970605,200,15751
client,client_request,completed,1777553802457733,1,,,1777553802442797,1777553802457733,1777553802442797,1777553802457733,,,,client-1-3,Remove,-7233490,200,14936
client,client_request,completed,1777553802473691,1,,,1777553802457834,1777553802473691,1777553802457834,1777553802473691,,,,client-1-3,Insert,10268285,200,15857
client,client_request,completed,1777553802489543,1,,,1777553802473816,1777553802489543,1777553802473816,1777553802489543,,,,client-1-3,Insert,6342192,200,15727
client,client_request,completed,1777553802504686,1,,,1777553802489882,1777553802504686,1777553802489882,1777553802504686,,,,client-1-3,Remove,13948773,200,14804
client,client_request,completed,1777553802520292,1,,,1777553802504801,1777553802520292,1777553802504801,1777553802520292,,,,client-1-3,Remove,-16004815,200,15491
client,client_request,completed,1777553802535821,1,,,1777553802520391,1777553802535821,1777553802520391,1777553802535821,,,,client-1-3,Remove,7197185,200,15430
client,client_request,completed,1777553802615047,1,,,1777553802535923,1777553802615047,1777553802535923,1777553802615047,,,,client-1-3,Remove,-14776716,200,79124
client,client_request,completed,1777553802630524,1,,,1777553802615151,1777553802630524,1777553802615151,1777553802630524,,,,client-1-3,Insert,3408417,200,15373
client,client_request,completed,1777553802645362,1,,,1777553802630714,1777553802645362,1777553802630714,1777553802645362,,,,client-1-3,Insert,6522635,200,14648
client,client_request,completed,1777553802660253,1,,,1777553802645723,1777553802660253,1777553802645723,1777553802660253,,,,client-1-3,Remove,-11130063,200,14530
client,client_request,completed,1777553802674934,1,,,1777553802660598,1777553802674934,1777553802660598,1777553802674934,,,,client-1-3,Remove,11015067,200,14336
client,client_request,completed,1777553802690006,1,,,1777553802675272,1777553802690006,1777553802675272,1777553802690006,,,,client-1-3,Remove,13575327,200,14734
client,client_request,completed,1777553802705028,1,,,1777553802690104,1777553802705028,1777553802690104,1777553802705028,,,,client-1-3,Remove,11426764,200,14924
client,client_request,completed,1777553802719900,1,,,1777553802705164,1777553802719900,1777553802705164,1777553802719900,,,,client-1-3,Remove,-1881054,200,14736
client,client_request,completed,1777553802735730,1,,,1777553802720007,1777553802735730,1777553802720007,1777553802735730,,,,client-1-3,Remove,-12402342,200,15723
client,client_request,completed,1777553802750673,1,,,1777553802736080,1777553802750673,1777553802736080,1777553802750673,,,,client-1-3,Remove,13324383,200,14593
client,client_request,completed,1777553802766140,1,,,1777553802750771,1777553802766140,1777553802750771,1777553802766140,,,,client-1-3,Remove,8143384,200,15369
client,client_request,completed,1777553802780952,1,,,1777553802766340,1777553802780952,1777553802766340,1777553802780952,,,,client-1-3,Remove,-9447009,200,14612
client,client_request,completed,1777553802796519,1,,,1777553802781061,1777553802796519,1777553802781061,1777553802796519,,,,client-1-3,Remove,-1761472,200,15458
client,client_request,completed,1777553802811881,1,,,1777553802796625,1777553802811881,1777553802796625,1777553802811881,,,,client-1-3,Remove,-9549104,200,15256
client,client_request,completed,1777553802827431,1,,,1777553802811987,1777553802827431,1777553802811987,1777553802827431,,,,client-1-3,Remove,14509739,200,15444
client,client_request,completed,1777553802842658,1,,,1777553802827561,1777553802842658,1777553802827561,1777553802842658,,,,client-1-3,Insert,2006672,200,15097
client,client_request,completed,1777553802858093,1,,,1777553802842766,1777553802858093,1777553802842766,1777553802858093,,,,client-1-3,Insert,-2416582,200,15327
client,client_request,completed,1777553802872992,1,,,1777553802858186,1777553802872992,1777553802858186,1777553802872992,,,,client-1-3,Insert,15228562,200,14806
client,client_request,completed,1777553802888247,1,,,1777553802873087,1777553802888247,1777553802873087,1777553802888247,,,,client-1-3,Insert,-1743260,200,15160
client,client_request,completed,1777553802903466,1,,,1777553802888409,1777553802903466,1777553802888409,1777553802903466,,,,client-1-3,Insert,5720967,200,15057
client,client_request,completed,1777553802921700,1,,,1777553802903798,1777553802921700,1777553802903798,1777553802921700,,,,client-1-3,Remove,10339158,200,17902
client,client_request,completed,1777553802937654,1,,,1777553802921880,1777553802937654,1777553802921880,1777553802937654,,,,client-1-3,Remove,2886796,200,15774
client,client_request,completed,1777553802953619,1,,,1777553802937798,1777553802953619,1777553802937798,1777553802953619,,,,client-1-3,Remove,-441376,200,15821
client,client_request,completed,1777553802970480,1,,,1777553802953726,1777553802970480,1777553802953726,1777553802970480,,,,client-1-3,Remove,-2216992,200,16754
client,client_request,completed,1777553802986940,1,,,1777553802970632,1777553802986940,1777553802970632,1777553802986940,,,,client-1-3,Insert,891043,200,16308
client,client_request,completed,1777553803004153,1,,,1777553802986996,1777553803004153,1777553802986996,1777553803004153,,,,client-1-3,Insert,5748066,200,17157
client,client_request,completed,1777553803022595,1,,,1777553803004216,1777553803022595,1777553803004216,1777553803022595,,,,client-1-3,Insert,-5466297,200,18379
client,client_request,completed,1777553803040868,1,,,1777553803022835,1777553803040868,1777553803022835,1777553803040868,,,,client-1-3,Insert,9056072,200,18033
client,client_request,completed,1777553803057979,1,,,1777553803041221,1777553803057979,1777553803041221,1777553803057979,,,,client-1-3,Remove,14549676,200,16758
client,client_request,completed,1777553803074528,1,,,1777553803058081,1777553803074528,1777553803058081,1777553803074528,,,,client-1-3,Remove,-13365839,200,16447
client,client_request,completed,1777553803090817,1,,,1777553803074627,1777553803090817,1777553803074627,1777553803090817,,,,client-1-3,Insert,-12403489,200,16190
client,client_request,completed,1777553803107336,1,,,1777553803090917,1777553803107336,1777553803090917,1777553803107336,,,,client-1-3,Remove,-5351257,200,16419
client,client_request,completed,1777553803123856,1,,,1777553803107437,1777553803123856,1777553803107437,1777553803123856,,,,client-1-3,Remove,15489249,200,16419
client,client_request,completed,1777553803140031,1,,,1777553803124237,1777553803140031,1777553803124237,1777553803140031,,,,client-1-3,Insert,-13754708,200,15794
client,client_request,completed,1777553803156168,1,,,1777553803140139,1777553803156168,1777553803140139,1777553803156168,,,,client-1-3,Insert,16708426,200,16029
client,client_request,completed,1777553803173274,1,,,1777553803156285,1777553803173274,1777553803156285,1777553803173274,,,,client-1-3,Insert,-13133547,200,16989
client,client_request,completed,1777553803191276,1,,,1777553803173373,1777553803191276,1777553803173373,1777553803191276,,,,client-1-3,Insert,-13959040,200,17903
client,client_request,completed,1777553803208160,1,,,1777553803191377,1777553803208160,1777553803191377,1777553803208160,,,,client-1-3,Remove,-11406892,200,16783
client,client_request,completed,1777553803225760,1,,,1777553803208279,1777553803225760,1777553803208279,1777553803225760,,,,client-1-3,Remove,8456675,200,17481
client,client_request,completed,1777553803243494,1,,,1777553803225859,1777553803243494,1777553803225859,1777553803243494,,,,client-1-3,Remove,-15358954,200,17635
client,client_request,completed,1777553803260636,1,,,1777553803243702,1777553803260636,1777553803243702,1777553803260636,,,,client-1-3,Insert,11053053,200,16934
client,client_request,completed,1777553803278148,1,,,1777553803260734,1777553803278148,1777553803260734,1777553803278148,,,,client-1-3,Insert,-6702807,200,17414
client,client_request,completed,1777553803295057,1,,,1777553803278351,1777553803295057,1777553803278351,1777553803295057,,,,client-1-3,Insert,-6814185,200,16706
client,client_request,completed,1777553803312677,1,,,1777553803295156,1777553803312677,1777553803295156,1777553803312677,,,,client-1-3,Insert,14675009,200,17521
client,client_request,completed,1777553803329258,1,,,1777553803312887,1777553803329258,1777553803312887,1777553803329258,,,,client-1-3,Remove,8323580,200,16371
client,client_request,completed,1777553803345799,1,,,1777553803329610,1777553803345799,1777553803329610,1777553803345799,,,,client-1-3,Remove,10351297,200,16189
client,client_request,completed,1777553803362085,1,,,1777553803345901,1777553803362085,1777553803345901,1777553803362085,,,,client-1-3,Insert,-8837387,200,16184
client,client_request,completed,1777553803378582,1,,,1777553803362185,1777553803378582,1777553803362185,1777553803378582,,,,client-1-3,Insert,-9862101,200,16397
client,client_request,completed,1777553803395247,1,,,1777553803378971,1777553803395247,1777553803378971,1777553803395247,,,,client-1-3,Remove,8853408,200,16276
client,client_request,completed,1777553803411570,1,,,1777553803395578,1777553803411570,1777553803395578,1777553803411570,,,,client-1-3,Insert,-10895831,200,15992
client,client_request,completed,1777553803427857,1,,,1777553803411697,1777553803427857,1777553803411697,1777553803427857,,,,client-1-3,Insert,13699204,200,16160
client,client_request,completed,1777553803444095,1,,,1777553803427982,1777553803444095,1777553803427982,1777553803444095,,,,client-1-3,Insert,-9218021,200,16113
client,client_request,completed,1777553803460331,1,,,1777553803444213,1777553803460331,1777553803444213,1777553803460331,,,,client-1-3,Insert,-6964723,200,16118
client,client_request,completed,1777553803476607,1,,,1777553803460429,1777553803476607,1777553803460429,1777553803476607,,,,client-1-3,Insert,-5317799,200,16178
client,client_request,completed,1777553803493288,1,,,1777553803476705,1777553803493288,1777553803476705,1777553803493288,,,,client-1-3,Insert,14959283,200,16583
client,client_request,completed,1777553803510435,1,,,1777553803493493,1777553803510435,1777553803493493,1777553803510435,,,,client-1-3,Remove,-4614345,200,16942
client,client_request,completed,1777553803527874,1,,,1777553803510793,1777553803527874,1777553803510793,1777553803527874,,,,client-1-3,Remove,-8481985,200,17081
client,client_request,completed,1777553803607113,1,,,1777553803527974,1777553803607113,1777553803527974,1777553803607113,,,,client-1-3,Insert,16306218,200,79139
client,client_request,completed,1777553803624050,1,,,1777553803607469,1777553803624050,1777553803607469,1777553803624050,,,,client-1-3,Insert,12136165,200,16581
client,client_request,completed,1777553803640810,1,,,1777553803624151,1777553803640810,1777553803624151,1777553803640810,,,,client-1-3,Insert,-1668789,200,16659
client,client_request,completed,1777553803657020,1,,,1777553803641013,1777553803657020,1777553803641013,1777553803657020,,,,client-1-3,Insert,15623021,200,16007
client,client_request,completed,1777553803673334,1,,,1777553803657378,1777553803673334,1777553803657378,1777553803673334,,,,client-1-3,Remove,-15450742,200,15956
client,client_request,completed,1777553803689821,1,,,1777553803673459,1777553803689821,1777553803673459,1777553803689821,,,,client-1-3,Remove,10341459,200,16362
client,client_request,completed,1777553803706264,1,,,1777553803689921,1777553803706264,1777553803689921,1777553803706264,,,,client-1-3,Insert,-1260128,200,16343
client,client_request,completed,1777553803722653,1,,,1777553803706360,1777553803722653,1777553803706360,1777553803722653,,,,client-1-3,Remove,16087557,200,16293
client,client_request,completed,1777553803739388,1,,,1777553803722752,1777553803739388,1777553803722752,1777553803739388,,,,client-1-3,Remove,15841663,200,16636
client,client_request,completed,1777553803755928,1,,,1777553803739596,1777553803755928,1777553803739596,1777553803755928,,,,client-1-3,Remove,5682487,200,16332
client,client_request,completed,1777553803772365,1,,,1777553803756043,1777553803772365,1777553803756043,1777553803772365,,,,client-1-3,Remove,-14442391,200,16322
client,client_request,completed,1777553803788845,1,,,1777553803772458,1777553803788845,1777553803772458,1777553803788845,,,,client-1-3,Insert,-6723133,200,16387
client,client_request,completed,1777553803806458,1,,,1777553803788937,1777553803806458,1777553803788937,1777553803806458,,,,client-1-3,Insert,1081734,200,17521
client,client_request,completed,1777553803822708,1,,,1777553803806559,1777553803822708,1777553803806559,1777553803822708,,,,client-1-3,Remove,2128550,200,16149
client,client_request,completed,1777553803840301,1,,,1777553803822802,1777553803840301,1777553803822802,1777553803840301,,,,client-1-3,Insert,-7322846,200,17499
client,client_request,completed,1777553803859825,1,,,1777553803840401,1777553803859825,1777553803840401,1777553803859825,,,,client-1-3,Remove,-14309331,200,19424
client,client_request,completed,1777553803878593,1,,,1777553803859928,1777553803878593,1777553803859928,1777553803878593,,,,client-1-3,Insert,-3614194,200,18665
client,client_request,completed,1777553803896381,1,,,1777553803878711,1777553803896381,1777553803878711,1777553803896381,,,,client-1-3,Insert,-10180967,200,17670
client,client_request,completed,1777553803914625,1,,,1777553803896484,1777553803914625,1777553803896484,1777553803914625,,,,client-1-3,Insert,-1043292,200,18141
client,client_request,completed,1777553803934615,1,,,1777553803914726,1777553803934615,1777553803914726,1777553803934615,,,,client-1-3,Remove,-13369503,200,19889
client,client_request,completed,1777553803952864,1,,,1777553803934719,1777553803952864,1777553803934719,1777553803952864,,,,client-1-3,Insert,-15345872,200,18145
client,client_request,completed,1777553803970470,1,,,1777553803953216,1777553803970470,1777553803953216,1777553803970470,,,,client-1-3,Insert,-9947205,200,17254
client,client_request,completed,1777553803987112,1,,,1777553803970579,1777553803987112,1777553803970579,1777553803987112,,,,client-1-3,Remove,-2371346,200,16533
client,client_request,completed,1777553804004096,1,,,1777553803987210,1777553804004096,1777553803987210,1777553804004096,,,,client-1-3,Remove,-14787717,200,16886
client,client_request,completed,1777553804020891,1,,,1777553804004555,1777553804020891,1777553804004555,1777553804020891,,,,client-1-3,Insert,7784014,200,16336
client,client_request,completed,1777553804037879,1,,,1777553804020989,1777553804037879,1777553804020989,1777553804037879,,,,client-1-3,Insert,-14777819,200,16890
client,client_request,completed,1777553804054641,1,,,1777553804037979,1777553804054641,1777553804037979,1777553804054641,,,,client-1-3,Remove,16638867,200,16662
client,client_request,completed,1777553804071270,1,,,1777553804054739,1777553804071270,1777553804054739,1777553804071270,,,,client-1-3,Insert,16212183,200,16531
client,client_request,completed,1777553804087451,1,,,1777553804071469,1777553804087451,1777553804071469,1777553804087451,,,,client-1-3,Remove,11106023,200,15982
client,client_request,completed,1777553804103987,1,,,1777553804087553,1777553804103987,1777553804087553,1777553804103987,,,,client-1-3,Insert,2038745,200,16434
client,client_request,completed,1777553804120714,1,,,1777553804104085,1777553804120714,1777553804104085,1777553804120714,,,,client-1-3,Remove,-1176722,200,16629
client,client_request,completed,1777553804137266,1,,,1777553804120812,1777553804137266,1777553804120812,1777553804137266,,,,client-1-3,Insert,6172352,200,16454
client,client_request,completed,1777553804154889,1,,,1777553804137364,1777553804154889,1777553804137364,1777553804154889,,,,client-1-3,Remove,12385821,200,17525
client,client_request,completed,1777553804172551,1,,,1777553804154986,1777553804172551,1777553804154986,1777553804172551,,,,client-1-3,Insert,-2478764,200,17565
client,client_request,completed,1777553804191168,1,,,1777553804172678,1777553804191168,1777553804172678,1777553804191168,,,,client-1-3,Remove,6587017,200,18490
client,client_request,completed,1777553804207723,1,,,1777553804191279,1777553804207723,1777553804191279,1777553804207723,,,,client-1-3,Insert,1231998,200,16444
client,client_request,completed,1777553804224607,1,,,1777553804207831,1777553804224607,1777553804207831,1777553804224607,,,,client-1-3,Insert,15104472,200,16776
client,client_request,completed,1777553804240807,1,,,1777553804224965,1777553804240807,1777553804224965,1777553804240807,,,,client-1-3,Remove,11508959,200,15842
client,client_request,completed,1777553804258762,1,,,1777553804240932,1777553804258762,1777553804240932,1777553804258762,,,,client-1-3,Insert,12197790,200,17830
client,client_request,completed,1777553804276285,1,,,1777553804258868,1777553804276285,1777553804258868,1777553804276285,,,,client-1-3,Remove,12386246,200,17417
client,client_request,completed,1777553804293238,1,,,1777553804276408,1777553804293238,1777553804276408,1777553804293238,,,,client-1-3,Remove,-1738931,200,16830
client,client_request,completed,1777553804310093,1,,,1777553804293363,1777553804310093,1777553804293363,1777553804310093,,,,client-1-3,Remove,8809914,200,16730
client,client_request,completed,1777553804326724,1,,,1777553804310449,1777553804326724,1777553804310449,1777553804326724,,,,client-1-3,Insert,8268871,200,16275
client,client_request,completed,1777553804343515,1,,,1777553804326923,1777553804343515,1777553804326923,1777553804343515,,,,client-1-3,Insert,-16625030,200,16592
client,client_request,completed,1777553804361022,1,,,1777553804343614,1777553804361022,1777553804343614,1777553804361022,,,,client-1-3,Insert,-697378,200,17408
client,client_request,completed,1777553804378555,1,,,1777553804361121,1777553804378555,1777553804361121,1777553804378555,,,,client-1-3,Insert,-14615476,200,17434
client,client_request,completed,1777553804395772,1,,,1777553804378654,1777553804395772,1777553804378654,1777553804395772,,,,client-1-3,Remove,3181420,200,17118
client,client_request,completed,1777553804412742,1,,,1777553804395980,1777553804412742,1777553804395980,1777553804412742,,,,client-1-3,Remove,6028483,200,16762
client,client_request,completed,1777553804430118,1,,,1777553804412942,1777553804430118,1777553804412942,1777553804430118,,,,client-1-3,Insert,-11834689,200,17176
client,client_request,completed,1777553804447002,1,,,1777553804430218,1777553804447002,1777553804430218,1777553804447002,,,,client-1-3,Remove,9148612,200,16784
client,client_request,completed,1777553804463958,1,,,1777553804447102,1777553804463958,1777553804447102,1777553804463958,,,,client-1-3,Remove,7018675,200,16856
client,client_request,completed,1777553804483078,1,,,1777553804464065,1777553804483078,1777553804464065,1777553804483078,,,,client-1-3,Remove,12544578,200,19013
client,client_request,completed,1777553804502595,1,,,1777553804483182,1777553804502595,1777553804483182,1777553804502595,,,,client-1-3,Remove,15880161,200,19413
client,client_request,completed,1777553804520749,1,,,1777553804502949,1777553804520749,1777553804502949,1777553804520749,,,,client-1-3,Remove,16685859,200,17800
client,client_request,completed,1777553804538083,1,,,1777553804520858,1777553804538083,1777553804520858,1777553804538083,,,,client-1-3,Remove,-16040848,200,17225
client,client_request,completed,1777553804618385,1,,,1777553804538198,1777553804618385,1777553804538198,1777553804618385,,,,client-1-3,Insert,5886471,200,80187
client,client_request,completed,1777553804634661,1,,,1777553804618492,1777553804634661,1777553804618492,1777553804634661,,,,client-1-3,Insert,12577912,200,16169
client,client_request,completed,1777553804651049,1,,,1777553804634784,1777553804651049,1777553804634784,1777553804651049,,,,client-1-3,Remove,7119352,200,16265
client,client_request,completed,1777553804667777,1,,,1777553804651396,1777553804667777,1777553804651396,1777553804667777,,,,client-1-3,Remove,664659,200,16381
client,client_request,completed,1777553804684742,1,,,1777553804668127,1777553804684742,1777553804668127,1777553804684742,,,,client-1-3,Remove,-15722191,200,16615
client,client_request,completed,1777553804701357,1,,,1777553804684852,1777553804701357,1777553804684852,1777553804701357,,,,client-1-3,Remove,-4913427,200,16505
client,client_request,completed,1777553804718712,1,,,1777553804701713,1777553804718712,1777553804701713,1777553804718712,,,,client-1-3,Remove,944814,200,16999
client,client_request,completed,1777553804735048,1,,,1777553804718810,1777553804735048,1777553804718810,1777553804735048,,,,client-1-3,Remove,-16118231,200,16238
client,client_request,completed,1777553804751573,1,,,1777553804735147,1777553804751573,1777553804735147,1777553804751573,,,,client-1-3,Remove,-16305958,200,16426
client,client_request,completed,1777553804768821,1,,,1777553804751923,1777553804768821,1777553804751923,1777553804768821,,,,client-1-3,Insert,-14776555,200,16898
client,client_request,completed,1777553804787061,1,,,1777553804768943,1777553804787061,1777553804768943,1777553804787061,,,,client-1-3,Insert,1226527,200,18118
client,client_request,completed,1777553804804631,1,,,1777553804787160,1777553804804631,1777553804787160,1777553804804631,,,,client-1-3,Remove,-13797925,200,17471
client,client_request,completed,1777553804822805,1,,,1777553804804720,1777553804822805,1777553804804720,1777553804822805,,,,client-1-3,Remove,6306844,200,18085
client,client_request,completed,1777553804840116,1,,,1777553804822922,1777553804840116,1777553804822922,1777553804840116,,,,client-1-3,Remove,-5532424,200,17194
client,client_request,completed,1777553804857451,1,,,1777553804840251,1777553804857451,1777553804840251,1777553804857451,,,,client-1-3,Insert,4012132,200,17200
client,client_request,completed,1777553804874765,1,,,1777553804857572,1777553804874765,1777553804857572,1777553804874765,,,,client-1-3,Remove,-224556,200,17193
client,client_request,completed,1777553804892555,1,,,1777553804874871,1777553804892555,1777553804874871,1777553804892555,,,,client-1-3,Insert,447547,200,17684
client,client_request,completed,1777553804909205,1,,,1777553804892654,1777553804909205,1777553804892654,1777553804909205,,,,client-1-3,Insert,6090934,200,16551
client,client_request,completed,1777553804926341,1,,,1777553804909300,1777553804926341,1777553804909300,1777553804926341,,,,client-1-3,Insert,6869514,200,17041
client,client_request,completed,1777553804943778,1,,,1777553804926438,1777553804943778,1777553804926438,1777553804943778,,,,client-1-3,Insert,-14615030,200,17340
client,client_request,completed,1777553804961724,1,,,1777553804944130,1777553804961724,1777553804944130,1777553804961724,,,,client-1-3,Insert,1291549,200,17594
client,client_request,completed,1777553804978811,1,,,1777553804961847,1777553804978811,1777553804961847,1777553804978811,,,,client-1-3,Insert,-14753409,200,16964
client,client_request,completed,1777553804995633,1,,,1777553804978911,1777553804995633,1777553804978911,1777553804995633,,,,client-1-3,Remove,-528407,200,16722
client,client_request,completed,1777553805013032,1,,,1777553804995729,1777553805013032,1777553804995729,1777553805013032,,,,client-1-3,Insert,11730830,200,17303
client,client_request,completed,1777553805032424,1,,,1777553805013148,1777553805032424,1777553805013148,1777553805032424,,,,client-1-3,Remove,14774291,200,19276
client,client_request,completed,1777553805050319,1,,,1777553805032533,1777553805050319,1777553805032533,1777553805050319,,,,client-1-3,Insert,-13179648,200,17786
client,client_request,completed,1777553805068943,1,,,1777553805050358,1777553805068943,1777553805050358,1777553805068943,,,,client-1-3,Remove,-3637757,200,18585
client,client_request,completed,1777553805087742,1,,,1777553805068998,1777553805087742,1777553805068998,1777553805087742,,,,client-1-3,Insert,-4553821,200,18744
client,client_request,completed,1777553805106103,1,,,1777553805087817,1777553805106103,1777553805087817,1777553805106103,,,,client-1-3,Remove,12134201,200,18286
client,client_request,completed,1777553805123738,1,,,1777553805106466,1777553805123738,1777553805106466,1777553805123738,,,,client-1-3,Remove,-1530460,200,17272
client,client_request,completed,1777553805141213,1,,,1777553805123850,1777553805141213,1777553805123850,1777553805141213,,,,client-1-3,Insert,-4205712,200,17363
client,client_request,completed,1777553805158518,1,,,1777553805141352,1777553805158518,1777553805141352,1777553805158518,,,,client-1-3,Remove,1023310,200,17166
client,client_request,completed,1777553805175656,1,,,1777553805158625,1777553805175656,1777553805158625,1777553805175656,,,,client-1-3,Insert,7763590,200,17031
client,client_request,completed,1777553805193013,1,,,1777553805175765,1777553805193013,1777553805175765,1777553805193013,,,,client-1-3,Remove,-11199559,200,17248
client,client_request,completed,1777553805210741,1,,,1777553805193119,1777553805210741,1777553805193119,1777553805210741,,,,client-1-3,Insert,-4544769,200,17622
client,client_request,completed,1777553805227616,1,,,1777553805210852,1777553805227616,1777553805210852,1777553805227616,,,,client-1-3,Remove,2141458,200,16764
client,client_request,completed,1777553805244793,1,,,1777553805227732,1777553805244793,1777553805227732,1777553805244793,,,,client-1-3,Insert,-13980018,200,17061
client,client_request,completed,1777553805262529,1,,,1777553805244898,1777553805262529,1777553805244898,1777553805262529,,,,client-1-3,Remove,13302011,200,17631
client,client_request,completed,1777553805279535,1,,,1777553805262742,1777553805279535,1777553805262742,1777553805279535,,,,client-1-3,Insert,-12314571,200,16793
client,client_request,completed,1777553805296645,1,,,1777553805279894,1777553805296645,1777553805279894,1777553805296645,,,,client-1-3,Remove,10915199,200,16751
client,client_request,completed,1777553805314004,1,,,1777553805296781,1777553805314004,1777553805296781,1777553805314004,,,,client-1-3,Remove,-1668244,200,17223
client,client_request,completed,1777553805331274,1,,,1777553805314112,1777553805331274,1777553805314112,1777553805331274,,,,client-1-3,Remove,15631849,200,17162
client,client_request,completed,1777553805348673,1,,,1777553805331480,1777553805348673,1777553805331480,1777553805348673,,,,client-1-3,Insert,-13070121,200,17193
client,client_request,completed,1777553805365972,1,,,1777553805348786,1777553805365972,1777553805348786,1777553805365972,,,,client-1-3,Remove,15777655,200,17186
client,client_request,completed,1777553805383170,1,,,1777553805366079,1777553805383170,1777553805366079,1777553805383170,,,,client-1-3,Insert,6638605,200,17091
client,client_request,completed,1777553805400627,1,,,1777553805383276,1777553805400627,1777553805383276,1777553805400627,,,,client-1-3,Insert,-15062946,200,17351
client,client_request,completed,1777553805418226,1,,,1777553805400843,1777553805418226,1777553805400843,1777553805418226,,,,client-1-3,Insert,9674211,200,17383
client,client_request,completed,1777553805435428,1,,,1777553805418319,1777553805435428,1777553805418319,1777553805435428,,,,client-1-3,Remove,7941598,200,17109
client,client_request,completed,1777553805452610,1,,,1777553805435540,1777553805452610,1777553805435540,1777553805452610,,,,client-1-3,Insert,-5915167,200,17070
client,client_request,completed,1777553805470314,1,,,1777553805452717,1777553805470314,1777553805452717,1777553805470314,,,,client-1-3,Insert,-12941321,200,17597
client,client_request,completed,1777553805488303,1,,,1777553805470528,1777553805488303,1777553805470528,1777553805488303,,,,client-1-3,Remove,8553779,200,17775
client,client_request,completed,1777553805505445,1,,,1777553805488434,1777553805505445,1777553805488434,1777553805505445,,,,client-1-3,Insert,-10418015,200,17011
client,client_request,completed,1777553805522802,1,,,1777553805505590,1777553805522802,1777553805505590,1777553805522802,,,,client-1-3,Remove,-5671986,200,17212
client,client_request,completed,1777553805540284,1,,,1777553805522909,1777553805540284,1777553805522909,1777553805540284,,,,client-1-3,Insert,4402155,200,17375
client,client_request,completed,1777553805622565,1,,,1777553805540396,1777553805622565,1777553805540396,1777553805622565,,,,client-1-3,Remove,-1451792,200,82169
client,client_request,completed,1777553805639784,1,,,1777553805622710,1777553805639784,1777553805622710,1777553805639784,,,,client-1-3,Remove,5039858,200,17074
client,client_request,completed,1777553805656880,1,,,1777553805639891,1777553805656880,1777553805639891,1777553805656880,,,,client-1-3,Remove,-13963160,200,16989
client,client_request,completed,1777553805674158,1,,,1777553805656988,1777553805674158,1777553805656988,1777553805674158,,,,client-1-3,Remove,-8777958,200,17170
client,client_request,completed,1777553805691640,1,,,1777553805674265,1777553805691640,1777553805674265,1777553805691640,,,,client-1-3,Insert,1505762,200,17375
client,client_request,completed,1777553805708763,1,,,1777553805691860,1777553805708763,1777553805691860,1777553805708763,,,,client-1-3,Remove,736348,200,16903
client,client_request,completed,1777553805726005,1,,,1777553805708973,1777553805726005,1777553805708973,1777553805726005,,,,client-1-3,Insert,14075022,200,17032
client,client_request,completed,1777553805743245,1,,,1777553805726220,1777553805743245,1777553805726220,1777553805743245,,,,client-1-3,Insert,15462616,200,17025
client,client_request,completed,1777553805760472,1,,,1777553805743460,1777553805760472,1777553805743460,1777553805760472,,,,client-1-3,Insert,-2978988,200,17012
client,client_request,completed,1777553805777256,1,,,1777553805760830,1777553805777256,1777553805760830,1777553805777256,,,,client-1-3,Remove,-12907985,200,16426
client,client_request,completed,1777553805794802,1,,,1777553805777355,1777553805794802,1777553805777355,1777553805794802,,,,client-1-3,Insert,8088404,200,17447
client,client_request,completed,1777553805812050,1,,,1777553805794903,1777553805812050,1777553805794903,1777553805812050,,,,client-1-3,Insert,-10986102,200,17147
client,client_request,completed,1777553805829294,1,,,1777553805812148,1777553805829294,1777553805812148,1777553805829294,,,,client-1-3,Insert,5399270,200,17146
client,client_request,completed,1777553805846789,1,,,1777553805829395,1777553805846789,1777553805829395,1777553805846789,,,,client-1-3,Insert,12131565,200,17394
client,client_request,completed,1777553805864147,1,,,1777553805846895,1777553805864147,1777553805846895,1777553805864147,,,,client-1-3,Remove,9850649,200,17252
client,client_request,completed,1777553805881485,1,,,1777553805864279,1777553805881485,1777553805864279,1777553805881485,,,,client-1-3,Insert,-3740066,200,17206
client,client_request,completed,1777553805898882,1,,,1777553805881591,1777553805898882,1777553805881591,1777553805898882,,,,client-1-3,Remove,2223631,200,17291
client,client_request,completed,1777553805916084,1,,,1777553805898988,1777553805916084,1777553805898988,1777553805916084,,,,client-1-3,Insert,-6558248,200,17096
client,client_request,completed,1777553805934915,1,,,1777553805916208,1777553805934915,1777553805916208,1777553805934915,,,,client-1-3,Insert,-2921375,200,18707
client,client_request,completed,1777553805952164,1,,,1777553805935026,1777553805952164,1777553805935026,1777553805952164,,,,client-1-3,Insert,835260,200,17138
client,client_request,completed,1777553805969660,1,,,1777553805952288,1777553805969660,1777553805952288,1777553805969660,,,,client-1-3,Insert,10133632,200,17372
client,client_request,completed,1777553805987294,1,,,1777553805969767,1777553805987294,1777553805969767,1777553805987294,,,,client-1-3,Remove,-7446116,200,17527
client,client_request,completed,1777553806004885,1,,,1777553805987405,1777553806004885,1777553805987405,1777553806004885,,,,client-1-3,Insert,1395103,200,17480
client,client_request,completed,1777553806022504,1,,,1777553806004990,1777553806022504,1777553806004990,1777553806022504,,,,client-1-3,Insert,-1148544,200,17514
client,client_request,completed,1777553806040076,1,,,1777553806022610,1777553806040076,1777553806022610,1777553806040076,,,,client-1-3,Insert,8630804,200,17466
client,client_request,completed,1777553806057559,1,,,1777553806040210,1777553806057559,1777553806040210,1777553806057559,,,,client-1-3,Insert,-2316729,200,17349
client,client_request,completed,1777553806075147,1,,,1777553806057664,1777553806075147,1777553806057664,1777553806075147,,,,client-1-3,Insert,3773428,200,17483
client,client_request,completed,1777553806092600,1,,,1777553806075255,1777553806092600,1777553806075255,1777553806092600,,,,client-1-3,Remove,992899,200,17345
client,client_request,completed,1777553806110320,1,,,1777553806092706,1777553806110320,1777553806092706,1777553806110320,,,,client-1-3,Insert,-10277559,200,17614
client,client_request,completed,1777553806127970,1,,,1777553806110428,1777553806127970,1777553806110428,1777553806127970,,,,client-1-3,Insert,-14214176,200,17542
client,client_request,completed,1777553806145414,1,,,1777553806128077,1777553806145414,1777553806128077,1777553806145414,,,,client-1-3,Remove,12206066,200,17337
client,client_request,completed,1777553806163072,1,,,1777553806145521,1777553806163072,1777553806145521,1777553806163072,,,,client-1-3,Remove,15552087,200,17551
client,client_request,completed,1777553806180457,1,,,1777553806163178,1777553806180457,1777553806163178,1777553806180457,,,,client-1-3,Insert,-11176102,200,17279
client,client_request,completed,1777553806198062,1,,,1777553806180564,1777553806198062,1777553806180564,1777553806198062,,,,client-1-3,Remove,-4235932,200,17498
client,client_request,completed,1777553806215477,1,,,1777553806198168,1777553806215477,1777553806198168,1777553806215477,,,,client-1-3,Insert,553872,200,17309
client,client_request,completed,1777553806232836,1,,,1777553806215602,1777553806232836,1777553806215602,1777553806232836,,,,client-1-3,Insert,13396799,200,17234
client,client_request,completed,1777553806250456,1,,,1777553806232942,1777553806250456,1777553806232942,1777553806250456,,,,client-1-3,Remove,5933979,200,17514
client,client_request,completed,1777553806267707,1,,,1777553806250563,1777553806267707,1777553806250563,1777553806267707,,,,client-1-3,Insert,13204218,200,17144
client,client_request,completed,1777553806285435,1,,,1777553806267806,1777553806285435,1777553806267806,1777553806285435,,,,client-1-3,Remove,-559429,200,17629
client,client_request,completed,1777553806303371,1,,,1777553806285543,1777553806303371,1777553806285543,1777553806303371,,,,client-1-3,Remove,-14105777,200,17828
client,client_request,completed,1777553806323720,1,,,1777553806303478,1777553806323720,1777553806303478,1777553806323720,,,,client-1-3,Remove,15049146,200,20242
client,client_request,completed,1777553806342121,1,,,1777553806323834,1777553806342121,1777553806323834,1777553806342121,,,,client-1-3,Insert,-12857147,200,18287
client,client_request,completed,1777553806359688,1,,,1777553806342329,1777553806359688,1777553806342329,1777553806359688,,,,client-1-3,Remove,8965797,200,17359
client,client_request,completed,1777553806377308,1,,,1777553806359896,1777553806377308,1777553806359896,1777553806377308,,,,client-1-3,Remove,-4550221,200,17412
client,client_request,completed,1777553806395872,1,,,1777553806377517,1777553806395872,1777553806377517,1777553806395872,,,,client-1-3,Remove,-788405,200,18355
client,client_request,completed,1777553806413928,1,,,1777553806395991,1777553806413928,1777553806395991,1777553806413928,,,,client-1-3,Remove,-11209887,200,17937
client,client_request,completed,1777553806431301,1,,,1777553806414035,1777553806431301,1777553806414035,1777553806431301,,,,client-1-3,Remove,-14190929,200,17266
client,client_request,completed,1777553806448872,1,,,1777553806431409,1777553806448872,1777553806431409,1777553806448872,,,,client-1-3,Remove,11108341,200,17463
client,client_request,completed,1777553806466460,1,,,1777553806448983,1777553806466460,1777553806448983,1777553806466460,,,,client-1-3,Insert,-4490153,200,17477
client,client_request,completed,1777553806484164,1,,,1777553806466569,1777553806484164,1777553806466569,1777553806484164,,,,client-1-3,Insert,-1861906,200,17595
client,client_request,completed,1777553806501635,1,,,1777553806484288,1777553806501635,1777553806484288,1777553806501635,,,,client-1-3,Insert,7299858,200,17347
client,client_request,completed,1777553806519514,1,,,1777553806501769,1777553806519514,1777553806501769,1777553806519514,,,,client-1-3,Insert,4266958,200,17745
client,client_request,completed,1777553806542319,1,,,1777553806519649,1777553806542319,1777553806519649,1777553806542319,,,,client-1-3,Insert,10791242,200,22670
client,client_request,completed,1777553806620123,1,,,1777553806542797,1777553806620123,1777553806542797,1777553806620123,,,,client-1-3,Remove,6061625,200,77326
client,client_request,completed,1777553806637733,1,,,1777553806620242,1777553806637733,1777553806620242,1777553806637733,,,,client-1-3,Remove,-10863006,200,17491
client,client_request,completed,1777553806656100,1,,,1777553806637838,1777553806656100,1777553806637838,1777553806656100,,,,client-1-3,Insert,-15072880,200,18262
client,client_request,completed,1777553806674381,1,,,1777553806656532,1777553806674381,1777553806656532,1777553806674381,,,,client-1-3,Insert,-14581570,200,17849
client,client_request,completed,1777553806692103,1,,,1777553806674591,1777553806692103,1777553806674591,1777553806692103,,,,client-1-3,Insert,-13564298,200,17512
client,client_request,completed,1777553806710077,1,,,1777553806692493,1777553806710077,1777553806692493,1777553806710077,,,,client-1-3,Remove,6349348,200,17584
client,client_request,completed,1777553806727990,1,,,1777553806710209,1777553806727990,1777553806710209,1777553806727990,,,,client-1-3,Remove,7633011,200,17781
client,client_request,completed,1777553806746111,1,,,1777553806728112,1777553806746111,1777553806728112,1777553806746111,,,,client-1-3,Remove,7290058,200,17999
client,client_request,completed,1777553806763770,1,,,1777553806746213,1777553806763770,1777553806746213,1777553806763770,,,,client-1-3,Remove,-4937704,200,17557
client,client_request,completed,1777553806782011,1,,,1777553806763871,1777553806782011,1777553806763871,1777553806782011,,,,client-1-3,Insert,9965564,200,18140
client,client_request,completed,1777553806799781,1,,,1777553806782109,1777553806799781,1777553806782109,1777553806799781,,,,client-1-3,Remove,-392166,200,17672
client,client_request,completed,1777553806818444,1,,,1777553806799877,1777553806818444,1777553806799877,1777553806818444,,,,client-1-3,Insert,-528925,200,18567
client,client_request,completed,1777553806836670,1,,,1777553806818542,1777553806836670,1777553806818542,1777553806836670,,,,client-1-3,Remove,4560961,200,18128
client,client_request,completed,1777553806854849,1,,,1777553806836878,1777553806854849,1777553806836878,1777553806854849,,,,client-1-3,Remove,6447299,200,17971
client,client_request,completed,1777553806872637,1,,,1777553806854976,1777553806872637,1777553806854976,1777553806872637,,,,client-1-3,Insert,6408465,200,17661
client,client_request,completed,1777553806890816,1,,,1777553806872766,1777553806890816,1777553806872766,1777553806890816,,,,client-1-3,Insert,14810292,200,18050
client,client_request,completed,1777553806908734,1,,,1777553806890923,1777553806908734,1777553806890923,1777553806908734,,,,client-1-3,Insert,16502214,200,17811
client,client_request,completed,1777553806927099,1,,,1777553806908840,1777553806927099,1777553806908840,1777553806927099,,,,client-1-3,Remove,2853945,200,18259
client,client_request,completed,1777553806944993,1,,,1777553806927303,1777553806944993,1777553806927303,1777553806944993,,,,client-1-3,Insert,-11323608,200,17690
client,client_request,completed,1777553806963346,1,,,1777553806945357,1777553806963346,1777553806945357,1777553806963346,,,,client-1-3,Remove,-108847,200,17989
client,client_request,completed,1777553806981521,1,,,1777553806963456,1777553806981521,1777553806963456,1777553806981521,,,,client-1-3,Remove,-426071,200,18065
client,client_request,completed,1777553806999755,1,,,1777553806981622,1777553806999755,1777553806981622,1777553806999755,,,,client-1-3,Remove,2016740,200,18133
client,client_request,completed,1777553807018294,1,,,1777553806999858,1777553807018294,1777553806999858,1777553807018294,,,,client-1-3,Remove,-16580143,200,18436
client,client_request,completed,1777553807036614,1,,,1777553807018504,1777553807036614,1777553807018504,1777553807036614,,,,client-1-3,Remove,-2384856,200,18110
client,client_request,completed,1777553807054535,1,,,1777553807036970,1777553807054535,1777553807036970,1777553807054535,,,,client-1-3,Insert,-11854781,200,17565
client,client_request,completed,1777553807072642,1,,,1777553807054894,1777553807072642,1777553807054894,1777553807072642,,,,client-1-3,Remove,-7438705,200,17748
client,client_request,completed,1777553807090819,1,,,1777553807072748,1777553807090819,1777553807072748,1777553807090819,,,,client-1-3,Insert,-16073649,200,18071
client,client_request,completed,1777553807109075,1,,,1777553807090922,1777553807109075,1777553807090922,1777553807109075,,,,client-1-3,Remove,-1751291,200,18153
client,client_request,completed,1777553807127406,1,,,1777553807109177,1777553807127406,1777553807109177,1777553807127406,,,,client-1-3,Remove,-2179564,200,18229
client,client_request,completed,1777553807145379,1,,,1777553807127507,1777553807145379,1777553807127507,1777553807145379,,,,client-1-3,Remove,-6963730,200,17872
client,client_request,completed,1777553807163499,1,,,1777553807145480,1777553807163499,1777553807145480,1777553807163499,,,,client-1-3,Insert,5767981,200,18019
client,client_request,completed,1777553807181559,1,,,1777553807163600,1777553807181559,1777553807163600,1777553807181559,,,,client-1-3,Remove,14406654,200,17959
client,client_request,completed,1777553807199925,1,,,1777553807181978,1777553807199925,1777553807181978,1777553807199925,,,,client-1-3,Insert,-15261600,200,17947
client,client_request,completed,1777553807217979,1,,,1777553807200132,1777553807217979,1777553807200132,1777553807217979,,,,client-1-3,Insert,-13503499,200,17847
client,client_request,completed,1777553807236561,1,,,1777553807218189,1777553807236561,1777553807218189,1777553807236561,,,,client-1-3,Remove,-3522741,200,18372
client,client_request,completed,1777553807254486,1,,,1777553807236685,1777553807254486,1777553807236685,1777553807254486,,,,client-1-3,Insert,-3045282,200,17801
client,client_request,completed,1777553807272567,1,,,1777553807254618,1777553807272567,1777553807254618,1777553807272567,,,,client-1-3,Remove,-4342390,200,17949
client,client_request,completed,1777553807290931,1,,,1777553807272671,1777553807290931,1777553807272671,1777553807290931,,,,client-1-3,Remove,-6742292,200,18260
client,client_request,completed,1777553807308974,1,,,1777553807291032,1777553807308974,1777553807291032,1777553807308974,,,,client-1-3,Remove,4889469,200,17942
client,client_request,completed,1777553807327310,1,,,1777553807309075,1777553807327310,1777553807309075,1777553807327310,,,,client-1-3,Remove,12993725,200,18235
client,client_request,completed,1777553807345599,1,,,1777553807327710,1777553807345599,1777553807327710,1777553807345599,,,,client-1-3,Insert,2278710,200,17889
client,client_request,completed,1777553807363927,1,,,1777553807345817,1777553807363927,1777553807345817,1777553807363927,,,,client-1-3,Insert,2468173,200,18110
client,client_request,completed,1777553807382143,1,,,1777553807364312,1777553807382143,1777553807364312,1777553807382143,,,,client-1-3,Remove,-2222267,200,17831
client,client_request,completed,1777553807400299,1,,,1777553807382256,1777553807400299,1777553807382256,1777553807400299,,,,client-1-3,Remove,9143921,200,18043
client,client_request,completed,1777553807418641,1,,,1777553807400434,1777553807418641,1777553807400434,1777553807418641,,,,client-1-3,Insert,13174600,200,18207
client,client_request,completed,1777553807436724,1,,,1777553807418743,1777553807436724,1777553807418743,1777553807436724,,,,client-1-3,Remove,-7376198,200,17981
client,client_request,completed,1777553807455092,1,,,1777553807436825,1777553807455092,1777553807436825,1777553807455092,,,,client-1-3,Remove,-9930923,200,18267
client,client_request,completed,1777553807473429,1,,,1777553807455194,1777553807473429,1777553807455194,1777553807473429,,,,client-1-3,Insert,-7002084,200,18235
client,client_request,completed,1777553807491631,1,,,1777553807473530,1777553807491631,1777553807473530,1777553807491631,,,,client-1-3,Insert,14938771,200,18101
client,client_request,completed,1777553807510812,1,,,1777553807491732,1777553807510812,1777553807491732,1777553807510812,,,,client-1-3,Insert,11805911,200,19080
client,client_request,completed,1777553807529731,1,,,1777553807511195,1777553807529731,1777553807511195,1777553807529731,,,,client-1-3,Remove,-11222032,200,18536
client,client_request,completed,1777553807608219,1,,,1777553807529837,1777553807608219,1777553807529837,1777553807608219,,,,client-1-3,Remove,14184252,200,78382
client,client_request,completed,1777553807630675,1,,,1777553807608347,1777553807630675,1777553807608347,1777553807630675,,,,client-1-3,Insert,807712,200,22328
client,client_request,completed,1777553807648570,1,,,1777553807630806,1777553807648570,1777553807630806,1777553807648570,,,,client-1-3,Insert,-4912618,200,17764
client,client_request,completed,1777553807667748,1,,,1777553807648701,1777553807667748,1777553807648701,1777553807667748,,,,client-1-3,Insert,-12654173,200,19047
client,client_request,completed,1777553807687054,1,,,1777553807667842,1777553807687054,1777553807667842,1777553807687054,,,,client-1-3,Insert,-6966546,200,19212
client,client_request,completed,1777553807705852,1,,,1777553807687157,1777553807705852,1777553807687157,1777553807705852,,,,client-1-3,Remove,1821286,200,18695
client,client_request,completed,1777553807724352,1,,,1777553807706061,1777553807724352,1777553807706061,1777553807724352,,,,client-1-3,Remove,-8603583,200,18291
client,client_request,completed,1777553807742837,1,,,1777553807724728,1777553807742837,1777553807724728,1777553807742837,,,,client-1-3,Insert,-6464014,200,18109
client,client_request,completed,1777553807760893,1,,,1777553807742970,1777553807760893,1777553807742970,1777553807760893,,,,client-1-3,Remove,2328544,200,17923
client,client_request,completed,1777553807780167,1,,,1777553807761024,1777553807780167,1777553807761024,1777553807780167,,,,client-1-3,Insert,-16194478,200,19143
client,client_request,completed,1777553807798738,1,,,1777553807780284,1777553807798738,1777553807780284,1777553807798738,,,,client-1-3,Remove,1044086,200,18454
client,client_request,completed,1777553807817583,1,,,1777553807798836,1777553807817583,1777553807798836,1777553807817583,,,,client-1-3,Remove,6687798,200,18747
client,client_request,completed,1777553807835994,1,,,1777553807817679,1777553807835994,1777553807817679,1777553807835994,,,,client-1-3,Remove,10554602,200,18315
client,client_request,completed,1777553807854510,1,,,1777553807836092,1777553807854510,1777553807836092,1777553807854510,,,,client-1-3,Remove,-637361,200,18418
client,client_request,completed,1777553807872640,1,,,1777553807854611,1777553807872640,1777553807854611,1777553807872640,,,,client-1-3,Insert,6345867,200,18029
client,client_request,completed,1777553807891053,1,,,1777553807872741,1777553807891053,1777553807872741,1777553807891053,,,,client-1-3,Remove,-84765,200,18312
client,client_request,completed,1777553807909572,1,,,1777553807891153,1777553807909572,1777553807891153,1777553807909572,,,,client-1-3,Insert,6193408,200,18419
client,client_request,completed,1777553807927882,1,,,1777553807909674,1777553807927882,1777553807909674,1777553807927882,,,,client-1-3,Insert,-14450884,200,18208
client,client_request,completed,1777553807946778,1,,,1777553807928290,1777553807946778,1777553807928290,1777553807946778,,,,client-1-3,Remove,-6216757,200,18488
client,client_request,completed,1777553807965628,1,,,1777553807947120,1777553807965628,1777553807947120,1777553807965628,,,,client-1-3,Insert,-11008952,200,18508
client,client_request,completed,1777553807983872,1,,,1777553807965841,1777553807983872,1777553807965841,1777553807983872,,,,client-1-3,Insert,14723163,200,18031
client,client_request,completed,1777553808002330,1,,,1777553807983975,1777553808002330,1777553807983975,1777553808002330,,,,client-1-3,Remove,5526157,200,18355
client,client_request,completed,1777553808020624,1,,,1777553808002431,1777553808020624,1777553808002431,1777553808020624,,,,client-1-3,Insert,6922484,200,18193
client,client_request,completed,1777553808039485,1,,,1777553808020755,1777553808039485,1777553808020755,1777553808039485,,,,client-1-3,Insert,-13807453,200,18730
client,client_request,completed,1777553808057928,1,,,1777553808039591,1777553808057928,1777553808039591,1777553808057928,,,,client-1-3,Remove,-14953151,200,18337
client,client_request,completed,1777553808076141,1,,,1777553808058052,1777553808076141,1777553808058052,1777553808076141,,,,client-1-3,Insert,-4802842,200,18089
client,client_request,completed,1777553808094452,1,,,1777553808076371,1777553808094452,1777553808076371,1777553808094452,,,,client-1-3,Insert,15460896,200,18081
client,client_request,completed,1777553808112563,1,,,1777553808094658,1777553808112563,1777553808094658,1777553808112563,,,,client-1-3,Insert,-7311762,200,17905
client,client_request,completed,1777553808131622,1,,,1777553808112665,1777553808131622,1777553808112665,1777553808131622,,,,client-1-3,Remove,-12059461,200,18957
client,client_request,completed,1777553808149659,1,,,1777553808131830,1777553808149659,1777553808131830,1777553808149659,,,,client-1-3,Insert,2229007,200,17829
client,client_request,completed,1777553808168582,1,,,1777553808149760,1777553808168582,1777553808149760,1777553808168582,,,,client-1-3,Remove,9584267,200,18822
client,client_request,completed,1777553808186982,1,,,1777553808168795,1777553808186982,1777553808168795,1777553808186982,,,,client-1-3,Remove,9729129,200,18187
client,client_request,completed,1777553808205589,1,,,1777553808187188,1777553808205589,1777553808187188,1777553808205589,,,,client-1-3,Remove,9757678,200,18401
client,client_request,completed,1777553808224317,1,,,1777553808205801,1777553808224317,1777553808205801,1777553808224317,,,,client-1-3,Insert,10402148,200,18516
client,client_request,completed,1777553808242856,1,,,1777553808224533,1777553808242856,1777553808224533,1777553808242856,,,,client-1-3,Remove,-3432593,200,18323
client,client_request,completed,1777553808260624,1,,,1777553808243066,1777553808260624,1777553808243066,1777553808260624,,,,client-1-3,Remove,-15954786,200,17558
client,client_request,completed,1777553808278844,1,,,1777553808260726,1777553808278844,1777553808260726,1777553808278844,,,,client-1-3,Insert,13081529,200,18118
client,client_request,completed,1777553808296811,1,,,1777553808278951,1777553808296811,1777553808278951,1777553808296811,,,,client-1-3,Remove,3520841,200,17860
client,client_request,completed,1777553808315220,1,,,1777553808296913,1777553808315220,1777553808296913,1777553808315220,,,,client-1-3,Remove,7589680,200,18307
client,client_request,completed,1777553808333256,1,,,1777553808315323,1777553808333256,1777553808315323,1777553808333256,,,,client-1-3,Remove,2719261,200,17933
client,client_request,completed,1777553808351549,1,,,1777553808333360,1777553808351549,1777553808333360,1777553808351549,,,,client-1-3,Insert,14980176,200,18189
client,client_request,completed,1777553808369950,1,,,1777553808351673,1777553808369950,1777553808351673,1777553808369950,,,,client-1-3,Insert,2264091,200,18277
client,client_request,completed,1777553808388440,1,,,1777553808370055,1777553808388440,1777553808370055,1777553808388440,,,,client-1-3,Remove,5222317,200,18385
client,client_request,completed,1777553808407437,1,,,1777553808388573,1777553808407437,1777553808388573,1777553808407437,,,,client-1-3,Insert,-7271143,200,18864
client,client_request,completed,1777553808426424,1,,,1777553808407568,1777553808426424,1777553808407568,1777553808426424,,,,client-1-3,Insert,-12706338,200,18856
client,client_request,completed,1777553808444591,1,,,1777553808426635,1777553808444591,1777553808426635,1777553808444591,,,,client-1-3,Insert,-5978292,200,17956
client,client_request,completed,1777553808463043,1,,,1777553808444698,1777553808463043,1777553808444698,1777553808463043,,,,client-1-3,Insert,-9326699,200,18345
client,client_request,completed,1777553808481427,1,,,1777553808463145,1777553808481427,1777553808463145,1777553808481427,,,,client-1-3,Remove,6914302,200,18282
client,client_request,completed,1777553808499958,1,,,1777553808481527,1777553808499958,1777553808481527,1777553808499958,,,,client-1-3,Remove,15050290,200,18431
client,client_request,completed,1777553808518536,1,,,1777553808500060,1777553808518536,1777553808500060,1777553808518536,,,,client-1-3,Insert,-8953428,200,18476
client,client_request,completed,1777553808537620,1,,,1777553808518636,1777553808537620,1777553808518636,1777553808537620,,,,client-1-3,Remove,5964628,200,18984
client,client_request,completed,1777553808619642,1,,,1777553808537723,1777553808619642,1777553808537723,1777553808619642,,,,client-1-3,Insert,14082142,200,81919
client,client_request,completed,1777553808638368,1,,,1777553808619745,1777553808638368,1777553808619745,1777553808638368,,,,client-1-3,Insert,-10061269,200,18623
client,client_request,completed,1777553808656565,1,,,1777553808638471,1777553808656565,1777553808638471,1777553808656565,,,,client-1-3,Remove,-3632649,200,18094
client,client_request,completed,1777553808675126,1,,,1777553808656667,1777553808675126,1777553808656667,1777553808675126,,,,client-1-3,Remove,-2120363,200,18459
client,client_request,completed,1777553808693564,1,,,1777553808675251,1777553808693564,1777553808675251,1777553808693564,,,,client-1-3,Remove,439180,200,18313
client,client_request,completed,1777553808712039,1,,,1777553808693694,1777553808712039,1777553808693694,1777553808712039,,,,client-1-3,Remove,6674155,200,18345
client,client_request,completed,1777553808730656,1,,,1777553808712164,1777553808730656,1777553808712164,1777553808730656,,,,client-1-3,Remove,-14000800,200,18492
client,client_request,completed,1777553808749095,1,,,1777553808731007,1777553808749095,1777553808731007,1777553808749095,,,,client-1-3,Remove,-13293963,200,18088
client,client_request,completed,1777553808767837,1,,,1777553808749308,1777553808767837,1777553808749308,1777553808767837,,,,client-1-3,Insert,-2103089,200,18529
client,client_request,completed,1777553808786333,1,,,1777553808768035,1777553808786333,1777553808768035,1777553808786333,,,,client-1-3,Remove,-14257329,200,18298
client,client_request,completed,1777553808804894,1,,,1777553808786431,1777553808804894,1777553808786431,1777553808804894,,,,client-1-3,Remove,-4247615,200,18463
client,client_request,completed,1777553808823865,1,,,1777553808804992,1777553808823865,1777553808804992,1777553808823865,,,,client-1-3,Insert,15997148,200,18873
client,client_request,completed,1777553808842905,1,,,1777553808823963,1777553808842905,1777553808823963,1777553808842905,,,,client-1-3,Insert,-3960223,200,18942
client,client_request,completed,1777553808861790,1,,,1777553808843109,1777553808861790,1777553808843109,1777553808861790,,,,client-1-3,Insert,9216720,200,18681
client,client_request,completed,1777553808879696,1,,,1777553808862015,1777553808879696,1777553808862015,1777553808879696,,,,client-1-3,Insert,11195029,200,17681
client,client_request,completed,1777553808898211,1,,,1777553808879797,1777553808898211,1777553808879797,1777553808898211,,,,client-1-3,Remove,1015561,200,18414
client,client_request,completed,1777553808916628,1,,,1777553808898313,1777553808916628,1777553808898313,1777553808916628,,,,client-1-3,Remove,-10963301,200,18315
client,client_request,completed,1777553808935053,1,,,1777553808916730,1777553808935053,1777553808916730,1777553808935053,,,,client-1-3,Insert,-3740581,200,18323
client,client_request,completed,1777553808953468,1,,,1777553808935156,1777553808953468,1777553808935156,1777553808953468,,,,client-1-3,Remove,-10255150,200,18312
client,client_request,completed,1777553808971848,1,,,1777553808953569,1777553808971848,1777553808953569,1777553808971848,,,,client-1-3,Insert,-13021325,200,18279
client,client_request,completed,1777553808990508,1,,,1777553808972214,1777553808990508,1777553808972214,1777553808990508,,,,client-1-3,Remove,7375090,200,18294
client,client_request,completed,1777553809008500,1,,,1777553808990717,1777553809008500,1777553808990717,1777553809008500,,,,client-1-3,Insert,3910640,200,17783
client,client_request,completed,1777553809027283,1,,,1777553809008601,1777553809027283,1777553809008601,1777553809027283,,,,client-1-3,Remove,-5329630,200,18682
client,client_request,completed,1777553809045723,1,,,1777553809027384,1777553809045723,1777553809027384,1777553809045723,,,,client-1-3,Remove,-10494091,200,18339
client,client_request,completed,1777553809064311,1,,,1777553809045825,1777553809064311,1777553809045825,1777553809064311,,,,client-1-3,Insert,5041976,200,18486
client,client_request,completed,1777553809082539,1,,,1777553809064434,1777553809082539,1777553809064434,1777553809082539,,,,client-1-3,Remove,-10415222,200,18105
client,client_request,completed,1777553809101025,1,,,1777553809082752,1777553809101025,1777553809082752,1777553809101025,,,,client-1-3,Insert,-11715020,200,18273
client,client_request,completed,1777553809119393,1,,,1777553809101235,1777553809119393,1777553809101235,1777553809119393,,,,client-1-3,Remove,9716078,200,18158
client,client_request,completed,1777553809137856,1,,,1777553809119500,1777553809137856,1777553809119500,1777553809137856,,,,client-1-3,Remove,-12879008,200,18356
client,client_request,completed,1777553809156281,1,,,1777553809137958,1777553809156281,1777553809137958,1777553809156281,,,,client-1-3,Insert,6526808,200,18323
client,client_request,completed,1777553809174785,1,,,1777553809156385,1777553809174785,1777553809156385,1777553809174785,,,,client-1-3,Remove,12394387,200,18400
client,client_request,completed,1777553809193062,1,,,1777553809174908,1777553809193062,1777553809174908,1777553809193062,,,,client-1-3,Insert,11616173,200,18154
client,client_request,completed,1777553809211062,1,,,1777553809193431,1777553809211062,1777553809193431,1777553809211062,,,,client-1-3,Insert,-4177094,200,17631
client,client_request,completed,1777553809229184,1,,,1777553809211163,1777553809229184,1777553809211163,1777553809229184,,,,client-1-3,Remove,15534964,200,18021
client,client_request,completed,1777553809248141,1,,,1777553809229289,1777553809248141,1777553809229289,1777553809248141,,,,client-1-3,Remove,-16385689,200,18852
client,client_request,completed,1777553809266455,1,,,1777553809248305,1777553809266455,1777553809248305,1777553809266455,,,,client-1-3,Insert,5078697,200,18150
client,client_request,completed,1777553809284949,1,,,1777553809266557,1777553809284949,1777553809266557,1777553809284949,,,,client-1-3,Remove,-10695092,200,18392
client,client_request,completed,1777553809304710,1,,,1777553809285157,1777553809304710,1777553809285157,1777553809304710,,,,client-1-3,Remove,-441261,200,19553
client,client_request,completed,1777553809323358,1,,,1777553809304816,1777553809323358,1777553809304816,1777553809323358,,,,client-1-3,Remove,-4449935,200,18542
client,client_request,completed,1777553809342109,1,,,1777553809323460,1777553809342109,1777553809323460,1777553809342109,,,,client-1-3,Remove,8880210,200,18649
client,client_request,completed,1777553809360576,1,,,1777553809342314,1777553809360576,1777553809342314,1777553809360576,,,,client-1-3,Insert,-11156619,200,18262
client,client_request,completed,1777553809380754,1,,,1777553809360677,1777553809380754,1777553809360677,1777553809380754,,,,client-1-3,Remove,-4188566,200,20077
client,client_request,completed,1777553809399618,1,,,1777553809380857,1777553809399618,1777553809380857,1777553809399618,,,,client-1-3,Insert,6050390,200,18761
client,client_request,completed,1777553809417748,1,,,1777553809399818,1777553809417748,1777553809399818,1777553809417748,,,,client-1-3,Remove,6227487,200,17930
client,client_request,completed,1777553809437124,1,,,1777553809417853,1777553809437124,1777553809417853,1777553809437124,,,,client-1-3,Insert,-2574471,200,19271
client,client_request,completed,1777553809455195,1,,,1777553809437479,1777553809455195,1777553809437479,1777553809455195,,,,client-1-3,Remove,-14545628,200,17716
client,client_request,completed,1777553809473966,1,,,1777553809455298,1777553809473966,1777553809455298,1777553809473966,,,,client-1-3,Insert,9333604,200,18668
client,client_request,completed,1777553809492663,1,,,1777553809474069,1777553809492663,1777553809474069,1777553809492663,,,,client-1-3,Insert,12246578,200,18594
client,client_request,completed,1777553809511116,1,,,1777553809492879,1777553809511116,1777553809492879,1777553809511116,,,,client-1-3,Insert,-2864951,200,18237
client,client_request,completed,1777553809530311,1,,,1777553809511216,1777553809530311,1777553809511216,1777553809530311,,,,client-1-3,Remove,3084337,200,19095
client,client_request,completed,1777553809610959,1,,,1777553809530413,1777553809610959,1777553809530413,1777553809610959,,,,client-1-3,Remove,-11118359,200,80546
client,client_request,completed,1777553809630171,1,,,1777553809611094,1777553809630171,1777553809611094,1777553809630171,,,,client-1-3,Remove,7824576,200,19077
client,client_request,completed,1777553809648983,1,,,1777553809630302,1777553809648983,1777553809630302,1777553809648983,,,,client-1-3,Remove,-2990771,200,18681
client,client_request,completed,1777553809667415,1,,,1777553809649190,1777553809667415,1777553809649190,1777553809667415,,,,client-1-3,Remove,3645300,200,18225
client,client_request,completed,1777553809686172,1,,,1777553809667518,1777553809686172,1777553809667518,1777553809686172,,,,client-1-3,Insert,12158007,200,18654
client,client_request,completed,1777553809704888,1,,,1777553809686272,1777553809704888,1777553809686272,1777553809704888,,,,client-1-3,Insert,-9463194,200,18616
client,client_request,completed,1777553809723618,1,,,1777553809705232,1777553809723618,1777553809705232,1777553809723618,,,,client-1-3,Remove,10106839,200,18386
client,client_request,completed,1777553809745270,1,,,1777553809723819,1777553809745270,1777553809723819,1777553809745270,,,,client-1-3,Remove,-9789866,200,21451
client,client_request,completed,1777553809764045,1,,,1777553809745655,1777553809764045,1777553809745655,1777553809764045,,,,client-1-3,Remove,6585520,200,18390
client,client_request,completed,1777553809782790,1,,,1777553809764268,1777553809782790,1777553809764268,1777553809782790,,,,client-1-3,Insert,14175470,200,18522
client,client_request,completed,1777553809802074,1,,,1777553809782917,1777553809802074,1777553809782917,1777553809802074,,,,client-1-3,Insert,-13789618,200,19157
client,client_request,completed,1777553809821043,1,,,1777553809802204,1777553809821043,1777553809802204,1777553809821043,,,,client-1-3,Remove,3674391,200,18839
client,client_request,completed,1777553809841016,1,,,1777553809821141,1777553809841016,1777553809821141,1777553809841016,,,,client-1-3,Insert,14005573,200,19875
client,client_request,completed,1777553809860557,1,,,1777553809841118,1777553809860557,1777553809841118,1777553809860557,,,,client-1-3,Remove,-15358495,200,19439
client,client_request,completed,1777553809879527,1,,,1777553809860904,1777553809879527,1777553809860904,1777553809879527,,,,client-1-3,Remove,-6914339,200,18623
client,client_request,completed,1777553809899079,1,,,1777553809879647,1777553809899079,1777553809879647,1777553809899079,,,,client-1-3,Insert,-16247922,200,19432
client,client_request,completed,1777553809918285,1,,,1777553809899215,1777553809918285,1777553809899215,1777553809918285,,,,client-1-3,Insert,8533771,200,19070
client,client_request,completed,1777553809938010,1,,,1777553809918387,1777553809938010,1777553809918387,1777553809938010,,,,client-1-3,Remove,3160136,200,19623
client,client_request,completed,1777553809957935,1,,,1777553809938145,1777553809957935,1777553809938145,1777553809957935,,,,client-1-3,Remove,-11531869,200,19790
client,client_request,completed,1777553809978487,1,,,1777553809958041,1777553809978487,1777553809958041,1777553809978487,,,,client-1-3,Insert,7636386,200,20446
client,client_request,completed,1777553809997910,1,,,1777553809978624,1777553809997910,1777553809978624,1777553809997910,,,,client-1-3,Insert,10796955,200,19286
client,client_request,completed,1777553810017623,1,,,1777553809998010,1777553810017623,1777553809998010,1777553810017623,,,,client-1-3,Insert,-12356732,200,19613
client,client_request,completed,1777553810036899,1,,,1777553810017827,1777553810036899,1777553810017827,1777553810036899,,,,client-1-3,Remove,-11065905,200,19072
client,client_request,completed,1777553810056364,1,,,1777553810037271,1777553810056364,1777553810037271,1777553810056364,,,,client-1-3,Remove,6867494,200,19093
client,client_request,completed,1777553810075773,1,,,1777553810056493,1777553810075773,1777553810056493,1777553810075773,,,,client-1-3,Remove,4073574,200,19280
client,client_request,completed,1777553810095436,1,,,1777553810075875,1777553810095436,1777553810075875,1777553810095436,,,,client-1-3,Remove,-11624431,200,19561
client,client_request,completed,1777553810114796,1,,,1777553810095641,1777553810114796,1777553810095641,1777553810114796,,,,client-1-3,Insert,9889321,200,19155
client,client_request,completed,1777553810134233,1,,,1777553810114920,1777553810134233,1777553810114920,1777553810134233,,,,client-1-3,Insert,-15120130,200,19313
client,client_request,completed,1777553810153465,1,,,1777553810134371,1777553810153465,1777553810134371,1777553810153465,,,,client-1-3,Remove,-10560537,200,19094
client,client_request,completed,1777553810173236,1,,,1777553810153595,1777553810173236,1777553810153595,1777553810173236,,,,client-1-3,Remove,12381203,200,19641
client,client_request,completed,1777553810192577,1,,,1777553810173446,1777553810192577,1777553810173446,1777553810192577,,,,client-1-3,Remove,2541055,200,19131
client,client_request,completed,1777553810212245,1,,,1777553810192944,1777553810212245,1777553810192944,1777553810212245,,,,client-1-3,Remove,16335581,200,19301
client,client_request,completed,1777553810231713,1,,,1777553810212386,1777553810231713,1777553810212386,1777553810231713,,,,client-1-3,Remove,10691912,200,19327
client,client_request,completed,1777553810251596,1,,,1777553810231839,1777553810251596,1777553810231839,1777553810251596,,,,client-1-3,Remove,-6371653,200,19757
client,client_request,completed,1777553810270754,1,,,1777553810251949,1777553810270754,1777553810251949,1777553810270754,,,,client-1-3,Remove,-16715686,200,18805
client,client_request,completed,1777553810290081,1,,,1777553810270913,1777553810290081,1777553810270913,1777553810290081,,,,client-1-3,Remove,-11756598,200,19168
client,client_request,completed,1777553810309475,1,,,1777553810290216,1777553810309475,1777553810290216,1777553810309475,,,,client-1-3,Remove,-440130,200,19259
client,client_request,completed,1777553810329147,1,,,1777553810309601,1777553810329147,1777553810309601,1777553810329147,,,,client-1-3,Remove,-5283410,200,19546
client,client_request,completed,1777553810348812,1,,,1777553810329355,1777553810348812,1777553810329355,1777553810348812,,,,client-1-3,Remove,3769763,200,19457
client,client_request,completed,1777553810368721,1,,,1777553810349183,1777553810368721,1777553810349183,1777553810368721,,,,client-1-3,Insert,4340215,200,19538
client,client_request,completed,1777553810388140,1,,,1777553810368858,1777553810388140,1777553810368858,1777553810388140,,,,client-1-3,Remove,2274319,200,19282
client,client_request,completed,1777553810408155,1,,,1777553810388263,1777553810408155,1777553810388263,1777553810408155,,,,client-1-3,Insert,12265837,200,19892
client,client_request,completed,1777553810428906,1,,,1777553810408515,1777553810428906,1777553810408515,1777553810428906,,,,client-1-3,Insert,-14294723,200,20391
client,client_request,completed,1777553810448462,1,,,1777553810429034,1777553810448462,1777553810429034,1777553810448462,,,,client-1-3,Remove,-13991637,200,19428
client,client_request,completed,1777553810468074,1,,,1777553810448591,1777553810468074,1777553810448591,1777553810468074,,,,client-1-3,Remove,10953332,200,19483
client,client_request,completed,1777553810487539,1,,,1777553810468173,1777553810487539,1777553810468173,1777553810487539,,,,client-1-3,Remove,-5115729,200,19366
client,client_request,completed,1777553810507410,1,,,1777553810487640,1777553810507410,1777553810487640,1777553810507410,,,,client-1-3,Remove,-8060532,200,19770
client,client_request,completed,1777553810526888,1,,,1777553810507764,1777553810526888,1777553810507764,1777553810526888,,,,client-1-3,Insert,6579637,200,19124
client,client_request,completed,1777553810610641,1,,,1777553810527023,1777553810610641,1777553810527023,1777553810610641,,,,client-1-3,Insert,1599945,200,83618
client,client_request,completed,1777553810630640,1,,,1777553810610851,1777553810630640,1777553810610851,1777553810630640,,,,client-1-3,Insert,-4328571,200,19789
client,client_request,completed,1777553810650167,1,,,1777553810630749,1777553810650167,1777553810630749,1777553810650167,,,,client-1-3,Remove,-11448517,200,19418
client,client_request,completed,1777553810669594,1,,,1777553810650273,1777553810669594,1777553810650273,1777553810669594,,,,client-1-3,Remove,-15884573,200,19321
client,client_request,completed,1777553810689334,1,,,1777553810669693,1777553810689334,1777553810669693,1777553810689334,,,,client-1-3,Remove,-16026642,200,19641
client,client_request,completed,1777553810708764,1,,,1777553810689705,1777553810708764,1777553810689705,1777553810708764,,,,client-1-3,Remove,-9412783,200,19059
client,client_request,completed,1777553810728421,1,,,1777553810708894,1777553810728421,1777553810708894,1777553810728421,,,,client-1-3,Remove,5001284,200,19527
client,client_request,completed,1777553810748123,1,,,1777553810728526,1777553810748123,1777553810728526,1777553810748123,,,,client-1-3,Insert,15533898,200,19597
client,client_request,completed,1777553810768021,1,,,1777553810748257,1777553810768021,1777553810748257,1777553810768021,,,,client-1-3,Remove,-2531711,200,19764
client,client_request,completed,1777553810787613,1,,,1777553810768263,1777553810787613,1777553810768263,1777553810787613,,,,client-1-3,Remove,-6442290,200,19350
client,client_request,completed,1777553810807690,1,,,1777553810787713,1777553810807690,1777553810787713,1777553810807690,,,,client-1-3,Remove,-1761428,200,19977
client,client_request,completed,1777553810827599,1,,,1777553810807789,1777553810827599,1777553810807789,1777553810827599,,,,client-1-3,Insert,-16656989,200,19810
client,client_request,completed,1777553810848861,1,,,1777553810827700,1777553810848861,1777553810827700,1777553810848861,,,,client-1-3,Insert,-9167269,200,21161
client,client_request,completed,1777553810871144,1,,,1777553810849107,1777553810871144,1777553810849107,1777553810871144,,,,client-1-3,Remove,-6408813,200,22037
client,client_request,completed,1777553810893403,1,,,1777553810871351,1777553810893403,1777553810871351,1777553810893403,,,,client-1-3,Remove,4024320,200,22052
client,client_request,completed,1777553810916276,1,,,1777553810893535,1777553810916276,1777553810893535,1777553810916276,,,,client-1-3,Insert,3964099,200,22741
client,client_request,completed,1777553810938375,1,,,1777553810916371,1777553810938375,1777553810916371,1777553810938375,,,,client-1-3,Insert,-3687692,200,22004
client,client_request,completed,1777553810960091,1,,,1777553810938477,1777553810960091,1777553810938477,1777553810960091,,,,client-1-3,Remove,12675531,200,21614
client,client_request,completed,1777553810982086,1,,,1777553810960226,1777553810982086,1777553810960226,1777553810982086,,,,client-1-3,Insert,-16444259,200,21860
client,client_request,completed,1777553811003898,1,,,1777553810982188,1777553811003898,1777553810982188,1777553811003898,,,,client-1-3,Insert,-1847842,200,21710
client,client_request,completed,1777553811026147,1,,,1777553811004001,1777553811026147,1777553811004001,1777553811026147,,,,client-1-3,Insert,-15566934,200,22146
client,client_request,completed,1777553811048159,1,,,1777553811026249,1777553811048159,1777553811026249,1777553811048159,,,,client-1-3,Remove,845725,200,21910
client,client_request,completed,1777553811069994,1,,,1777553811048303,1777553811069994,1777553811048303,1777553811069994,,,,client-1-3,Insert,-10761898,200,21691
client,client_request,completed,1777553811091990,1,,,1777553811070348,1777553811091990,1777553811070348,1777553811091990,,,,client-1-3,Insert,5409420,200,21642
client,client_request,completed,1777553811113705,1,,,1777553811092376,1777553811113705,1777553811092376,1777553811113705,,,,client-1-3,Insert,540128,200,21329
client,client_request,completed,1777553811135788,1,,,1777553811113806,1777553811135788,1777553811113806,1777553811135788,,,,client-1-3,Insert,2558776,200,21982
client,client_request,completed,1777553811157898,1,,,1777553811135890,1777553811157898,1777553811135890,1777553811157898,,,,client-1-3,Insert,9462938,200,22008
client,client_request,completed,1777553811179958,1,,,1777553811157999,1777553811179958,1777553811157999,1777553811179958,,,,client-1-3,Remove,3475390,200,21959
client,client_request,completed,1777553811202077,1,,,1777553811180095,1777553811202077,1777553811180095,1777553811202077,,,,client-1-3,Insert,12015284,200,21982
client,client_request,completed,1777553811223960,1,,,1777553811202216,1777553811223960,1777553811202216,1777553811223960,,,,client-1-3,Insert,-3264256,200,21744
client,client_request,completed,1777553811246028,1,,,1777553811224061,1777553811246028,1777553811224061,1777553811246028,,,,client-1-3,Insert,8020893,200,21967
client,client_request,completed,1777553811267643,1,,,1777553811246129,1777553811267643,1777553811246129,1777553811267643,,,,client-1-3,Remove,3793294,200,21514
client,client_request,completed,1777553811287321,1,,,1777553811267999,1777553811287321,1777553811267999,1777553811287321,,,,client-1-3,Remove,6880842,200,19322
client,client_request,completed,1777553811306820,1,,,1777553811287679,1777553811306820,1777553811287679,1777553811306820,,,,client-1-3,Remove,-10313559,200,19141
client,client_request,completed,1777553811327606,1,,,1777553811307028,1777553811327606,1777553811307028,1777553811327606,,,,client-1-3,Remove,9153792,200,20578
client,client_request,completed,1777553811349341,1,,,1777553811327723,1777553811349341,1777553811327723,1777553811349341,,,,client-1-3,Insert,4618631,200,21618
client,client_request,completed,1777553811372291,1,,,1777553811349456,1777553811372291,1777553811349456,1777553811372291,,,,client-1-3,Insert,-858167,200,22835
client,client_request,completed,1777553811394430,1,,,1777553811372506,1777553811394430,1777553811372506,1777553811394430,,,,client-1-3,Remove,-13665969,200,21924
client,client_request,completed,1777553811416244,1,,,1777553811394546,1777553811416244,1777553811394546,1777553811416244,,,,client-1-3,Insert,14853495,200,21698
client,client_request,completed,1777553811438008,1,,,1777553811416346,1777553811438008,1777553811416346,1777553811438008,,,,client-1-3,Remove,-15867940,200,21662
client,client_request,completed,1777553811459676,1,,,1777553811438220,1777553811459676,1777553811438220,1777553811459676,,,,client-1-3,Remove,-1148404,200,21456
client,client_request,completed,1777553811481324,1,,,1777553811459776,1777553811481324,1777553811459776,1777553811481324,,,,client-1-3,Insert,-3214350,200,21548
client,client_request,completed,1777553811503215,1,,,1777553811481454,1777553811503215,1777553811481454,1777553811503215,,,,client-1-3,Insert,2671194,200,21761
client,client_request,completed,1777553811524884,1,,,1777553811503319,1777553811524884,1777553811503319,1777553811524884,,,,client-1-3,Insert,-12975021,200,21565
client,client_request,completed,1777553811608285,1,,,1777553811525240,1777553811608285,1777553811525240,1777553811608285,,,,client-1-3,Remove,15703148,200,83045
client,client_request,completed,1777553811630865,1,,,1777553811608425,1777553811630865,1777553811608425,1777553811630865,,,,client-1-3,Insert,-5536378,200,22440
client,client_request,completed,1777553811651396,1,,,1777553811630968,1777553811651396,1777553811630968,1777553811651396,,,,client-1-3,Remove,-12835087,200,20428
client,client_request,completed,1777553811672249,1,,,1777553811651497,1777553811672249,1777553811651497,1777553811672249,,,,client-1-3,Insert,-60653,200,20752
client,client_request,completed,1777553811693560,1,,,1777553811672587,1777553811693560,1777553811672587,1777553811693560,,,,client-1-3,Remove,-13800234,200,20973
client,client_request,completed,1777553811717737,1,,,1777553811693658,1777553811717737,1777553811693658,1777553811717737,,,,client-1-3,Remove,11604020,200,24079
client,client_request,completed,1777553811741329,1,,,1777553811717866,1777553811741329,1777553811717866,1777553811741329,,,,client-1-3,Insert,-8503632,200,23463
client,client_request,completed,1777553811765078,1,,,1777553811741442,1777553811765078,1777553811741442,1777553811765078,,,,client-1-3,Remove,-5841658,200,23636
client,client_request,completed,1777553811788987,1,,,1777553811765178,1777553811788987,1777553811765178,1777553811788987,,,,client-1-3,Insert,16701249,200,23809
client,client_request,completed,1777553811813125,1,,,1777553811789091,1777553811813125,1777553811789091,1777553811813125,,,,client-1-3,Remove,-7733917,200,24034
client,client_request,completed,1777553811837473,1,,,1777553811813226,1777553811837473,1777553811813226,1777553811837473,,,,client-1-3,Remove,11672580,200,24247
client,client_request,completed,1777553811861670,1,,,1777553811837686,1777553811861670,1777553811837686,1777553811861670,,,,client-1-3,Remove,-11523069,200,23984
client,client_request,completed,1777553811886186,1,,,1777553811861773,1777553811886186,1777553811861773,1777553811886186,,,,client-1-3,Remove,-5461073,200,24413
client,client_request,completed,1777553811910154,1,,,1777553811886407,1777553811910154,1777553811886407,1777553811910154,,,,client-1-3,Insert,9304886,200,23747
client,client_request,completed,1777553811934829,1,,,1777553811910256,1777553811934829,1777553811910256,1777553811934829,,,,client-1-3,Remove,-7287025,200,24573
client,client_request,completed,1777553811959220,1,,,1777553811934933,1777553811959220,1777553811934933,1777553811959220,,,,client-1-3,Insert,-13543756,200,24287
client,client_request,completed,1777553811984081,1,,,1777553811959344,1777553811984081,1777553811959344,1777553811984081,,,,client-1-3,Remove,5582354,200,24737
client,client_request,completed,1777553812007775,1,,,1777553811984321,1777553812007775,1777553811984321,1777553812007775,,,,client-1-3,Insert,227137,200,23454
client,client_request,completed,1777553812032448,1,,,1777553812007903,1777553812032448,1777553812007903,1777553812032448,,,,client-1-3,Insert,13972979,200,24545
client,client_request,completed,1777553812056135,1,,,1777553812032661,1777553812056135,1777553812032661,1777553812056135,,,,client-1-3,Remove,9611725,200,23474
client,client_request,completed,1777553812079130,1,,,1777553812056292,1777553812079130,1777553812056292,1777553812079130,,,,client-1-3,Remove,-2783496,200,22838
client,client_request,completed,1777553812100398,1,,,1777553812079216,1777553812100398,1777553812079216,1777553812100398,,,,client-1-3,Insert,-8517062,200,21182
client,client_request,completed,1777553812122097,1,,,1777553812100503,1777553812122097,1777553812100503,1777553812122097,,,,client-1-3,Insert,-5104068,200,21594
client,client_request,completed,1777553812144437,1,,,1777553812122202,1777553812144437,1777553812122202,1777553812144437,,,,client-1-3,Remove,6172857,200,22235
client,client_request,completed,1777553812167827,1,,,1777553812144654,1777553812167827,1777553812144654,1777553812167827,,,,client-1-3,Remove,-9495703,200,23173
client,client_request,completed,1777553812191478,1,,,1777553812167954,1777553812191478,1777553812167954,1777553812191478,,,,client-1-3,Remove,-2601266,200,23524
client,client_request,completed,1777553812215010,1,,,1777553812191581,1777553812215010,1777553812191581,1777553812215010,,,,client-1-3,Insert,16372086,200,23429
client,client_request,completed,1777553812239217,1,,,1777553812215114,1777553812239217,1777553812215114,1777553812239217,,,,client-1-3,Insert,1586047,200,24103
client,client_request,completed,1777553812262396,1,,,1777553812239328,1777553812262396,1777553812239328,1777553812262396,,,,client-1-3,Remove,-12675630,200,23068
client,client_request,completed,1777553812286014,1,,,1777553812262492,1777553812286014,1777553812262492,1777553812286014,,,,client-1-3,Insert,-9359638,200,23522
client,client_request,completed,1777553812310144,1,,,1777553812286110,1777553812310144,1777553812286110,1777553812310144,,,,client-1-3,Insert,4400134,200,24034
client,client_request,completed,1777553812333655,1,,,1777553812310498,1777553812333655,1777553812310498,1777553812333655,,,,client-1-3,Remove,11251515,200,23157
client,client_request,completed,1777553812357239,1,,,1777553812333760,1777553812357239,1777553812333760,1777553812357239,,,,client-1-3,Insert,8048189,200,23479
client,client_request,completed,1777553812380889,1,,,1777553812357337,1777553812380889,1777553812357337,1777553812380889,,,,client-1-3,Remove,805646,200,23552
client,client_request,completed,1777553812404844,1,,,1777553812380992,1777553812404844,1777553812380992,1777553812404844,,,,client-1-3,Remove,13797425,200,23852
client,client_request,completed,1777553812428419,1,,,1777553812404977,1777553812428419,1777553812404977,1777553812428419,,,,client-1-3,Insert,-8438473,200,23442
client,client_request,completed,1777553812451324,1,,,1777553812428527,1777553812451324,1777553812428527,1777553812451324,,,,client-1-3,Insert,-15060042,200,22797
client,client_request,completed,1777553812472628,1,,,1777553812451452,1777553812472628,1777553812451452,1777553812472628,,,,client-1-3,Remove,-14302740,200,21176
client,client_request,completed,1777553812494331,1,,,1777553812472734,1777553812494331,1777553812472734,1777553812494331,,,,client-1-3,Insert,-254478,200,21597
client,client_request,completed,1777553812515455,1,,,1777553812494684,1777553812515455,1777553812494684,1777553812515455,,,,client-1-3,Insert,-9134530,200,20771
client,client_request,completed,1777553812536598,1,,,1777553812515561,1777553812536598,1777553812515561,1777553812536598,,,,client-1-3,Insert,-2940970,200,21037
client,client_request,completed,1777553812622900,1,,,1777553812536725,1777553812622900,1777553812536725,1777553812622900,,,,client-1-3,Remove,-2995051,200,86175
client,client_request,completed,1777553812643729,1,,,1777553812623035,1777553812643729,1777553812623035,1777553812643729,,,,client-1-3,Insert,-3424223,200,20694
client,client_request,completed,1777553812664254,1,,,1777553812643834,1777553812664254,1777553812643834,1777553812664254,,,,client-1-3,Remove,4195236,200,20420
client,client_request,completed,1777553812684933,1,,,1777553812664357,1777553812684933,1777553812664357,1777553812684933,,,,client-1-3,Remove,4535266,200,20576
client,client_request,completed,1777553812705956,1,,,1777553812685035,1777553812705956,1777553812685035,1777553812705956,,,,client-1-3,Insert,5955047,200,20921
client,client_request,completed,1777553812726562,1,,,1777553812706059,1777553812726562,1777553812706059,1777553812726562,,,,client-1-3,Remove,10030333,200,20503
client,client_request,completed,1777553812747754,1,,,1777553812726667,1777553812747754,1777553812726667,1777553812747754,,,,client-1-3,Remove,15208826,200,21087
client,client_request,completed,1777553812767970,1,,,1777553812747965,1777553812767970,1777553812747965,1777553812767970,,,,client-1-3,Remove,9828111,200,20005
client,client_request,completed,1777553812788670,1,,,1777553812768076,1777553812788670,1777553812768076,1777553812788670,,,,client-1-3,Remove,-8993464,200,20594
client,client_request,completed,1777553812810134,1,,,1777553812788770,1777553812810134,1777553812788770,1777553812810134,,,,client-1-3,Remove,-781634,200,21364
client,client_request,completed,1777553812830872,1,,,1777553812810235,1777553812830872,1777553812810235,1777553812830872,,,,client-1-3,Insert,-2725614,200,20637
client,client_request,completed,1777553812851837,1,,,1777553812830977,1777553812851837,1777553812830977,1777553812851837,,,,client-1-3,Remove,-1198032,200,20860
client,client_request,completed,1777553812872442,1,,,1777553812851941,1777553812872442,1777553812851941,1777553812872442,,,,client-1-3,Remove,-13020179,200,20501
client,client_request,completed,1777553812893347,1,,,1777553812872547,1777553812893347,1777553812872547,1777553812893347,,,,client-1-3,Insert,-14005710,200,20800
client,client_request,completed,1777553812914305,1,,,1777553812893486,1777553812914305,1777553812893486,1777553812914305,,,,client-1-3,Remove,3737326,200,20819
client,client_request,completed,1777553812938622,1,,,1777553812914410,1777553812938622,1777553812914410,1777553812938622,,,,client-1-3,Insert,-10730951,200,24212
client,client_request,completed,1777553812960764,1,,,1777553812938731,1777553812960764,1777553812938731,1777553812960764,,,,client-1-3,Remove,-7636139,200,22033
client,client_request,completed,1777553812982722,1,,,1777553812961108,1777553812982722,1777553812961108,1777553812982722,,,,client-1-3,Insert,-5885785,200,21614
client,client_request,completed,1777553813003855,1,,,1777553812983075,1777553813003855,1777553812983075,1777553813003855,,,,client-1-3,Insert,-10237652,200,20780
client,client_request,completed,1777553813027667,1,,,1777553813003962,1777553813027667,1777553813003962,1777553813027667,,,,client-1-3,Insert,-1167121,200,23705
client,client_request,completed,1777553813050586,1,,,1777553813027779,1777553813050586,1777553813027779,1777553813050586,,,,client-1-3,Insert,7325409,200,22807
client,client_request,completed,1777553813071920,1,,,1777553813050797,1777553813071920,1777553813050797,1777553813071920,,,,client-1-3,Insert,-579698,200,21123
client,client_request,completed,1777553813092882,1,,,1777553813072054,1777553813092882,1777553813072054,1777553813092882,,,,client-1-3,Insert,2784202,200,20828
client,client_request,completed,1777553813114784,1,,,1777553813092986,1777553813114784,1777553813092986,1777553813114784,,,,client-1-3,Remove,-5688503,200,21798
client,client_request,completed,1777553813135577,1,,,1777553813114918,1777553813135577,1777553813114918,1777553813135577,,,,client-1-3,Insert,8434261,200,20659
client,client_request,completed,1777553813156740,1,,,1777553813135684,1777553813156740,1777553813135684,1777553813156740,,,,client-1-3,Insert,1755741,200,21056
client,client_request,completed,1777553813178211,1,,,1777553813156863,1777553813178211,1777553813156863,1777553813178211,,,,client-1-3,Insert,-11657040,200,21348
client,client_request,completed,1777553813199486,1,,,1777553813178345,1777553813199486,1777553813178345,1777553813199486,,,,client-1-3,Insert,5918227,200,21141
client,client_request,completed,1777553813221022,1,,,1777553813199591,1777553813221022,1777553813199591,1777553813221022,,,,client-1-3,Remove,-2277848,200,21431
client,client_request,completed,1777553813243243,1,,,1777553813221388,1777553813243243,1777553813221388,1777553813243243,,,,client-1-3,Insert,-3105808,200,21855
client,client_request,completed,1777553813264579,1,,,1777553813243352,1777553813264579,1777553813243352,1777553813264579,,,,client-1-3,Insert,-10551996,200,21227
client,client_request,completed,1777553813285307,1,,,1777553813264705,1777553813285307,1777553813264705,1777553813285307,,,,client-1-3,Remove,-657436,200,20602
client,client_request,completed,1777553813306447,1,,,1777553813285409,1777553813306447,1777553813285409,1777553813306447,,,,client-1-3,Insert,-5619154,200,21038
client,client_request,completed,1777553813327305,1,,,1777553813306555,1777553813327305,1777553813306555,1777553813327305,,,,client-1-3,Remove,-9910304,200,20750
client,client_request,completed,1777553813348015,1,,,1777553813327648,1777553813348015,1777553813327648,1777553813348015,,,,client-1-3,Insert,13365997,200,20367
client,client_request,completed,1777553813368742,1,,,1777553813348118,1777553813368742,1777553813348118,1777553813368742,,,,client-1-3,Remove,8183673,200,20624
client,client_request,completed,1777553813389853,1,,,1777553813368843,1777553813389853,1777553813368843,1777553813389853,,,,client-1-3,Remove,2921939,200,21010
client,client_request,completed,1777553813410879,1,,,1777553813390063,1777553813410879,1777553813390063,1777553813410879,,,,client-1-3,Remove,-12060204,200,20816
client,client_request,completed,1777553813431721,1,,,1777553813411010,1777553813431721,1777553813411010,1777553813431721,,,,client-1-3,Insert,888760,200,20711
client,client_request,completed,1777553813452539,1,,,1777553813431823,1777553813452539,1777553813431823,1777553813452539,,,,client-1-3,Insert,-5724786,200,20716
client,client_request,completed,1777553813473553,1,,,1777553813452954,1777553813473553,1777553813452954,1777553813473553,,,,client-1-3,Remove,9852760,200,20599
client,client_request,completed,1777553813494206,1,,,1777553813473920,1777553813494206,1777553813473920,1777553813494206,,,,client-1-3,Remove,-3571634,200,20286
client,client_request,completed,1777553813515719,1,,,1777553813494337,1777553813515719,1777553813494337,1777553813515719,,,,client-1-3,Remove,3678387,200,21382
client,client_request,completed,1777553813537042,1,,,1777553813516137,1777553813537042,1777553813516137,1777553813537042,,,,client-1-3,Insert,3587023,200,20905
client,client_request,completed,1777553813621089,1,,,1777553813537164,1777553813621089,1777553813537164,1777553813621089,,,,client-1-3,Remove,8176277,200,83925
client,client_request,completed,1777553813642006,1,,,1777553813621222,1777553813642006,1777553813621222,1777553813642006,,,,client-1-3,Insert,-16581934,200,20784
client,client_request,completed,1777553813662508,1,,,1777553813642109,1777553813662508,1777553813642109,1777553813662508,,,,client-1-3,Insert,-5088384,200,20399
client,client_request,completed,1777553813683151,1,,,1777553813662610,1777553813683151,1777553813662610,1777553813683151,,,,client-1-3,Remove,-8053519,200,20541
client,client_request,completed,1777553813703712,1,,,1777553813683252,1777553813703712,1777553813683252,1777553813703712,,,,client-1-3,Insert,13456359,200,20460
client,client_request,completed,1777553813724310,1,,,1777553813703814,1777553813724310,1777553813703814,1777553813724310,,,,client-1-3,Insert,1730362,200,20496
client,client_request,completed,1777553813744865,1,,,1777553813724411,1777553813744865,1777553813724411,1777553813744865,,,,client-1-3,Insert,680340,200,20454
client,client_request,completed,1777553813765444,1,,,1777553813744983,1777553813765444,1777553813744983,1777553813765444,,,,client-1-3,Insert,15283417,200,20461
client,client_request,completed,1777553813786241,1,,,1777553813765551,1777553813786241,1777553813765551,1777553813786241,,,,client-1-3,Insert,9513043,200,20690
client,client_request,completed,1777553813807109,1,,,1777553813786339,1777553813807109,1777553813786339,1777553813807109,,,,client-1-3,Insert,-13923564,200,20770
client,client_request,completed,1777553813827941,1,,,1777553813807211,1777553813827941,1777553813807211,1777553813827941,,,,client-1-3,Insert,-15462031,200,20730
client,client_request,completed,1777553813848932,1,,,1777553813828040,1777553813848932,1777553813828040,1777553813848932,,,,client-1-3,Remove,-14161611,200,20892
client,client_request,completed,1777553813869539,1,,,1777553813849284,1777553813869539,1777553813849284,1777553813869539,,,,client-1-3,Remove,12948789,200,20255
client,client_request,completed,1777553813890604,1,,,1777553813869641,1777553813890604,1777553813869641,1777553813890604,,,,client-1-3,Insert,-6945060,200,20963
client,client_request,completed,1777553813911297,1,,,1777553813890705,1777553813911297,1777553813890705,1777553813911297,,,,client-1-3,Remove,9133973,200,20592
client,client_request,completed,1777553813932304,1,,,1777553813911400,1777553813932304,1777553813911400,1777553813932304,,,,client-1-3,Insert,-10623197,200,20904
client,client_request,completed,1777553813953241,1,,,1777553813932644,1777553813953241,1777553813932644,1777553813953241,,,,client-1-3,Remove,-12984965,200,20597
client,client_request,completed,1777553813973794,1,,,1777553813953374,1777553813973794,1777553813953374,1777553813973794,,,,client-1-3,Insert,7173534,200,20420
client,client_request,completed,1777553813995159,1,,,1777553813973896,1777553813995159,1777553813973896,1777553813995159,,,,client-1-3,Insert,-15444108,200,21263
client,client_request,completed,1777553814016833,1,,,1777553813995264,1777553814016833,1777553813995264,1777553814016833,,,,client-1-3,Insert,-13042344,200,21569
client,client_request,completed,1777553814038141,1,,,1777553814017047,1777553814038141,1777553814017047,1777553814038141,,,,client-1-3,Insert,-12580457,200,21094
client,client_request,completed,1777553814059303,1,,,1777553814038246,1777553814059303,1777553814038246,1777553814059303,,,,client-1-3,Insert,-923689,200,21057
client,client_request,completed,1777553814080609,1,,,1777553814059404,1777553814080609,1777553814059404,1777553814080609,,,,client-1-3,Insert,2593046,200,21205
client,client_request,completed,1777553814102296,1,,,1777553814080975,1777553814102296,1777553814080975,1777553814102296,,,,client-1-3,Remove,8043519,200,21321
client,client_request,completed,1777553814124206,1,,,1777553814102401,1777553814124206,1777553814102401,1777553814124206,,,,client-1-3,Insert,-13251209,200,21805
client,client_request,completed,1777553814146015,1,,,1777553814124570,1777553814146015,1777553814124570,1777553814146015,,,,client-1-3,Remove,-4405571,200,21445
client,client_request,completed,1777553814167262,1,,,1777553814146121,1777553814167262,1777553814146121,1777553814167262,,,,client-1-3,Remove,-12815060,200,21141
client,client_request,completed,1777553814188752,1,,,1777553814167687,1777553814188752,1777553814167687,1777553814188752,,,,client-1-3,Remove,-7583089,200,21065
client,client_request,completed,1777553814212471,1,,,1777553814188880,1777553814212471,1777553814188880,1777553814212471,,,,client-1-3,Insert,633670,200,23591
client,client_request,completed,1777553814233724,1,,,1777553814212684,1777553814233724,1777553814212684,1777553814233724,,,,client-1-3,Remove,111799,200,21040
client,client_request,completed,1777553814254973,1,,,1777553814233829,1777553814254973,1777553814233829,1777553814254973,,,,client-1-3,Remove,15254401,200,21144
client,client_request,completed,1777553814276465,1,,,1777553814255077,1777553814276465,1777553814255077,1777553814276465,,,,client-1-3,Insert,5092210,200,21388
client,client_request,completed,1777553814297379,1,,,1777553814276678,1777553814297379,1777553814276678,1777553814297379,,,,client-1-3,Remove,10047277,200,20701
client,client_request,completed,1777553814318607,1,,,1777553814297509,1777553814318607,1777553814297509,1777553814318607,,,,client-1-3,Remove,-7202704,200,21098
client,client_request,completed,1777553814339709,1,,,1777553814318712,1777553814339709,1777553814318712,1777553814339709,,,,client-1-3,Remove,3112434,200,20997
client,client_request,completed,1777553814360984,1,,,1777553814339815,1777553814360984,1777553814339815,1777553814360984,,,,client-1-3,Insert,-12010923,200,21169
client,client_request,completed,1777553814382085,1,,,1777553814361194,1777553814382085,1777553814361194,1777553814382085,,,,client-1-3,Remove,-3194232,200,20891
client,client_request,completed,1777553814407108,1,,,1777553814382192,1777553814407108,1777553814382192,1777553814407108,,,,client-1-3,Insert,9287575,200,24916
client,client_request,completed,1777553814428697,1,,,1777553814407318,1777553814428697,1777553814407318,1777553814428697,,,,client-1-3,Remove,10950461,200,21379
client,client_request,completed,1777553814450661,1,,,1777553814428811,1777553814450661,1777553814428811,1777553814450661,,,,client-1-3,Remove,3079141,200,21850
client,client_request,completed,1777553814472220,1,,,1777553814450767,1777553814472220,1777553814450767,1777553814472220,,,,client-1-3,Insert,9620420,200,21453
client,client_request,completed,1777553814493303,1,,,1777553814472437,1777553814493303,1777553814472437,1777553814493303,,,,client-1-3,Insert,-11463089,200,20866
client,client_request,completed,1777553814514590,1,,,1777553814493411,1777553814514590,1777553814493411,1777553814514590,,,,client-1-3,Insert,5760760,200,21179
client,client_request,completed,1777553814535811,1,,,1777553814514697,1777553814535811,1777553814514697,1777553814535811,,,,client-1-3,Remove,3314525,200,21114
client,client_request,completed,1777553814622316,1,,,1777553814535917,1777553814622316,1777553814535917,1777553814622316,,,,client-1-3,Insert,5791680,200,86399
client,client_request,completed,1777553814646003,1,,,1777553814622451,1777553814646003,1777553814622451,1777553814646003,,,,client-1-3,Insert,1797895,200,23552
client,client_request,completed,1777553814668038,1,,,1777553814646110,1777553814668038,1777553814646110,1777553814668038,,,,client-1-3,Insert,1018478,200,21928
client,client_request,completed,1777553814690578,1,,,1777553814668146,1777553814690578,1777553814668146,1777553814690578,,,,client-1-3,Remove,-13672274,200,22432
client,client_request,completed,1777553814712336,1,,,1777553814690716,1777553814712336,1777553814690716,1777553814712336,,,,client-1-3,Insert,-5755272,200,21620
client,client_request,completed,1777553814734576,1,,,1777553814712442,1777553814734576,1777553814712442,1777553814734576,,,,client-1-3,Remove,3106377,200,22134
client,client_request,completed,1777553814756434,1,,,1777553814734940,1777553814756434,1777553814734940,1777553814756434,,,,client-1-3,Insert,-4188368,200,21494
client,client_request,completed,1777553814778573,1,,,1777553814756538,1777553814778573,1777553814756538,1777553814778573,,,,client-1-3,Remove,-5087550,200,22035
client,client_request,completed,1777553814811134,1,,,1777553814778675,1777553814811134,1777553814778675,1777553814811134,,,,client-1-3,Insert,-1626282,200,32459
client,client_request,completed,1777553814834227,1,,,1777553814811236,1777553814834227,1777553814811236,1777553814834227,,,,client-1-3,Remove,-6922501,200,22991
client,client_request,completed,1777553814856372,1,,,1777553814834352,1777553814856372,1777553814834352,1777553814856372,,,,client-1-3,Remove,-912120,200,22020
client,client_request,completed,1777553814878734,1,,,1777553814856478,1777553814878734,1777553814856478,1777553814878734,,,,client-1-3,Remove,4531853,200,22256
client,client_request,completed,1777553814901196,1,,,1777553814878862,1777553814901196,1777553814878862,1777553814901196,,,,client-1-3,Insert,-7348903,200,22334
client,client_request,completed,1777553814922856,1,,,1777553814901417,1777553814922856,1777553814901417,1777553814922856,,,,client-1-3,Insert,10322708,200,21439
client,client_request,completed,1777553814945067,1,,,1777553814923221,1777553814945067,1777553814923221,1777553814945067,,,,client-1-3,Insert,3259634,200,21846
client,client_request,completed,1777553814966690,1,,,1777553814945438,1777553814966690,1777553814945438,1777553814966690,,,,client-1-3,Remove,9435032,200,21252
client,client_request,completed,1777553814988127,1,,,1777553814966793,1777553814988127,1777553814966793,1777553814988127,,,,client-1-3,Remove,-9112087,200,21334
client,client_request,completed,1777553815009471,1,,,1777553814988525,1777553815009471,1777553814988525,1777553815009471,,,,client-1-3,Remove,12920556,200,20946
client,client_request,completed,1777553815034908,1,,,1777553815009839,1777553815034908,1777553815009839,1777553815034908,,,,client-1-3,Remove,-13551756,200,25069
client,client_request,completed,1777553815057502,1,,,1777553815035034,1777553815057502,1777553815035034,1777553815057502,,,,client-1-3,Remove,-9614102,200,22468
client,client_request,completed,1777553815081248,1,,,1777553815057607,1777553815081248,1777553815057607,1777553815081248,,,,client-1-3,Remove,5763878,200,23641
client,client_request,completed,1777553815102796,1,,,1777553815081600,1777553815102796,1777553815081600,1777553815102796,,,,client-1-3,Remove,-4212830,200,21196
client,client_request,completed,1777553815124344,1,,,1777553815103005,1777553815124344,1777553815103005,1777553815124344,,,,client-1-3,Insert,-4763365,200,21339
client,client_request,completed,1777553815145686,1,,,1777553815124695,1777553815145686,1777553815124695,1777553815145686,,,,client-1-3,Insert,7089706,200,20991
client,client_request,completed,1777553815167237,1,,,1777553815145892,1777553815167237,1777553815145892,1777553815167237,,,,client-1-3,Remove,-6066395,200,21345
client,client_request,completed,1777553815188787,1,,,1777553815167445,1777553815188787,1777553815167445,1777553815188787,,,,client-1-3,Insert,-4484644,200,21342
client,client_request,completed,1777553815209636,1,,,1777553815189131,1777553815209636,1777553815189131,1777553815209636,,,,client-1-3,Insert,-9588333,200,20505
client,client_request,completed,1777553815230894,1,,,1777553815209980,1777553815230894,1777553815209980,1777553815230894,,,,client-1-3,Insert,-4144628,200,20914
client,client_request,completed,1777553815251711,1,,,1777553815231008,1777553815251711,1777553815231008,1777553815251711,,,,client-1-3,Remove,5901374,200,20703
client,client_request,completed,1777553815272592,1,,,1777553815251826,1777553815272592,1777553815251826,1777553815272592,,,,client-1-3,Insert,-9998482,200,20766
client,client_request,completed,1777553815293779,1,,,1777553815272724,1777553815293779,1777553815272724,1777553815293779,,,,client-1-3,Insert,-15754203,200,21055
client,client_request,completed,1777553815314940,1,,,1777553815293883,1777553815314940,1777553815293883,1777553815314940,,,,client-1-3,Insert,698114,200,21057
client,client_request,completed,1777553815335863,1,,,1777553815315055,1777553815335863,1777553815315055,1777553815335863,,,,client-1-3,Insert,-3893108,200,20808
client,client_request,completed,1777553815357135,1,,,1777553815335978,1777553815357135,1777553815335978,1777553815357135,,,,client-1-3,Insert,6258361,200,21157
client,client_request,completed,1777553815378327,1,,,1777553815357241,1777553815378327,1777553815357241,1777553815378327,,,,client-1-3,Insert,-7446654,200,21086
client,client_request,completed,1777553815399526,1,,,1777553815378433,1777553815399526,1777553815378433,1777553815399526,,,,client-1-3,Insert,-8886654,200,21093
client,client_request,completed,1777553815421383,1,,,1777553815399632,1777553815421383,1777553815399632,1777553815421383,,,,client-1-3,Insert,3963299,200,21751
client,client_request,completed,1777553815442836,1,,,1777553815421488,1777553815442836,1777553815421488,1777553815442836,,,,client-1-3,Insert,-1641915,200,21348
client,client_request,completed,1777553815464170,1,,,1777553815442941,1777553815464170,1777553815442941,1777553815464170,,,,client-1-3,Remove,8607040,200,21229
client,client_request,completed,1777553815486109,1,,,1777553815464316,1777553815486109,1777553815464316,1777553815486109,,,,client-1-3,Insert,6473972,200,21793
client,client_request,completed,1777553815508344,1,,,1777553815486215,1777553815508344,1777553815486215,1777553815508344,,,,client-1-3,Remove,1665344,200,22129
client,client_request,completed,1777553815530213,1,,,1777553815508450,1777553815530213,1777553815508450,1777553815530213,,,,client-1-3,Remove,-7928449,200,21763
client,client_request,completed,1777553815615959,1,,,1777553815530317,1777553815615959,1777553815530317,1777553815615959,,,,client-1-3,Insert,-8280376,200,85642
client,client_request,completed,1777553815638457,1,,,1777553815616066,1777553815638457,1777553815616066,1777553815638457,,,,client-1-3,Insert,10501241,200,22391
client,client_request,completed,1777553815660255,1,,,1777553815638561,1777553815660255,1777553815638561,1777553815660255,,,,client-1-3,Remove,-7450084,200,21694
client,client_request,completed,1777553815682051,1,,,1777553815660360,1777553815682051,1777553815660360,1777553815682051,,,,client-1-3,Remove,5185398,200,21691
client,client_request,completed,1777553815704075,1,,,1777553815682157,1777553815704075,1777553815682157,1777553815704075,,,,client-1-3,Insert,-11866447,200,21918
client,client_request,completed,1777553815726384,1,,,1777553815704443,1777553815726384,1777553815704443,1777553815726384,,,,client-1-3,Remove,13810422,200,21941
client,client_request,completed,1777553815748031,1,,,1777553815726486,1777553815748031,1777553815726486,1777553815748031,,,,client-1-3,Remove,-16160382,200,21545
client,client_request,completed,1777553815769500,1,,,1777553815748134,1777553815769500,1777553815748134,1777553815769500,,,,client-1-3,Remove,3486732,200,21366
client,client_request,completed,1777553815791103,1,,,1777553815769631,1777553815791103,1777553815769631,1777553815791103,,,,client-1-3,Remove,-3318525,200,21472
client,client_request,completed,1777553815813823,1,,,1777553815791201,1777553815813823,1777553815791201,1777553815813823,,,,client-1-3,Remove,4995833,200,22622
client,client_request,completed,1777553815835983,1,,,1777553815813919,1777553815835983,1777553815813919,1777553815835983,,,,client-1-3,Remove,10135244,200,22064
client,client_request,completed,1777553815857936,1,,,1777553815836085,1777553815857936,1777553815836085,1777553815857936,,,,client-1-3,Remove,-11263023,200,21851
client,client_request,completed,1777553815879292,1,,,1777553815858038,1777553815879292,1777553815858038,1777553815879292,,,,client-1-3,Remove,-13471017,200,21254
client,client_request,completed,1777553815900975,1,,,1777553815879394,1777553815900975,1777553815879394,1777553815900975,,,,client-1-3,Insert,3343823,200,21581
client,client_request,completed,1777553815922430,1,,,1777553815901076,1777553815922430,1777553815901076,1777553815922430,,,,client-1-3,Remove,8065933,200,21354
client,client_request,completed,1777553815943664,1,,,1777553815922531,1777553815943664,1777553815922531,1777553815943664,,,,client-1-3,Insert,9480474,200,21133
client,client_request,completed,1777553815965155,1,,,1777553815943776,1777553815965155,1777553815943776,1777553815965155,,,,client-1-3,Remove,814892,200,21379
client,client_request,completed,1777553815986679,1,,,1777553815965264,1777553815986679,1777553815965264,1777553815986679,,,,client-1-3,Remove,-15194811,200,21415
client,client_request,completed,1777553816008946,1,,,1777553815987042,1777553816008946,1777553815987042,1777553816008946,,,,client-1-3,Remove,5053199,200,21904
client,client_request,completed,1777553816030662,1,,,1777553816009070,1777553816030662,1777553816009070,1777553816030662,,,,client-1-3,Insert,14789370,200,21592
client,client_request,completed,1777553816052780,1,,,1777553816031018,1777553816052780,1777553816031018,1777553816052780,,,,client-1-3,Remove,-10549623,200,21762
client,client_request,completed,1777553816074609,1,,,1777553816052904,1777553816074609,1777553816052904,1777553816074609,,,,client-1-3,Insert,6874402,200,21705
client,client_request,completed,1777553816096142,1,,,1777553816074970,1777553816096142,1777553816074970,1777553816096142,,,,client-1-3,Insert,-16054812,200,21172
client,client_request,completed,1777553816118267,1,,,1777553816096541,1777553816118267,1777553816096541,1777553816118267,,,,client-1-3,Insert,-15098371,200,21726
client,client_request,completed,1777553816139880,1,,,1777553816118630,1777553816139880,1777553816118630,1777553816139880,,,,client-1-3,Remove,-15441181,200,21250
client,client_request,completed,1777553816161724,1,,,1777553816140264,1777553816161724,1777553816140264,1777553816161724,,,,client-1-3,Remove,13141809,200,21460
client,client_request,completed,1777553816183121,1,,,1777553816161844,1777553816183121,1777553816161844,1777553816183121,,,,client-1-3,Remove,-14414624,200,21277
client,client_request,completed,1777553816204614,1,,,1777553816183326,1777553816204614,1777553816183326,1777553816204614,,,,client-1-3,Remove,1699529,200,21288
client,client_request,completed,1777553816226013,1,,,1777553816204820,1777553816226013,1777553816204820,1777553816226013,,,,client-1-3,Insert,316391,200,21193
client,client_request,completed,1777553816247519,1,,,1777553816226119,1777553816247519,1777553816226119,1777553816247519,,,,client-1-3,Insert,5174775,200,21400
client,client_request,completed,1777553816270323,1,,,1777553816247624,1777553816270323,1777553816247624,1777553816270323,,,,client-1-3,Insert,1269393,200,22699
client,client_request,completed,1777553816292392,1,,,1777553816270427,1777553816292392,1777553816270427,1777553816292392,,,,client-1-3,Insert,-10847282,200,21965
client,client_request,completed,1777553816314508,1,,,1777553816292519,1777553816314508,1777553816292519,1777553816314508,,,,client-1-3,Remove,-3909978,200,21989
client,client_request,completed,1777553816337031,1,,,1777553816314613,1777553816337031,1777553816314613,1777553816337031,,,,client-1-3,Remove,14241744,200,22418
client,client_request,completed,1777553816360264,1,,,1777553816337134,1777553816360264,1777553816337134,1777553816360264,,,,client-1-3,Remove,13698799,200,23130
client,client_request,completed,1777553816382248,1,,,1777553816360368,1777553816382248,1777553816360368,1777553816382248,,,,client-1-3,Remove,-11169705,200,21880
client,client_request,completed,1777553816404483,1,,,1777553816382349,1777553816404483,1777553816382349,1777553816404483,,,,client-1-3,Remove,15596241,200,22134
client,client_request,completed,1777553816426851,1,,,1777553816404585,1777553816426851,1777553816404585,1777553816426851,,,,client-1-3,Remove,-16028684,200,22266
client,client_request,completed,1777553816448935,1,,,1777553816426951,1777553816448935,1777553816426951,1777553816448935,,,,client-1-3,Insert,-15640853,200,21984
client,client_request,completed,1777553816471470,1,,,1777553816449038,1777553816471470,1777553816449038,1777553816471470,,,,client-1-3,Remove,16641754,200,22432
client,client_request,completed,1777553816493241,1,,,1777553816471571,1777553816493241,1777553816471571,1777553816493241,,,,client-1-3,Remove,-4800422,200,21670
client,client_request,completed,1777553816515271,1,,,1777553816493343,1777553816515271,1777553816493343,1777553816515271,,,,client-1-3,Insert,14342370,200,21928
client,client_request,completed,1777553816537122,1,,,1777553816515372,1777553816537122,1777553816515372,1777553816537122,,,,client-1-3,Insert,-10002849,200,21750
client,client_request,completed,1777553816623562,1,,,1777553816537216,1777553816623562,1777553816537216,1777553816623562,,,,client-1-3,Insert,-6598744,200,86346
client,client_request,completed,1777553816648841,1,,,1777553816623669,1777553816648841,1777553816623669,1777553816648841,,,,client-1-3,Insert,-10711434,200,25172
client,client_request,completed,1777553816671638,1,,,1777553816649193,1777553816671638,1777553816649193,1777553816671638,,,,client-1-3,Remove,-11932030,200,22445
client,client_request,completed,1777553816694098,1,,,1777553816671995,1777553816694098,1777553816671995,1777553816694098,,,,client-1-3,Remove,7487001,200,22103
client,client_request,completed,1777553816716048,1,,,1777553816694224,1777553816716048,1777553816694224,1777553816716048,,,,client-1-3,Remove,2333760,200,21824
client,client_request,completed,1777553816737832,1,,,1777553816716171,1777553816737832,1777553816716171,1777553816737832,,,,client-1-3,Insert,-5791309,200,21661
client,client_request,completed,1777553816760260,1,,,1777553816738196,1777553816760260,1777553816738196,1777553816760260,,,,client-1-3,Insert,-7645285,200,22064
client,client_request,completed,1777553816782374,1,,,1777553816760367,1777553816782374,1777553816760367,1777553816782374,,,,client-1-3,Insert,5148471,200,22007
client,client_request,completed,1777553816804615,1,,,1777553816782472,1777553816804615,1777553816782472,1777553816804615,,,,client-1-3,Remove,1662558,200,22143
client,client_request,completed,1777553816826788,1,,,1777553816804713,1777553816826788,1777553816804713,1777553816826788,,,,client-1-3,Insert,-7232280,200,22075
client,client_request,completed,1777553816849493,1,,,1777553816826886,1777553816849493,1777553816826886,1777553816849493,,,,client-1-3,Remove,-15117641,200,22607
client,client_request,completed,1777553816871302,1,,,1777553816849861,1777553816871302,1777553816849861,1777553816871302,,,,client-1-3,Insert,14007819,200,21441
client,client_request,completed,1777553816893361,1,,,1777553816871404,1777553816893361,1777553816871404,1777553816893361,,,,client-1-3,Remove,8273973,200,21957
client,client_request,completed,1777553816915408,1,,,1777553816893462,1777553816915408,1777553816893462,1777553816915408,,,,client-1-3,Insert,-12273474,200,21946
client,client_request,completed,1777553816937308,1,,,1777553816915511,1777553816937308,1777553816915511,1777553816937308,,,,client-1-3,Remove,-10886920,200,21797
client,client_request,completed,1777553816959530,1,,,1777553816937420,1777553816959530,1777553816937420,1777553816959530,,,,client-1-3,Remove,12543393,200,22110
client,client_request,completed,1777553816981895,1,,,1777553816959888,1777553816981895,1777553816959888,1777553816981895,,,,client-1-3,Insert,14063293,200,22007
client,client_request,completed,1777553817003744,1,,,1777553816982259,1777553817003744,1777553816982259,1777553817003744,,,,client-1-3,Insert,1131953,200,21485
client,client_request,completed,1777553817025642,1,,,1777553817003853,1777553817025642,1777553817003853,1777553817025642,,,,client-1-3,Remove,-5754959,200,21789
client,client_request,completed,1777553817047832,1,,,1777553817025745,1777553817047832,1777553817025745,1777553817047832,,,,client-1-3,Remove,-5446272,200,22087
client,client_request,completed,1777553817070303,1,,,1777553817047944,1777553817070303,1777553817047944,1777553817070303,,,,client-1-3,Remove,-7562206,200,22359
client,client_request,completed,1777553817092743,1,,,1777553817070407,1777553817092743,1777553817070407,1777553817092743,,,,client-1-3,Remove,-12407656,200,22336
client,client_request,completed,1777553817115560,1,,,1777553817092876,1777553817115560,1777553817092876,1777553817115560,,,,client-1-3,Remove,3635267,200,22684
client,client_request,completed,1777553817137795,1,,,1777553817115685,1777553817137795,1777553817115685,1777553817137795,,,,client-1-3,Insert,-1543677,200,22110
client,client_request,completed,1777553817160292,1,,,1777553817138158,1777553817160292,1777553817138158,1777553817160292,,,,client-1-3,Insert,5496423,200,22134
client,client_request,completed,1777553817181853,1,,,1777553817160507,1777553817181853,1777553817160507,1777553817181853,,,,client-1-3,Remove,14542884,200,21346
client,client_request,completed,1777553817204148,1,,,1777553817181955,1777553817204148,1777553817181955,1777553817204148,,,,client-1-3,Insert,5705002,200,22193
client,client_request,completed,1777553817226259,1,,,1777553817204278,1777553817226259,1777553817204278,1777553817226259,,,,client-1-3,Insert,-10455084,200,21981
client,client_request,completed,1777553817248647,1,,,1777553817226362,1777553817248647,1777553817226362,1777553817248647,,,,client-1-3,Insert,-14103398,200,22285
client,client_request,completed,1777553817270944,1,,,1777553817248774,1777553817270944,1777553817248774,1777553817270944,,,,client-1-3,Remove,7260549,200,22170
client,client_request,completed,1777553817292386,1,,,1777553817271310,1777553817292386,1777553817271310,1777553817292386,,,,client-1-3,Insert,-10523236,200,21076
client,client_request,completed,1777553817314905,1,,,1777553817292488,1777553817314905,1777553817292488,1777553817314905,,,,client-1-3,Insert,13948996,200,22417
client,client_request,completed,1777553817336850,1,,,1777553817315007,1777553817336850,1777553817315007,1777553817336850,,,,client-1-3,Insert,11841414,200,21843
client,client_request,completed,1777553817359224,1,,,1777553817336952,1777553817359224,1777553817336952,1777553817359224,,,,client-1-3,Insert,-7559575,200,22272
client,client_request,completed,1777553817381426,1,,,1777553817359327,1777553817381426,1777553817359327,1777553817381426,,,,client-1-3,Insert,11263243,200,22099
client,client_request,completed,1777553817403733,1,,,1777553817381550,1777553817403733,1777553817381550,1777553817403733,,,,client-1-3,Remove,-1930328,200,22183
client,client_request,completed,1777553817426165,1,,,1777553817404079,1777553817426165,1777553817404079,1777553817426165,,,,client-1-3,Insert,8956382,200,22086
client,client_request,completed,1777553817448426,1,,,1777553817426265,1777553817448426,1777553817426265,1777553817448426,,,,client-1-3,Remove,-8162837,200,22161
client,client_request,completed,1777553817470873,1,,,1777553817448530,1777553817470873,1777553817448530,1777553817470873,,,,client-1-3,Insert,6480592,200,22343
client,client_request,completed,1777553817493264,1,,,1777553817471003,1777553817493264,1777553817471003,1777553817493264,,,,client-1-3,Remove,7573741,200,22261
client,client_request,completed,1777553817516548,1,,,1777553817493628,1777553817516548,1777553817493628,1777553817516548,,,,client-1-3,Insert,8063810,200,22920
client,client_request,completed,1777553817540287,1,,,1777553817516673,1777553817540287,1777553817516673,1777553817540287,,,,client-1-3,Insert,6853606,200,23614
client,client_request,completed,1777553817628005,1,,,1777553817540412,1777553817628005,1777553817540412,1777553817628005,,,,client-1-3,Insert,-1608441,200,87593
client,client_request,completed,1777553817652850,1,,,1777553817628151,1777553817652850,1777553817628151,1777553817652850,,,,client-1-3,Insert,-13631034,200,24699
client,client_request,completed,1777553817676246,1,,,1777553817652954,1777553817676246,1777553817652954,1777553817676246,,,,client-1-3,Insert,4027796,200,23292
client,client_request,completed,1777553817699681,1,,,1777553817676349,1777553817699681,1777553817676349,1777553817699681,,,,client-1-3,Remove,8840669,200,23332
client,client_request,completed,1777553817722914,1,,,1777553817699785,1777553817722914,1777553817699785,1777553817722914,,,,client-1-3,Remove,10000650,200,23129
client,client_request,completed,1777553817746069,1,,,1777553817723017,1777553817746069,1777553817723017,1777553817746069,,,,client-1-3,Insert,-11967477,200,23052
client,client_request,completed,1777553817768780,1,,,1777553817746172,1777553817768780,1777553817746172,1777553817768780,,,,client-1-3,Insert,4609616,200,22608
client,client_request,completed,1777553817791877,1,,,1777553817768882,1777553817791877,1777553817768882,1777553817791877,,,,client-1-3,Insert,15660551,200,22995
client,client_request,completed,1777553817815086,1,,,1777553817791976,1777553817815086,1777553817791976,1777553817815086,,,,client-1-3,Insert,-14810820,200,23110
client,client_request,completed,1777553817838205,1,,,1777553817815185,1777553817838205,1777553817815185,1777553817838205,,,,client-1-3,Remove,1716918,200,23020
client,client_request,completed,1777553817861107,1,,,1777553817838305,1777553817861107,1777553817838305,1777553817861107,,,,client-1-3,Insert,-10931601,200,22802
client,client_request,completed,1777553817884367,1,,,1777553817861208,1777553817884367,1777553817861208,1777553817884367,,,,client-1-3,Remove,-7552670,200,23159
client,client_request,completed,1777553817907379,1,,,1777553817884468,1777553817907379,1777553817884468,1777553817907379,,,,client-1-3,Insert,14507826,200,22911
client,client_request,completed,1777553817930934,1,,,1777553817907499,1777553817930934,1777553817907499,1777553817930934,,,,client-1-3,Remove,7242807,200,23435
client,client_request,completed,1777553817954054,1,,,1777553817931035,1777553817954054,1777553817931035,1777553817954054,,,,client-1-3,Insert,-813602,200,23019
client,client_request,completed,1777553817976832,1,,,1777553817954156,1777553817976832,1777553817954156,1777553817976832,,,,client-1-3,Insert,-3644861,200,22676
client,client_request,completed,1777553818000163,1,,,1777553817976934,1777553818000163,1777553817976934,1777553818000163,,,,client-1-3,Insert,-3350735,200,23229
client,client_request,completed,1777553818024297,1,,,1777553818000299,1777553818024297,1777553818000299,1777553818024297,,,,client-1-3,Remove,6365203,200,23998
client,client_request,completed,1777553818047885,1,,,1777553818024512,1777553818047885,1777553818024512,1777553818047885,,,,client-1-3,Remove,711425,200,23373
client,client_request,completed,1777553818071866,1,,,1777553818048261,1777553818071866,1777553818048261,1777553818071866,,,,client-1-3,Remove,8597738,200,23605
client,client_request,completed,1777553818095091,1,,,1777553818071979,1777553818095091,1777553818071979,1777553818095091,,,,client-1-3,Insert,16465546,200,23112
client,client_request,completed,1777553818118569,1,,,1777553818095193,1777553818118569,1777553818095193,1777553818118569,,,,client-1-3,Insert,-11036476,200,23376
client,client_request,completed,1777553818141933,1,,,1777553818118673,1777553818141933,1777553818118673,1777553818141933,,,,client-1-3,Insert,-11522200,200,23260
client,client_request,completed,1777553818164957,1,,,1777553818142034,1777553818164957,1777553818142034,1777553818164957,,,,client-1-3,Remove,11839082,200,22923
client,client_request,completed,1777553818188032,1,,,1777553818165078,1777553818188032,1777553818165078,1777553818188032,,,,client-1-3,Insert,-8634777,200,22954
client,client_request,completed,1777553818211497,1,,,1777553818188162,1777553818211497,1777553818188162,1777553818211497,,,,client-1-3,Insert,144407,200,23335
client,client_request,completed,1777553818234732,1,,,1777553818211598,1777553818234732,1777553818211598,1777553818234732,,,,client-1-3,Remove,-6273161,200,23134
client,client_request,completed,1777553818257987,1,,,1777553818234833,1777553818257987,1777553818234833,1777553818257987,,,,client-1-3,Insert,-3147026,200,23154
client,client_request,completed,1777553818281868,1,,,1777553818258090,1777553818281868,1777553818258090,1777553818281868,,,,client-1-3,Insert,7853491,200,23778
client,client_request,completed,1777553818305482,1,,,1777553818281969,1777553818305482,1777553818281969,1777553818305482,,,,client-1-3,Insert,2545118,200,23513
client,client_request,completed,1777553818328841,1,,,1777553818305695,1777553818328841,1777553818305695,1777553818328841,,,,client-1-3,Remove,-11602649,200,23146
client,client_request,completed,1777553818352153,1,,,1777553818329051,1777553818352153,1777553818329051,1777553818352153,,,,client-1-3,Remove,13234575,200,23102
client,client_request,completed,1777553818375738,1,,,1777553818352540,1777553818375738,1777553818352540,1777553818375738,,,,client-1-3,Remove,-2136261,200,23198
client,client_request,completed,1777553818398663,1,,,1777553818375868,1777553818398663,1777553818375868,1777553818398663,,,,client-1-3,Remove,-2191211,200,22795
client,client_request,completed,1777553818422033,1,,,1777553818398766,1777553818422033,1777553818398766,1777553818422033,,,,client-1-3,Remove,-9488159,200,23267
client,client_request,completed,1777553818445136,1,,,1777553818422134,1777553818445136,1777553818422134,1777553818445136,,,,client-1-3,Remove,16368156,200,23002
client,client_request,completed,1777553818468685,1,,,1777553818445238,1777553818468685,1777553818445238,1777553818468685,,,,client-1-3,Insert,-15936754,200,23447
client,client_request,completed,1777553818492678,1,,,1777553818468787,1777553818492678,1777553818468787,1777553818492678,,,,client-1-3,Insert,-13473479,200,23891
client,client_request,completed,1777553818515968,1,,,1777553818492799,1777553818515968,1777553818492799,1777553818515968,,,,client-1-3,Remove,12659918,200,23169
client,client_request,completed,1777553818539724,1,,,1777553818516069,1777553818539724,1777553818516069,1777553818539724,,,,client-1-3,Insert,-8245022,200,23655
client,client_request,completed,1777553818626414,1,,,1777553818539826,1777553818626414,1777553818539826,1777553818626414,,,,client-1-3,Remove,9073485,200,86588
client,client_request,completed,1777553818649539,1,,,1777553818626516,1777553818649539,1777553818626516,1777553818649539,,,,client-1-3,Remove,8928061,200,23023
client,client_request,completed,1777553818672485,1,,,1777553818649641,1777553818672485,1777553818649641,1777553818672485,,,,client-1-3,Insert,8294431,200,22844
client,client_request,completed,1777553818695626,1,,,1777553818672586,1777553818695626,1777553818672586,1777553818695626,,,,client-1-3,Remove,7186887,200,23040
client,client_request,completed,1777553818718971,1,,,1777553818695727,1777553818718971,1777553818695727,1777553818718971,,,,client-1-3,Insert,-16049165,200,23244
client,client_request,completed,1777553818742175,1,,,1777553818719071,1777553818742175,1777553818719071,1777553818742175,,,,client-1-3,Insert,-3133149,200,23104
client,client_request,completed,1777553818765953,1,,,1777553818742278,1777553818765953,1777553818742278,1777553818765953,,,,client-1-3,Remove,-13319190,200,23675
client,client_request,completed,1777553818789164,1,,,1777553818766054,1777553818789164,1777553818766054,1777553818789164,,,,client-1-3,Insert,16553445,200,23110
client,client_request,completed,1777553818812503,1,,,1777553818789263,1777553818812503,1777553818789263,1777553818812503,,,,client-1-3,Insert,-11887820,200,23240
client,client_request,completed,1777553818836532,1,,,1777553818812604,1777553818836532,1777553818812604,1777553818836532,,,,client-1-3,Remove,2969068,200,23928
client,client_request,completed,1777553818859890,1,,,1777553818836894,1777553818859890,1777553818836894,1777553818859890,,,,client-1-3,Remove,9650088,200,22996
client,client_request,completed,1777553818884627,1,,,1777553818859992,1777553818884627,1777553818859992,1777553818884627,,,,client-1-3,Insert,-14617420,200,24635
client,client_request,completed,1777553818910428,1,,,1777553818884732,1777553818910428,1777553818884732,1777553818910428,,,,client-1-3,Remove,4028505,200,25696
client,client_request,completed,1777553818933345,1,,,1777553818910665,1777553818933345,1777553818910665,1777553818933345,,,,client-1-3,Remove,-3664042,200,22680
client,client_request,completed,1777553818956502,1,,,1777553818933452,1777553818956502,1777553818933452,1777553818956502,,,,client-1-3,Insert,2409515,200,23050
client,client_request,completed,1777553818979827,1,,,1777553818956604,1777553818979827,1777553818956604,1777553818979827,,,,client-1-3,Insert,5248636,200,23223
client,client_request,completed,1777553819003432,1,,,1777553818979929,1777553819003432,1777553818979929,1777553819003432,,,,client-1-3,Remove,-12305491,200,23503
client,client_request,completed,1777553819027141,1,,,1777553819003534,1777553819027141,1777553819003534,1777553819027141,,,,client-1-3,Remove,6643380,200,23607
client,client_request,completed,1777553819050860,1,,,1777553819027244,1777553819050860,1777553819027244,1777553819050860,,,,client-1-3,Insert,4290926,200,23616
client,client_request,completed,1777553819074380,1,,,1777553819050962,1777553819074380,1777553819050962,1777553819074380,,,,client-1-3,Remove,-2310449,200,23418
client,client_request,completed,1777553819097551,1,,,1777553819074484,1777553819097551,1777553819074484,1777553819097551,,,,client-1-3,Remove,-7822748,200,23067
client,client_request,completed,1777553819121311,1,,,1777553819097652,1777553819121311,1777553819097652,1777553819121311,,,,client-1-3,Insert,2043982,200,23659
client,client_request,completed,1777553819144855,1,,,1777553819121420,1777553819144855,1777553819121420,1777553819144855,,,,client-1-3,Insert,1444616,200,23435
client,client_request,completed,1777553819167895,1,,,1777553819144955,1777553819167895,1777553819144955,1777553819167895,,,,client-1-3,Insert,-2751803,200,22940
client,client_request,completed,1777553819191376,1,,,1777553819168015,1777553819191376,1777553819168015,1777553819191376,,,,client-1-3,Insert,4100770,200,23361
client,client_request,completed,1777553819217027,1,,,1777553819191477,1777553819217027,1777553819191477,1777553819217027,,,,client-1-3,Insert,14564523,200,25550
client,client_request,completed,1777553819241483,1,,,1777553819217144,1777553819241483,1777553819217144,1777553819241483,,,,client-1-3,Remove,-1420746,200,24339
client,client_request,completed,1777553819264561,1,,,1777553819241587,1777553819264561,1777553819241587,1777553819264561,,,,client-1-3,Insert,-323927,200,22974
client,client_request,completed,1777553819287576,1,,,1777553819264697,1777553819287576,1777553819264697,1777553819287576,,,,client-1-3,Insert,1526582,200,22879
client,client_request,completed,1777553819310898,1,,,1777553819287684,1777553819310898,1777553819287684,1777553819310898,,,,client-1-3,Remove,-10224775,200,23214
client,client_request,completed,1777553819333963,1,,,1777553819311004,1777553819333963,1777553819311004,1777553819333963,,,,client-1-3,Remove,6956977,200,22959
client,client_request,completed,1777553819356969,1,,,1777553819334110,1777553819356969,1777553819334110,1777553819356969,,,,client-1-3,Remove,-6095716,200,22859
client,client_request,completed,1777553819379967,1,,,1777553819357073,1777553819379967,1777553819357073,1777553819379967,,,,client-1-3,Insert,-1055183,200,22894
client,client_request,completed,1777553819404522,1,,,1777553819380133,1777553819404522,1777553819380133,1777553819404522,,,,client-1-3,Insert,-6998093,200,24389
client,client_request,completed,1777553819428424,1,,,1777553819404653,1777553819428424,1777553819404653,1777553819428424,,,,client-1-3,Remove,5190546,200,23771
client,client_request,completed,1777553819452063,1,,,1777553819428556,1777553819452063,1777553819428556,1777553819452063,,,,client-1-3,Remove,-4352676,200,23507
client,client_request,completed,1777553819476154,1,,,1777553819452220,1777553819476154,1777553819452220,1777553819476154,,,,client-1-3,Remove,-15621132,200,23934
client,client_request,completed,1777553819502726,1,,,1777553819476256,1777553819502726,1777553819476256,1777553819502726,,,,client-1-3,Insert,6077384,200,26470
client,client_request,completed,1777553819527168,1,,,1777553819502830,1777553819527168,1777553819502830,1777553819527168,,,,client-1-3,Insert,-3768100,200,24338
client,client_request,completed,1777553819615540,1,,,1777553819527298,1777553819615540,1777553819527298,1777553819615540,,,,client-1-3,Insert,-3316796,200,88242
client,client_request,completed,1777553819639474,1,,,1777553819615647,1777553819639474,1777553819615647,1777553819639474,,,,client-1-3,Insert,-14310784,200,23827
client,client_request,completed,1777553819663093,1,,,1777553819639575,1777553819663093,1777553819639575,1777553819663093,,,,client-1-3,Insert,-11831835,200,23518
client,client_request,completed,1777553819686969,1,,,1777553819663195,1777553819686969,1777553819663195,1777553819686969,,,,client-1-3,Insert,7549146,200,23774
client,client_request,completed,1777553819710747,1,,,1777553819687071,1777553819710747,1777553819687071,1777553819710747,,,,client-1-3,Insert,6239218,200,23676
client,client_request,completed,1777553819734486,1,,,1777553819710873,1777553819734486,1777553819710873,1777553819734486,,,,client-1-3,Insert,-10127380,200,23613
client,client_request,completed,1777553819757980,1,,,1777553819734696,1777553819757980,1777553819734696,1777553819757980,,,,client-1-3,Remove,14906736,200,23284
client,client_request,completed,1777553819781476,1,,,1777553819758399,1777553819781476,1777553819758399,1777553819781476,,,,client-1-3,Insert,2599274,200,23077
client,client_request,completed,1777553819805543,1,,,1777553819781575,1777553819805543,1777553819781575,1777553819805543,,,,client-1-3,Remove,-10228470,200,23968
client,client_request,completed,1777553819828959,1,,,1777553819805667,1777553819828959,1777553819805667,1777553819828959,,,,client-1-3,Insert,-5686501,200,23292
client,client_request,completed,1777553819852882,1,,,1777553819829111,1777553819852882,1777553819829111,1777553819852882,,,,client-1-3,Remove,-2056558,200,23771
client,client_request,completed,1777553819876280,1,,,1777553819853018,1777553819876280,1777553819853018,1777553819876280,,,,client-1-3,Insert,13914946,200,23262
client,client_request,completed,1777553819899633,1,,,1777553819876420,1777553819899633,1777553819876420,1777553819899633,,,,client-1-3,Insert,-14676879,200,23213
client,client_request,completed,1777553819923047,1,,,1777553819899774,1777553819923047,1777553819899774,1777553819923047,,,,client-1-3,Insert,-7997655,200,23273
client,client_request,completed,1777553819946377,1,,,1777553819923213,1777553819946377,1777553819923213,1777553819946377,,,,client-1-3,Insert,-10444122,200,23164
client,client_request,completed,1777553819970347,1,,,1777553819946588,1777553819970347,1777553819946588,1777553819970347,,,,client-1-3,Remove,-10143985,200,23759
client,client_request,completed,1777553819995958,1,,,1777553819970451,1777553819995958,1777553819970451,1777553819995958,,,,client-1-3,Insert,-5508614,200,25507
client,client_request,completed,1777553820020470,1,,,1777553819996350,1777553820020470,1777553819996350,1777553820020470,,,,client-1-3,Remove,-13685532,200,24120
client,client_request,completed,1777553820045371,1,,,1777553820020612,1777553820045371,1777553820020612,1777553820045371,,,,client-1-3,Insert,5072936,200,24759
client,client_request,completed,1777553820068990,1,,,1777553820045500,1777553820068990,1777553820045500,1777553820068990,,,,client-1-3,Insert,7918488,200,23490
client,client_request,completed,1777553820092498,1,,,1777553820069127,1777553820092498,1777553820069127,1777553820092498,,,,client-1-3,Insert,11170701,200,23371
client,client_request,completed,1777553820116061,1,,,1777553820092880,1777553820116061,1777553820092880,1777553820116061,,,,client-1-3,Remove,9871529,200,23181
client,client_request,completed,1777553820139756,1,,,1777553820116164,1777553820139756,1777553820116164,1777553820139756,,,,client-1-3,Insert,12159324,200,23592
client,client_request,completed,1777553820162745,1,,,1777553820139976,1777553820162745,1777553820139976,1777553820162745,,,,client-1-3,Remove,5318439,200,22769
client,client_request,completed,1777553820185919,1,,,1777553820162886,1777553820185919,1777553820162886,1777553820185919,,,,client-1-3,Remove,-6683220,200,23033
client,client_request,completed,1777553820209224,1,,,1777553820186059,1777553820209224,1777553820186059,1777553820209224,,,,client-1-3,Insert,-14513638,200,23165
client,client_request,completed,1777553820233060,1,,,1777553820209388,1777553820233060,1777553820209388,1777553820233060,,,,client-1-3,Insert,-5618052,200,23672
client,client_request,completed,1777553820256454,1,,,1777553820233276,1777553820256454,1777553820233276,1777553820256454,,,,client-1-3,Insert,5652241,200,23178
client,client_request,completed,1777553820281665,1,,,1777553820256596,1777553820281665,1777553820256596,1777553820281665,,,,client-1-3,Remove,15093748,200,25069
client,client_request,completed,1777553820305514,1,,,1777553820281770,1777553820305514,1777553820281770,1777553820305514,,,,client-1-3,Remove,11142516,200,23744
client,client_request,completed,1777553820328989,1,,,1777553820305616,1777553820328989,1777553820305616,1777553820328989,,,,client-1-3,Remove,-12758459,200,23373
client,client_request,completed,1777553820352535,1,,,1777553820329127,1777553820352535,1777553820329127,1777553820352535,,,,client-1-3,Insert,11136296,200,23408
client,client_request,completed,1777553820377025,1,,,1777553820352638,1777553820377025,1777553820352638,1777553820377025,,,,client-1-3,Insert,-536146,200,24387
client,client_request,completed,1777553820400986,1,,,1777553820377128,1777553820400986,1777553820377128,1777553820400986,,,,client-1-3,Insert,-1781108,200,23858
client,client_request,completed,1777553820425380,1,,,1777553820401121,1777553820425380,1777553820401121,1777553820425380,,,,client-1-3,Insert,11562558,200,24259
client,client_request,completed,1777553820451330,1,,,1777553820425507,1777553820451330,1777553820425507,1777553820451330,,,,client-1-3,Remove,-16539676,200,25823
client,client_request,completed,1777553820476632,1,,,1777553820451439,1777553820476632,1777553820451439,1777553820476632,,,,client-1-3,Insert,-10551972,200,25193
client,client_request,completed,1777553820501577,1,,,1777553820476740,1777553820501577,1777553820476740,1777553820501577,,,,client-1-3,Remove,-2227146,200,24837
client,client_request,completed,1777553820525643,1,,,1777553820501712,1777553820525643,1777553820501712,1777553820525643,,,,client-1-3,Remove,14021532,200,23931
client,client_request,completed,1777553820612003,1,,,1777553820525778,1777553820612003,1777553820525778,1777553820612003,,,,client-1-3,Remove,16013840,200,86225
client,client_request,completed,1777553820638355,1,,,1777553820612110,1777553820638355,1777553820612110,1777553820638355,,,,client-1-3,Insert,-3834802,200,26245
client,client_request,completed,1777553820662338,1,,,1777553820638566,1777553820662338,1777553820638566,1777553820662338,,,,client-1-3,Insert,8069611,200,23772
client,client_request,completed,1777553820686968,1,,,1777553820662483,1777553820686968,1777553820662483,1777553820686968,,,,client-1-3,Remove,9611686,200,24485
client,client_request,completed,1777553820711391,1,,,1777553820687183,1777553820711391,1777553820687183,1777553820711391,,,,client-1-3,Remove,2162776,200,24208
client,client_request,completed,1777553820735407,1,,,1777553820711751,1777553820735407,1777553820711751,1777553820735407,,,,client-1-3,Insert,7449914,200,23656
client,client_request,completed,1777553820759635,1,,,1777553820735791,1777553820759635,1777553820735791,1777553820759635,,,,client-1-3,Insert,3278006,200,23844
client,client_request,completed,1777553820787254,1,,,1777553820760002,1777553820787254,1777553820760002,1777553820787254,,,,client-1-3,Remove,2884319,200,27252
client,client_request,completed,1777553820812045,1,,,1777553820787397,1777553820812045,1777553820787397,1777553820812045,,,,client-1-3,Remove,2583099,200,24648
client,client_request,completed,1777553820836346,1,,,1777553820812145,1777553820836346,1777553820812145,1777553820836346,,,,client-1-3,Remove,-12702748,200,24201
client,client_request,completed,1777553820860868,1,,,1777553820836487,1777553820860868,1777553820836487,1777553820860868,,,,client-1-3,Remove,-5705379,200,24381
client,client_request,completed,1777553820885670,1,,,1777553820861002,1777553820885670,1777553820861002,1777553820885670,,,,client-1-3,Remove,6158584,200,24668
client,client_request,completed,1777553820909940,1,,,1777553820885772,1777553820909940,1777553820885772,1777553820909940,,,,client-1-3,Insert,14936398,200,24168
client,client_request,completed,1777553820934685,1,,,1777553820910079,1777553820934685,1777553820910079,1777553820934685,,,,client-1-3,Remove,11810742,200,24606
client,client_request,completed,1777553820958886,1,,,1777553820935041,1777553820958886,1777553820935041,1777553820958886,,,,client-1-3,Insert,-13561396,200,23845
client,client_request,completed,1777553820983083,1,,,1777553820959051,1777553820983083,1777553820959051,1777553820983083,,,,client-1-3,Remove,-14972743,200,24032
client,client_request,completed,1777553821007547,1,,,1777553820983226,1777553821007547,1777553820983226,1777553821007547,,,,client-1-3,Insert,-15157746,200,24321
client,client_request,completed,1777553821032139,1,,,1777553821007687,1777553821032139,1777553821007687,1777553821032139,,,,client-1-3,Remove,-4689870,200,24452
client,client_request,completed,1777553821056461,1,,,1777553821032387,1777553821056461,1777553821032387,1777553821056461,,,,client-1-3,Insert,3807020,200,24074
client,client_request,completed,1777553821080627,1,,,1777553821056645,1777553821080627,1777553821056645,1777553821080627,,,,client-1-3,Insert,-898040,200,23982
client,client_request,completed,1777553821104901,1,,,1777553821080733,1777553821104901,1777553821080733,1777553821104901,,,,client-1-3,Remove,12389893,200,24168
client,client_request,completed,1777553821129456,1,,,1777553821105037,1777553821129456,1777553821105037,1777553821129456,,,,client-1-3,Insert,-9479590,200,24419
client,client_request,completed,1777553821154240,1,,,1777553821129607,1777553821154240,1777553821129607,1777553821154240,,,,client-1-3,Insert,-825238,200,24633
client,client_request,completed,1777553821177366,1,,,1777553821154458,1777553821177366,1777553821154458,1777553821177366,,,,client-1-3,Insert,-3961269,200,22908
client,client_request,completed,1777553821201893,1,,,1777553821177470,1777553821201893,1777553821177470,1777553821201893,,,,client-1-3,Insert,823946,200,24423
client,client_request,completed,1777553821226046,1,,,1777553821202259,1777553821226046,1777553821202259,1777553821226046,,,,client-1-3,Remove,-9204694,200,23787
client,client_request,completed,1777553821250501,1,,,1777553821226153,1777553821250501,1777553821226153,1777553821250501,,,,client-1-3,Insert,8083905,200,24348
client,client_request,completed,1777553821274868,1,,,1777553821250601,1777553821274868,1777553821250601,1777553821274868,,,,client-1-3,Remove,-8217680,200,24267
client,client_request,completed,1777553821299600,1,,,1777553821274969,1777553821299600,1777553821274969,1777553821299600,,,,client-1-3,Remove,3028740,200,24631
client,client_request,completed,1777553821323818,1,,,1777553821299955,1777553821323818,1777553821299955,1777553821323818,,,,client-1-3,Insert,-9453188,200,23863
client,client_request,completed,1777553821348191,1,,,1777553821323927,1777553821348191,1777553821323927,1777553821348191,,,,client-1-3,Remove,9649183,200,24264
client,client_request,completed,1777553821372635,1,,,1777553821348294,1777553821372635,1777553821348294,1777553821372635,,,,client-1-3,Insert,-11255509,200,24341
client,client_request,completed,1777553821397536,1,,,1777553821372745,1777553821397536,1777553821372745,1777553821397536,,,,client-1-3,Insert,1409947,200,24791
client,client_request,completed,1777553821422057,1,,,1777553821397662,1777553821422057,1777553821397662,1777553821422057,,,,client-1-3,Remove,4785659,200,24395
client,client_request,completed,1777553821446554,1,,,1777553821422161,1777553821446554,1777553821422161,1777553821446554,,,,client-1-3,Remove,-678926,200,24393
client,client_request,completed,1777553821471128,1,,,1777553821446657,1777553821471128,1777553821446657,1777553821471128,,,,client-1-3,Remove,5497454,200,24471
client,client_request,completed,1777553821496066,1,,,1777553821471234,1777553821496066,1777553821471234,1777553821496066,,,,client-1-3,Remove,5296533,200,24832
client,client_request,completed,1777553821520311,1,,,1777553821496203,1777553821520311,1777553821496203,1777553821520311,,,,client-1-3,Remove,1856386,200,24108
client,client_request,completed,1777553821605610,1,,,1777553821520414,1777553821605610,1777553821520414,1777553821605610,,,,client-1-3,Remove,16105210,200,85196
client,client_request,completed,1777553821632770,1,,,1777553821605823,1777553821632770,1777553821605823,1777553821632770,,,,client-1-3,Remove,8541787,200,26947
client,client_request,completed,1777553821657240,1,,,1777553821633128,1777553821657240,1777553821633128,1777553821657240,,,,client-1-3,Remove,10089866,200,24112
client,client_request,completed,1777553821681625,1,,,1777553821657342,1777553821681625,1777553821657342,1777553821681625,,,,client-1-3,Insert,1209996,200,24283
client,client_request,completed,1777553821706417,1,,,1777553821681728,1777553821706417,1777553821681728,1777553821706417,,,,client-1-3,Insert,7215773,200,24689
client,client_request,completed,1777553821731788,1,,,1777553821706520,1777553821731788,1777553821706520,1777553821731788,,,,client-1-3,Remove,-911980,200,25268
client,client_request,completed,1777553821756422,1,,,1777553821731994,1777553821756422,1777553821731994,1777553821756422,,,,client-1-3,Remove,9527268,200,24428
client,client_request,completed,1777553821781186,1,,,1777553821756778,1777553821781186,1777553821756778,1777553821781186,,,,client-1-3,Insert,15480827,200,24408
client,client_request,completed,1777553821806111,1,,,1777553821781285,1777553821806111,1777553821781285,1777553821806111,,,,client-1-3,Insert,-3251851,200,24826
client,client_request,completed,1777553821830916,1,,,1777553821806229,1777553821830916,1777553821806229,1777553821830916,,,,client-1-3,Remove,-11188423,200,24687
client,client_request,completed,1777553821856079,1,,,1777553821831015,1777553821856079,1777553821831015,1777553821856079,,,,client-1-3,Insert,-11920316,200,25064
client,client_request,completed,1777553821881093,1,,,1777553821856462,1777553821881093,1777553821856462,1777553821881093,,,,client-1-3,Remove,7657940,200,24631
client,client_request,completed,1777553821905963,1,,,1777553821881198,1777553821905963,1777553821881198,1777553821905963,,,,client-1-3,Remove,9557387,200,24765
client,client_request,completed,1777553821930605,1,,,1777553821906067,1777553821930605,1777553821906067,1777553821930605,,,,client-1-3,Insert,-15339635,200,24538
client,client_request,completed,1777553821955594,1,,,1777553821930708,1777553821955594,1777553821930708,1777553821955594,,,,client-1-3,Remove,9183079,200,24886
client,client_request,completed,1777553821980323,1,,,1777553821955948,1777553821980323,1777553821955948,1777553821980323,,,,client-1-3,Insert,-3077047,200,24375
client,client_request,completed,1777553822005490,1,,,1777553821980427,1777553822005490,1777553821980427,1777553822005490,,,,client-1-3,Insert,-15131125,200,25063
client,client_request,completed,1777553822030861,1,,,1777553822005592,1777553822030861,1777553822005592,1777553822030861,,,,client-1-3,Insert,-6170774,200,25269
client,client_request,completed,1777553822056856,1,,,1777553822031224,1777553822056856,1777553822031224,1777553822056856,,,,client-1-3,Remove,-16493145,200,25632
client,client_request,completed,1777553822081991,1,,,1777553822056997,1777553822081991,1777553822056997,1777553822081991,,,,client-1-3,Insert,2247333,200,24994
client,client_request,completed,1777553822106767,1,,,1777553822082202,1777553822106767,1777553822082202,1777553822106767,,,,client-1-3,Remove,5830114,200,24565
client,client_request,completed,1777553822131645,1,,,1777553822106870,1777553822131645,1777553822106870,1777553822131645,,,,client-1-3,Remove,-12085553,200,24775
client,client_request,completed,1777553822156671,1,,,1777553822131748,1777553822156671,1777553822131748,1777553822156671,,,,client-1-3,Insert,8892292,200,24923
client,client_request,completed,1777553822181378,1,,,1777553822156878,1777553822181378,1777553822156878,1777553822181378,,,,client-1-3,Remove,13488081,200,24500
client,client_request,completed,1777553822206160,1,,,1777553822181481,1777553822206160,1777553822181481,1777553822206160,,,,client-1-3,Insert,7192658,200,24679
client,client_request,completed,1777553822231693,1,,,1777553822206260,1777553822231693,1777553822206260,1777553822231693,,,,client-1-3,Insert,4255053,200,25433
client,client_request,completed,1777553822257087,1,,,1777553822231902,1777553822257087,1777553822231902,1777553822257087,,,,client-1-3,Remove,-8214495,200,25185
client,client_request,completed,1777553822281952,1,,,1777553822257189,1777553822281952,1777553822257189,1777553822281952,,,,client-1-3,Remove,-11329620,200,24763
client,client_request,completed,1777553822306941,1,,,1777553822282054,1777553822306941,1777553822282054,1777553822306941,,,,client-1-3,Remove,-10837763,200,24887
client,client_request,completed,1777553822331946,1,,,1777553822307049,1777553822331946,1777553822307049,1777553822331946,,,,client-1-3,Insert,-8771440,200,24897
client,client_request,completed,1777553822356668,1,,,1777553822332077,1777553822356668,1777553822332077,1777553822356668,,,,client-1-3,Insert,-2691499,200,24591
client,client_request,completed,1777553822381479,1,,,1777553822356771,1777553822381479,1777553822356771,1777553822381479,,,,client-1-3,Remove,6807097,200,24708
client,client_request,completed,1777553822406581,1,,,1777553822381581,1777553822406581,1777553822381581,1777553822406581,,,,client-1-3,Remove,-12691175,200,25000
client,client_request,completed,1777553822431479,1,,,1777553822406686,1777553822431479,1777553822406686,1777553822431479,,,,client-1-3,Insert,-16033936,200,24793
client,client_request,completed,1777553822456247,1,,,1777553822431599,1777553822456247,1777553822431599,1777553822456247,,,,client-1-3,Remove,-8824449,200,24648
client,client_request,completed,1777553822481354,1,,,1777553822456353,1777553822481354,1777553822456353,1777553822481354,,,,client-1-3,Remove,-5952989,200,25001
client,client_request,completed,1777553822506930,1,,,1777553822481476,1777553822506930,1777553822481476,1777553822506930,,,,client-1-3,Insert,-12248104,200,25454
client,client_request,completed,1777553822531894,1,,,1777553822507032,1777553822531894,1777553822507032,1777553822531894,,,,client-1-3,Insert,7576351,200,24862
client,client_request,completed,1777553822622541,1,,,1777553822532001,1777553822622541,1777553822532001,1777553822622541,,,,client-1-3,Insert,7650320,200,90540
client,client_request,completed,1777553822647398,1,,,1777553822622643,1777553822647398,1777553822622643,1777553822647398,,,,client-1-3,Remove,-11899099,200,24755
client,client_request,completed,1777553822672767,1,,,1777553822647501,1777553822672767,1777553822647501,1777553822672767,,,,client-1-3,Remove,15657341,200,25266
client,client_request,completed,1777553822697622,1,,,1777553822672888,1777553822697622,1777553822672888,1777553822697622,,,,client-1-3,Insert,-13415307,200,24734
client,client_request,completed,1777553822722695,1,,,1777553822697725,1777553822722695,1777553822697725,1777553822722695,,,,client-1-3,Insert,-4840346,200,24970
client,client_request,completed,1777553822747836,1,,,1777553822722796,1777553822747836,1777553822722796,1777553822747836,,,,client-1-3,Insert,6984132,200,25040
client,client_request,completed,1777553822772631,1,,,1777553822748209,1777553822772631,1777553822748209,1777553822772631,,,,client-1-3,Remove,6390251,200,24422
client,client_request,completed,1777553822798036,1,,,1777553822772729,1777553822798036,1777553822772729,1777553822798036,,,,client-1-3,Insert,-3259685,200,25307
client,client_request,completed,1777553822823085,1,,,1777553822798153,1777553822823085,1777553822798153,1777553822823085,,,,client-1-3,Remove,16485240,200,24932
client,client_request,completed,1777553822848730,1,,,1777553822823182,1777553822848730,1777553822823182,1777553822848730,,,,client-1-3,Insert,-14776273,200,25548
client,client_request,completed,1777553822874087,1,,,1777553822848862,1777553822874087,1777553822848862,1777553822874087,,,,client-1-3,Remove,3609807,200,25225
client,client_request,completed,1777553822899510,1,,,1777553822874190,1777553822899510,1777553822874190,1777553822899510,,,,client-1-3,Remove,-5975300,200,25320
client,client_request,completed,1777553822925147,1,,,1777553822899612,1777553822925147,1777553822899612,1777553822925147,,,,client-1-3,Insert,-2371493,200,25535
client,client_request,completed,1777553822954011,1,,,1777553822925276,1777553822954011,1777553822925276,1777553822954011,,,,client-1-3,Insert,12393359,200,28735
client,client_request,completed,1777553822980475,1,,,1777553822954076,1777553822980475,1777553822954076,1777553822980475,,,,client-1-3,Insert,-16595775,200,26399
client,client_request,completed,1777553823008774,1,,,1777553822980579,1777553823008774,1777553822980579,1777553823008774,,,,client-1-3,Remove,-1593956,200,28195
client,client_request,completed,1777553823039204,1,,,1777553823008881,1777553823039204,1777553823008881,1777553823039204,,,,client-1-3,Remove,21012,200,30323
client,client_request,completed,1777553823066139,1,,,1777553823039308,1777553823066139,1777553823039308,1777553823066139,,,,client-1-3,Insert,-4685446,200,26831
client,client_request,completed,1777553823091898,1,,,1777553823066245,1777553823091898,1777553823066245,1777553823091898,,,,client-1-3,Remove,3097575,200,25653
client,client_request,completed,1777553823117610,1,,,1777553823092002,1777553823117610,1777553823092002,1777553823117610,,,,client-1-3,Insert,-6732456,200,25608
client,client_request,completed,1777553823143468,1,,,1777553823117712,1777553823143468,1777553823117712,1777553823143468,,,,client-1-3,Remove,-5468725,200,25756
client,client_request,completed,1777553823168648,1,,,1777553823143812,1777553823168648,1777553823143812,1777553823168648,,,,client-1-3,Insert,8749898,200,24836
client,client_request,completed,1777553823194049,1,,,1777553823168774,1777553823194049,1777553823168774,1777553823194049,,,,client-1-3,Remove,13337825,200,25275
client,client_request,completed,1777553823219290,1,,,1777553823194152,1777553823219290,1777553823194152,1777553823219290,,,,client-1-3,Insert,-1220312,200,25138
client,client_request,completed,1777553823244622,1,,,1777553823219392,1777553823244622,1777553823219392,1777553823244622,,,,client-1-3,Insert,-5578599,200,25230
client,client_request,completed,1777553823270294,1,,,1777553823244726,1777553823270294,1777553823244726,1777553823270294,,,,client-1-3,Insert,-11881896,200,25568
client,client_request,completed,1777553823295432,1,,,1777553823270429,1777553823295432,1777553823270429,1777553823295432,,,,client-1-3,Remove,-7815422,200,25003
client,client_request,completed,1777553823320766,1,,,1777553823295536,1777553823320766,1777553823295536,1777553823320766,,,,client-1-3,Remove,-4730380,200,25230
client,client_request,completed,1777553823346485,1,,,1777553823320869,1777553823346485,1777553823320869,1777553823346485,,,,client-1-3,Remove,16298739,200,25616
client,client_request,completed,1777553823372145,1,,,1777553823346697,1777553823372145,1777553823346697,1777553823372145,,,,client-1-3,Remove,-3968435,200,25448
client,client_request,completed,1777553823397256,1,,,1777553823372294,1777553823397256,1777553823372294,1777553823397256,,,,client-1-3,Remove,-4998951,200,24962
client,client_request,completed,1777553823423735,1,,,1777553823397358,1777553823423735,1777553823397358,1777553823423735,,,,client-1-3,Remove,-2557150,200,26377
client,client_request,completed,1777553823449646,1,,,1777553823423843,1777553823449646,1777553823423843,1777553823449646,,,,client-1-3,Remove,-10142476,200,25803
client,client_request,completed,1777553823475163,1,,,1777553823449782,1777553823475163,1777553823449782,1777553823475163,,,,client-1-3,Insert,-9629350,200,25381
client,client_request,completed,1777553823500644,1,,,1777553823475267,1777553823500644,1777553823475267,1777553823500644,,,,client-1-3,Insert,-11714495,200,25377
client,client_request,completed,1777553823527040,1,,,1777553823500747,1777553823527040,1777553823500747,1777553823527040,,,,client-1-3,Insert,-11105666,200,26293
client,client_request,completed,1777553823618656,1,,,1777553823527167,1777553823618656,1777553823527167,1777553823618656,,,,client-1-3,Insert,8290925,200,91489
client,client_request,completed,1777553823644494,1,,,1777553823618765,1777553823644494,1777553823618765,1777553823644494,,,,client-1-3,Remove,-2285515,200,25729
client,client_request,completed,1777553823670150,1,,,1777553823644599,1777553823670150,1777553823644599,1777553823670150,,,,client-1-3,Insert,12755282,200,25551
client,client_request,completed,1777553823695988,1,,,1777553823670252,1777553823695988,1777553823670252,1777553823695988,,,,client-1-3,Remove,-15437943,200,25736
client,client_request,completed,1777553823721532,1,,,1777553823696372,1777553823721532,1777553823696372,1777553823721532,,,,client-1-3,Remove,-6025388,200,25160
client,client_request,completed,1777553823747308,1,,,1777553823721635,1777553823747308,1777553823721635,1777553823747308,,,,client-1-3,Insert,-7563944,200,25673
client,client_request,completed,1777553823772770,1,,,1777553823747410,1777553823772770,1777553823747410,1777553823772770,,,,client-1-3,Insert,15228338,200,25360
client,client_request,completed,1777553823798498,1,,,1777553823772868,1777553823798498,1777553823772868,1777553823798498,,,,client-1-3,Insert,-14136103,200,25630
client,client_request,completed,1777553823824612,1,,,1777553823798598,1777553823824612,1777553823798598,1777553823824612,,,,client-1-3,Remove,-7132698,200,26014
client,client_request,completed,1777553823851802,1,,,1777553823824710,1777553823851802,1777553823824710,1777553823851802,,,,client-1-3,Remove,-425710,200,27092
client,client_request,completed,1777553823877970,1,,,1777553823851902,1777553823877970,1777553823851902,1777553823877970,,,,client-1-3,Remove,11591863,200,26068
client,client_request,completed,1777553823904112,1,,,1777553823878087,1777553823904112,1777553823878087,1777553823904112,,,,client-1-3,Insert,-9362737,200,26025
client,client_request,completed,1777553823929673,1,,,1777553823904248,1777553823929673,1777553823904248,1777553823929673,,,,client-1-3,Insert,-8641510,200,25425
client,client_request,completed,1777553823955520,1,,,1777553823929804,1777553823955520,1777553823929804,1777553823955520,,,,client-1-3,Insert,-5090341,200,25716
client,client_request,completed,1777553823981474,1,,,1777553823955622,1777553823981474,1777553823955622,1777553823981474,,,,client-1-3,Insert,11815112,200,25852
client,client_request,completed,1777553824007349,1,,,1777553823981606,1777553824007349,1777553823981606,1777553824007349,,,,client-1-3,Insert,-10830849,200,25743
client,client_request,completed,1777553824033503,1,,,1777553824007485,1777553824033503,1777553824007485,1777553824033503,,,,client-1-3,Remove,-12176000,200,26018
client,client_request,completed,1777553824059875,1,,,1777553824033840,1777553824059875,1777553824033840,1777553824059875,,,,client-1-3,Remove,-7595455,200,26035
client,client_request,completed,1777553824086869,1,,,1777553824059980,1777553824086869,1777553824059980,1777553824086869,,,,client-1-3,Insert,48661,200,26889
client,client_request,completed,1777553824113145,1,,,1777553824086971,1777553824113145,1777553824086971,1777553824113145,,,,client-1-3,Insert,13030449,200,26174
client,client_request,completed,1777553824139101,1,,,1777553824113494,1777553824139101,1777553824113494,1777553824139101,,,,client-1-3,Insert,4964642,200,25607
client,client_request,completed,1777553824164670,1,,,1777553824139261,1777553824164670,1777553824139261,1777553824164670,,,,client-1-3,Insert,-11794434,200,25409
client,client_request,completed,1777553824190793,1,,,1777553824164776,1777553824190793,1777553824164776,1777553824190793,,,,client-1-3,Remove,1209395,200,26017
client,client_request,completed,1777553824217346,1,,,1777553824190894,1777553824217346,1777553824190894,1777553824217346,,,,client-1-3,Remove,4546756,200,26452
client,client_request,completed,1777553824245729,1,,,1777553824217454,1777553824245729,1777553824217454,1777553824245729,,,,client-1-3,Remove,6156418,200,28275
client,client_request,completed,1777553824271735,1,,,1777553824245834,1777553824271735,1777553824245834,1777553824271735,,,,client-1-3,Remove,-5927391,200,25901
client,client_request,completed,1777553824298344,1,,,1777553824271839,1777553824298344,1777553824271839,1777553824298344,,,,client-1-3,Remove,13629087,200,26505
client,client_request,completed,1777553824324565,1,,,1777553824298552,1777553824324565,1777553824298552,1777553824324565,,,,client-1-3,Insert,4444696,200,26013
client,client_request,completed,1777553824353775,1,,,1777553824324670,1777553824353775,1777553824324670,1777553824353775,,,,client-1-3,Remove,8211088,200,29105
client,client_request,completed,1777553824379756,1,,,1777553824353912,1777553824379756,1777553824353912,1777553824379756,,,,client-1-3,Remove,-3513264,200,25844
client,client_request,completed,1777553824405673,1,,,1777553824379862,1777553824405673,1777553824379862,1777553824405673,,,,client-1-3,Insert,1004175,200,25811
client,client_request,completed,1777553824432529,1,,,1777553824405773,1777553824432529,1777553824405773,1777553824432529,,,,client-1-3,Insert,-4848826,200,26756
client,client_request,completed,1777553824457795,1,,,1777553824432638,1777553824457795,1777553824432638,1777553824457795,,,,client-1-3,Insert,-4034060,200,25157
client,client_request,completed,1777553824483727,1,,,1777553824457930,1777553824483727,1777553824457930,1777553824483727,,,,client-1-3,Insert,8034685,200,25797
client,client_request,completed,1777553824776067,1,,,1777553824483831,1777553824776067,1777553824483831,1777553824776067,,,,client-1-3,Insert,-15223157,200,292236
client,client_request,completed,1777553824861601,1,,,1777553824776215,1777553824861601,1777553824776215,1777553824861601,,,,client-1-3,Remove,4858928,200,85386
client,client_request,completed,1777553824882147,1,,,1777553824861727,1777553824882147,1777553824861727,1777553824882147,,,,client-1-3,Remove,-3870208,200,20420
client,client_request,completed,1777553824902155,1,,,1777553824882517,1777553824902155,1777553824882517,1777553824902155,,,,client-1-3,Remove,13288240,200,19638
client,client_request,completed,1777553824921825,1,,,1777553824902258,1777553824921825,1777553824902258,1777553824921825,,,,client-1-3,Insert,-4699390,200,19567
client,client_request,completed,1777553824941858,1,,,1777553824921923,1777553824941858,1777553824921923,1777553824941858,,,,client-1-3,Remove,16122279,200,19935
client,client_request,completed,1777553824961554,1,,,1777553824941983,1777553824961554,1777553824941983,1777553824961554,,,,client-1-3,Remove,4402750,200,19571
client,client_request,completed,1777553824981930,1,,,1777553824961655,1777553824981930,1777553824961655,1777553824981930,,,,client-1-3,Insert,5768080,200,20275
client,client_request,completed,1777553825002751,1,,,1777553824982028,1777553825002751,1777553824982028,1777553825002751,,,,client-1-3,Remove,7692927,200,20723
client,client_request,completed,1777553825024013,1,,,1777553825002848,1777553825024013,1777553825002848,1777553825024013,,,,client-1-3,Insert,12089841,200,21165
client,client_request,completed,1777553825045866,1,,,1777553825024116,1777553825045866,1777553825024116,1777553825045866,,,,client-1-3,Insert,11143257,200,21750
client,client_request,completed,1777553825067383,1,,,1777553825045959,1777553825067383,1777553825045959,1777553825067383,,,,client-1-3,Insert,-9863616,200,21424
client,client_request,completed,1777553825088002,1,,,1777553825067590,1777553825088002,1777553825067590,1777553825088002,,,,client-1-3,Insert,-4917842,200,20412
client,client_request,completed,1777553825108212,1,,,1777553825088106,1777553825108212,1777553825088106,1777553825108212,,,,client-1-3,Insert,-7606960,200,20106
client,client_request,completed,1777553825128624,1,,,1777553825108315,1777553825128624,1777553825108315,1777553825128624,,,,client-1-3,Remove,-11090168,200,20309
client,client_request,completed,1777553825148917,1,,,1777553825128725,1777553825148917,1777553825128725,1777553825148917,,,,client-1-3,Remove,-13786837,200,20192
client,client_request,completed,1777553825169070,1,,,1777553825149019,1777553825169070,1777553825149019,1777553825169070,,,,client-1-3,Insert,10816673,200,20051
client,client_request,completed,1777553825189116,1,,,1777553825169172,1777553825189116,1777553825169172,1777553825189116,,,,client-1-3,Insert,257568,200,19944
client,client_request,completed,1777553825209137,1,,,1777553825189218,1777553825209137,1777553825189218,1777553825209137,,,,client-1-3,Remove,9497855,200,19919
client,client_request,completed,1777553825229059,1,,,1777553825209238,1777553825229059,1777553825209238,1777553825229059,,,,client-1-3,Insert,2434890,200,19821
client,client_request,completed,1777553825249613,1,,,1777553825229160,1777553825249613,1777553825229160,1777553825249613,,,,client-1-3,Insert,10612038,200,20453
client,client_request,completed,1777553825269646,1,,,1777553825249715,1777553825269646,1777553825249715,1777553825269646,,,,client-1-3,Remove,5332943,200,19931
client,client_request,completed,1777553825289554,1,,,1777553825269748,1777553825289554,1777553825269748,1777553825289554,,,,client-1-3,Insert,9024521,200,19806
client,client_request,completed,1777553825310898,1,,,1777553825289654,1777553825310898,1777553825289654,1777553825310898,,,,client-1-3,Insert,-2831678,200,21244
client,client_request,completed,1777553825328458,1,,,1777553825311048,1777553825328458,1777553825311048,1777553825328458,,,,client-1-3,Insert,-16336495,200,17410
client,client_request,completed,1777553825348877,1,,,1777553825328566,1777553825348877,1777553825328566,1777553825348877,,,,client-1-3,Remove,-13540232,200,20311
client,client_request,completed,1777553825369655,1,,,1777553825348984,1777553825369655,1777553825348984,1777553825369655,,,,client-1-3,Insert,-4047885,200,20671
client,client_request,completed,1777553825390391,1,,,1777553825369760,1777553825390391,1777553825369760,1777553825390391,,,,client-1-3,Remove,-160474,200,20631
client,client_request,completed,1777553825410542,1,,,1777553825390518,1777553825410542,1777553825390518,1777553825410542,,,,client-1-3,Insert,-16256314,200,20024
client,client_request,completed,1777553825430438,1,,,1777553825410750,1777553825430438,1777553825410750,1777553825430438,,,,client-1-3,Remove,10779243,200,19688
client,client_request,completed,1777553825449910,1,,,1777553825430544,1777553825449910,1777553825430544,1777553825449910,,,,client-1-3,Insert,-6907396,200,19366
client,client_request,completed,1777553825469690,1,,,1777553825450270,1777553825469690,1777553825450270,1777553825469690,,,,client-1-3,Insert,-5606696,200,19420
client,client_request,completed,1777553825488940,1,,,1777553825469903,1777553825488940,1777553825469903,1777553825488940,,,,client-1-3,Remove,4114183,200,19037
client,client_request,completed,1777553825509920,1,,,1777553825489045,1777553825509920,1777553825489045,1777553825509920,,,,client-1-3,Insert,-14543620,200,20875
client,client_request,completed,1777553825530412,1,,,1777553825510054,1777553825530412,1777553825510054,1777553825530412,,,,client-1-3,Remove,-16219955,200,20358
client,client_request,completed,1777553825552089,1,,,1777553825530767,1777553825552089,1777553825530767,1777553825552089,,,,client-1-3,Insert,-8993323,200,21322
client,client_request,completed,1777553825638070,1,,,1777553825552250,1777553825638070,1777553825552250,1777553825638070,,,,client-1-3,Insert,-228413,200,85820
client,client_request,completed,1777553825658330,1,,,1777553825638283,1777553825658330,1777553825638283,1777553825658330,,,,client-1-3,Insert,11904187,200,20047
client,client_request,completed,1777553825678872,1,,,1777553825658435,1777553825678872,1777553825658435,1777553825678872,,,,client-1-3,Insert,-15582857,200,20437
client,client_request,completed,1777553825699624,1,,,1777553825678976,1777553825699624,1777553825678976,1777553825699624,,,,client-1-3,Remove,13988110,200,20648
client,client_request,completed,1777553825722868,1,,,1777553825699730,1777553825722868,1777553825699730,1777553825722868,,,,client-1-3,Remove,-3327574,200,23138
client,client_request,completed,1777553825743780,1,,,1777553825722974,1777553825743780,1777553825722974,1777553825743780,,,,client-1-3,Insert,-6807093,200,20806
client,client_request,completed,1777553825764316,1,,,1777553825743897,1777553825764316,1777553825743897,1777553825764316,,,,client-1-3,Insert,2371547,200,20419
client,client_request,completed,1777553825784900,1,,,1777553825764445,1777553825784900,1777553825764445,1777553825784900,,,,client-1-3,Insert,16078806,200,20455
client,client_request,completed,1777553825806124,1,,,1777553825784998,1777553825806124,1777553825784998,1777553825806124,,,,client-1-3,Remove,-114744,200,21126
client,client_request,completed,1777553825826797,1,,,1777553825806222,1777553825826797,1777553825806222,1777553825826797,,,,client-1-3,Insert,-2510974,200,20575
client,client_request,completed,1777553825847809,1,,,1777553825826895,1777553825847809,1777553825826895,1777553825847809,,,,client-1-3,Insert,15313352,200,20914
client,client_request,completed,1777553825868437,1,,,1777553825848160,1777553825868437,1777553825848160,1777553825868437,,,,client-1-3,Insert,-5841805,200,20277
client,client_request,completed,1777553825889173,1,,,1777553825868795,1777553825889173,1777553825868795,1777553825889173,,,,client-1-3,Remove,-11547477,200,20378
client,client_request,completed,1777553825910220,1,,,1777553825889538,1777553825910220,1777553825889538,1777553825910220,,,,client-1-3,Remove,-10639694,200,20682
client,client_request,completed,1777553825931150,1,,,1777553825910331,1777553825931150,1777553825910331,1777553825931150,,,,client-1-3,Remove,15779523,200,20819
client,client_request,completed,1777553825952080,1,,,1777553825931266,1777553825952080,1777553825931266,1777553825952080,,,,client-1-3,Remove,-15260924,200,20814
client,client_request,completed,1777553825972894,1,,,1777553825952246,1777553825972894,1777553825952246,1777553825972894,,,,client-1-3,Insert,-12296929,200,20648
client,client_request,completed,1777553825993975,1,,,1777553825973025,1777553825993975,1777553825973025,1777553825993975,,,,client-1-3,Insert,-15354463,200,20950
client,client_request,completed,1777553826015198,1,,,1777553825994111,1777553826015198,1777553825994111,1777553826015198,,,,client-1-3,Insert,-1124427,200,21087
client,client_request,completed,1777553826036109,1,,,1777553826015335,1777553826036109,1777553826015335,1777553826036109,,,,client-1-3,Remove,5896680,200,20774
client,client_request,completed,1777553826056942,1,,,1777553826036232,1777553826056942,1777553826036232,1777553826056942,,,,client-1-3,Insert,1507860,200,20710
client,client_request,completed,1777553826077533,1,,,1777553826057301,1777553826077533,1777553826057301,1777553826077533,,,,client-1-3,Insert,13625423,200,20232
client,client_request,completed,1777553826099268,1,,,1777553826077637,1777553826099268,1777553826077637,1777553826099268,,,,client-1-3,Insert,6401874,200,21631
client,client_request,completed,1777553826120363,1,,,1777553826099480,1777553826120363,1777553826099480,1777553826120363,,,,client-1-3,Remove,-4736907,200,20883
client,client_request,completed,1777553826141307,1,,,1777553826120721,1777553826141307,1777553826120721,1777553826141307,,,,client-1-3,Insert,-696879,200,20586
client,client_request,completed,1777553826162233,1,,,1777553826141416,1777553826162233,1777553826141416,1777553826162233,,,,client-1-3,Insert,-13659068,200,20817
client,client_request,completed,1777553826183573,1,,,1777553826162352,1777553826183573,1777553826162352,1777553826183573,,,,client-1-3,Remove,2011430,200,21221
client,client_request,completed,1777553826204501,1,,,1777553826183679,1777553826204501,1777553826183679,1777553826204501,,,,client-1-3,Insert,9958340,200,20822
client,client_request,completed,1777553826225544,1,,,1777553826204607,1777553826225544,1777553826204607,1777553826225544,,,,client-1-3,Remove,12839408,200,20937
client,client_request,completed,1777553826246655,1,,,1777553826225650,1777553826246655,1777553826225650,1777553826246655,,,,client-1-3,Insert,-5555659,200,21005
client,client_request,completed,1777553826267621,1,,,1777553826246760,1777553826267621,1777553826246760,1777553826267621,,,,client-1-3,Insert,382122,200,20861
client,client_request,completed,1777553826288578,1,,,1777553826267738,1777553826288578,1777553826267738,1777553826288578,,,,client-1-3,Remove,2611083,200,20840
client,client_request,completed,1777553826310002,1,,,1777553826288714,1777553826310002,1777553826288714,1777553826310002,,,,client-1-3,Insert,-13586255,200,21288
client,client_request,completed,1777553826331050,1,,,1777553826310107,1777553826331050,1777553826310107,1777553826331050,,,,client-1-3,Remove,1447053,200,20943
client,client_request,completed,1777553826352770,1,,,1777553826331159,1777553826352770,1777553826331159,1777553826352770,,,,client-1-3,Remove,11011262,200,21611
client,client_request,completed,1777553826375463,1,,,1777553826352876,1777553826375463,1777553826352876,1777553826375463,,,,client-1-3,Insert,-15112631,200,22587
client,client_request,completed,1777553826398168,1,,,1777553826375673,1777553826398168,1777553826375673,1777553826398168,,,,client-1-3,Remove,14918941,200,22495
client,client_request,completed,1777553826420956,1,,,1777553826398276,1777553826420956,1777553826398276,1777553826420956,,,,client-1-3,Remove,-5916291,200,22680
client,client_request,completed,1777553826442887,1,,,1777553826421064,1777553826442887,1777553826421064,1777553826442887,,,,client-1-3,Insert,2235087,200,21823
client,client_request,completed,1777553826463769,1,,,1777553826442992,1777553826463769,1777553826442992,1777553826463769,,,,client-1-3,Insert,-10682109,200,20777
client,client_request,completed,1777553826484667,1,,,1777553826463878,1777553826484667,1777553826463878,1777553826484667,,,,client-1-3,Insert,6590478,200,20789
client,client_request,completed,1777553826505678,1,,,1777553826484773,1777553826505678,1777553826484773,1777553826505678,,,,client-1-3,Insert,9989737,200,20905
client,client_request,completed,1777553826527637,1,,,1777553826505805,1777553826527637,1777553826505805,1777553826527637,,,,client-1-3,Remove,-93448,200,21832
client,client_request,completed,1777553826609732,1,,,1777553826527743,1777553826609732,1777553826527743,1777553826609732,,,,client-1-3,Remove,15286006,200,81989
client,client_request,completed,1777553826633638,1,,,1777553826609875,1777553826633638,1777553826609875,1777553826633638,,,,client-1-3,Remove,6792475,200,23763
client,client_request,completed,1777553826655213,1,,,1777553826633768,1777553826655213,1777553826633768,1777553826655213,,,,client-1-3,Remove,-1530450,200,21445
client,client_request,completed,1777553826676653,1,,,1777553826655323,1777553826676653,1777553826655323,1777553826676653,,,,client-1-3,Remove,6489796,200,21330
client,client_request,completed,1777553826698455,1,,,1777553826676784,1777553826698455,1777553826676784,1777553826698455,,,,client-1-3,Remove,9433741,200,21671
client,client_request,completed,1777553826720047,1,,,1777553826698562,1777553826720047,1777553826698562,1777553826720047,,,,client-1-3,Insert,-13301535,200,21485
client,client_request,completed,1777553826741443,1,,,1777553826720153,1777553826741443,1777553826720153,1777553826741443,,,,client-1-3,Insert,11190894,200,21290
client,client_request,completed,1777553826763020,1,,,1777553826741547,1777553826763020,1777553826741547,1777553826763020,,,,client-1-3,Insert,10735552,200,21473
client,client_request,completed,1777553826784419,1,,,1777553826763124,1777553826784419,1777553826763124,1777553826784419,,,,client-1-3,Remove,-12656418,200,21295
client,client_request,completed,1777553826806711,1,,,1777553826784517,1777553826806711,1777553826784517,1777553826806711,,,,client-1-3,Insert,6335742,200,22194
client,client_request,completed,1777553826828489,1,,,1777553826806809,1777553826828489,1777553826806809,1777553826828489,,,,client-1-3,Insert,-11886009,200,21680
client,client_request,completed,1777553826850353,1,,,1777553826828896,1777553826850353,1777553826828896,1777553826850353,,,,client-1-3,Insert,9620116,200,21457
client,client_request,completed,1777553826872466,1,,,1777553826850474,1777553826872466,1777553826850474,1777553826872466,,,,client-1-3,Insert,4747167,200,21992
client,client_request,completed,1777553826894053,1,,,1777553826872590,1777553826894053,1777553826872590,1777553826894053,,,,client-1-3,Insert,-14070120,200,21463
client,client_request,completed,1777553826915410,1,,,1777553826894157,1777553826915410,1777553826894157,1777553826915410,,,,client-1-3,Insert,7152086,200,21253
client,client_request,completed,1777553826937126,1,,,1777553826915515,1777553826937126,1777553826915515,1777553826937126,,,,client-1-3,Insert,-15279798,200,21611
client,client_request,completed,1777553826959482,1,,,1777553826937232,1777553826959482,1777553826937232,1777553826959482,,,,client-1-3,Insert,-130012,200,22250
client,client_request,completed,1777553826981160,1,,,1777553826959827,1777553826981160,1777553826959827,1777553826981160,,,,client-1-3,Insert,-2296680,200,21333
client,client_request,completed,1777553827003194,1,,,1777553826981265,1777553827003194,1777553826981265,1777553827003194,,,,client-1-3,Remove,3517212,200,21929
client,client_request,completed,1777553827025090,1,,,1777553827003299,1777553827025090,1777553827003299,1777553827025090,,,,client-1-3,Remove,-2538616,200,21791
client,client_request,completed,1777553827047400,1,,,1777553827025313,1777553827047400,1777553827025313,1777553827047400,,,,client-1-3,Insert,14072747,200,22087
client,client_request,completed,1777553827069097,1,,,1777553827047535,1777553827069097,1777553827047535,1777553827069097,,,,client-1-3,Remove,7868421,200,21562
client,client_request,completed,1777553827090819,1,,,1777553827069199,1777553827090819,1777553827069199,1777553827090819,,,,client-1-3,Insert,-13025560,200,21620
client,client_request,completed,1777553827112667,1,,,1777553827090924,1777553827112667,1777553827090924,1777553827112667,,,,client-1-3,Insert,2780810,200,21743
client,client_request,completed,1777553827134564,1,,,1777553827112789,1777553827134564,1777553827112789,1777553827134564,,,,client-1-3,Insert,-12434446,200,21775
client,client_request,completed,1777553827155906,1,,,1777553827134668,1777553827155906,1777553827134668,1777553827155906,,,,client-1-3,Remove,-4156580,200,21238
client,client_request,completed,1777553827178042,1,,,1777553827156016,1777553827178042,1777553827156016,1777553827178042,,,,client-1-3,Remove,-453274,200,22026
client,client_request,completed,1777553827200105,1,,,1777553827178423,1777553827200105,1777553827178423,1777553827200105,,,,client-1-3,Insert,-3186363,200,21682
client,client_request,completed,1777553827222163,1,,,1777553827200225,1777553827222163,1777553827200225,1777553827222163,,,,client-1-3,Remove,5871556,200,21938
client,client_request,completed,1777553827244304,1,,,1777553827222268,1777553827244304,1777553827222268,1777553827244304,,,,client-1-3,Remove,3398178,200,22036
client,client_request,completed,1777553827266316,1,,,1777553827244515,1777553827266316,1777553827244515,1777553827266316,,,,client-1-3,Remove,8597714,200,21801
client,client_request,completed,1777553827288166,1,,,1777553827266432,1777553827288166,1777553827266432,1777553827288166,,,,client-1-3,Insert,6931912,200,21734
client,client_request,completed,1777553827310456,1,,,1777553827288289,1777553827310456,1777553827288289,1777553827310456,,,,client-1-3,Insert,6599604,200,22167
client,client_request,completed,1777553827332604,1,,,1777553827310561,1777553827332604,1777553827310561,1777553827332604,,,,client-1-3,Remove,6986346,200,22043
client,client_request,completed,1777553827354646,1,,,1777553827332814,1777553827354646,1777553827332814,1777553827354646,,,,client-1-3,Remove,3098070,200,21832
client,client_request,completed,1777553827376293,1,,,1777553827354778,1777553827376293,1777553827354778,1777553827376293,,,,client-1-3,Insert,-2729985,200,21515
client,client_request,completed,1777553827398345,1,,,1777553827376397,1777553827398345,1777553827376397,1777553827398345,,,,client-1-3,Remove,-14145122,200,21948
client,client_request,completed,1777553827420592,1,,,1777553827398449,1777553827420592,1777553827398449,1777553827420592,,,,client-1-3,Insert,11752613,200,22143
client,client_request,completed,1777553827442298,1,,,1777553827420803,1777553827442298,1777553827420803,1777553827442298,,,,client-1-3,Remove,1105006,200,21495
client,client_request,completed,1777553827464133,1,,,1777553827442503,1777553827464133,1777553827442503,1777553827464133,,,,client-1-3,Insert,-8308849,200,21630
client,client_request,completed,1777553827486334,1,,,1777553827464308,1777553827486334,1777553827464308,1777553827486334,,,,client-1-3,Insert,2992829,200,22026
client,client_request,completed,1777553827508283,1,,,1777553827486440,1777553827508283,1777553827486440,1777553827508283,,,,client-1-3,Remove,7243833,200,21843
client,client_request,completed,1777553827530695,1,,,1777553827508387,1777553827530695,1777553827508387,1777553827530695,,,,client-1-3,Remove,-10166546,200,22308
client,client_request,completed,1777553827617466,1,,,1777553827531059,1777553827617466,1777553827531059,1777553827617466,,,,client-1-3,Remove,8003405,200,86407
client,client_request,completed,1777553827638402,1,,,1777553827617680,1777553827638402,1777553827617680,1777553827638402,,,,client-1-3,Remove,-4744890,200,20722
client,client_request,completed,1777553827659449,1,,,1777553827638509,1777553827659449,1777553827638509,1777553827659449,,,,client-1-3,Insert,16517862,200,20940
client,client_request,completed,1777553827680559,1,,,1777553827659545,1777553827680559,1777553827659545,1777553827680559,,,,client-1-3,Remove,-10855722,200,21014
client,client_request,completed,1777553827703395,1,,,1777553827680664,1777553827703395,1777553827680664,1777553827703395,,,,client-1-3,Insert,-427217,200,22731
client,client_request,completed,1777553827726664,1,,,1777553827703511,1777553827726664,1777553827703511,1777553827726664,,,,client-1-3,Insert,-4487558,200,23153
client,client_request,completed,1777553827748339,1,,,1777553827726769,1777553827748339,1777553827726769,1777553827748339,,,,client-1-3,Remove,78913,200,21570
client,client_request,completed,1777553827769689,1,,,1777553827748506,1777553827769689,1777553827748506,1777553827769689,,,,client-1-3,Insert,-56452,200,21183
client,client_request,completed,1777553827790516,1,,,1777553827770047,1777553827790516,1777553827770047,1777553827790516,,,,client-1-3,Insert,11819252,200,20469
client,client_request,completed,1777553827811952,1,,,1777553827790613,1777553827811952,1777553827790613,1777553827811952,,,,client-1-3,Insert,-11086875,200,21339
client,client_request,completed,1777553827833020,1,,,1777553827812051,1777553827833020,1777553827812051,1777553827833020,,,,client-1-3,Remove,1326101,200,20969
client,client_request,completed,1777553827853961,1,,,1777553827833123,1777553827853961,1777553827833123,1777553827853961,,,,client-1-3,Insert,-4224642,200,20838
client,client_request,completed,1777553827874490,1,,,1777553827854068,1777553827874490,1777553827854068,1777553827874490,,,,client-1-3,Remove,-12184094,200,20422
client,client_request,completed,1777553827894973,1,,,1777553827874626,1777553827894973,1777553827874626,1777553827894973,,,,client-1-3,Insert,-6600112,200,20347
client,client_request,completed,1777553827916051,1,,,1777553827895078,1777553827916051,1777553827895078,1777553827916051,,,,client-1-3,Remove,-8561434,200,20973
client,client_request,completed,1777553827937015,1,,,1777553827916157,1777553827937015,1777553827916157,1777553827937015,,,,client-1-3,Insert,-4419056,200,20858
client,client_request,completed,1777553827957374,1,,,1777553827937223,1777553827957374,1777553827937223,1777553827957374,,,,client-1-3,Remove,10526375,200,20151
client,client_request,completed,1777553827978200,1,,,1777553827957478,1777553827978200,1777553827957478,1777553827978200,,,,client-1-3,Insert,-13853410,200,20722
client,client_request,completed,1777553827998726,1,,,1777553827978329,1777553827998726,1777553827978329,1777553827998726,,,,client-1-3,Remove,-9226108,200,20397
client,client_request,completed,1777553828019961,1,,,1777553827998829,1777553828019961,1777553827998829,1777553828019961,,,,client-1-3,Insert,637305,200,21132
client,client_request,completed,1777553828041530,1,,,1777553828020065,1777553828041530,1777553828020065,1777553828041530,,,,client-1-3,Insert,10048970,200,21465
client,client_request,completed,1777553828063199,1,,,1777553828041633,1777553828063199,1777553828041633,1777553828063199,,,,client-1-3,Insert,-6302531,200,21566
client,client_request,completed,1777553828084420,1,,,1777553828063308,1777553828084420,1777553828063308,1777553828084420,,,,client-1-3,Remove,16238933,200,21112
client,client_request,completed,1777553828107057,1,,,1777553828084600,1777553828107057,1777553828084600,1777553828107057,,,,client-1-3,Remove,9051646,200,22457
client,client_request,completed,1777553828128580,1,,,1777553828107173,1777553828128580,1777553828107173,1777553828128580,,,,client-1-3,Insert,5295979,200,21407
client,client_request,completed,1777553828149751,1,,,1777553828128756,1777553828149751,1777553828128756,1777553828149751,,,,client-1-3,Insert,-12176017,200,20995
client,client_request,completed,1777553828171160,1,,,1777553828149856,1777553828171160,1777553828149856,1777553828171160,,,,client-1-3,Insert,-10848350,200,21304
client,client_request,completed,1777553828192898,1,,,1777553828171269,1777553828192898,1777553828171269,1777553828192898,,,,client-1-3,Remove,-5996672,200,21629
client,client_request,completed,1777553828214095,1,,,1777553828193032,1777553828214095,1777553828193032,1777553828214095,,,,client-1-3,Remove,-16566571,200,21063
client,client_request,completed,1777553828235540,1,,,1777553828214199,1777553828235540,1777553828214199,1777553828235540,,,,client-1-3,Remove,-16063707,200,21341
client,client_request,completed,1777553828257060,1,,,1777553828235646,1777553828257060,1777553828235646,1777553828257060,,,,client-1-3,Remove,8300924,200,21414
client,client_request,completed,1777553828278473,1,,,1777553828257197,1777553828278473,1777553828257197,1777553828278473,,,,client-1-3,Insert,6462475,200,21276
client,client_request,completed,1777553828299650,1,,,1777553828278683,1777553828299650,1777553828278683,1777553828299650,,,,client-1-3,Remove,-5079611,200,20967
client,client_request,completed,1777553828320970,1,,,1777553828299754,1777553828320970,1777553828299754,1777553828320970,,,,client-1-3,Remove,2105333,200,21216
client,client_request,completed,1777553828342519,1,,,1777553828321075,1777553828342519,1777553828321075,1777553828342519,,,,client-1-3,Remove,14799227,200,21444
client,client_request,completed,1777553828364047,1,,,1777553828342627,1777553828364047,1777553828342627,1777553828364047,,,,client-1-3,Insert,15829820,200,21420
client,client_request,completed,1777553828385280,1,,,1777553828364418,1777553828385280,1777553828364418,1777553828385280,,,,client-1-3,Insert,12157618,200,20862
client,client_request,completed,1777553828406870,1,,,1777553828385678,1777553828406870,1777553828385678,1777553828406870,,,,client-1-3,Remove,14542170,200,21192
client,client_request,completed,1777553828428468,1,,,1777553828406975,1777553828428468,1777553828406975,1777553828428468,,,,client-1-3,Remove,-3958379,200,21493
client,client_request,completed,1777553828450032,1,,,1777553828428573,1777553828450032,1777553828428573,1777553828450032,,,,client-1-3,Remove,7576286,200,21459
client,client_request,completed,1777553828471797,1,,,1777553828450139,1777553828471797,1777553828450139,1777553828471797,,,,client-1-3,Remove,16367647,200,21658
client,client_request,completed,1777553828493011,1,,,1777553828471906,1777553828493011,1777553828471906,1777553828493011,,,,client-1-3,Remove,-15309729,200,21105
client,client_request,completed,1777553828514626,1,,,1777553828493122,1777553828514626,1777553828493122,1777553828514626,,,,client-1-3,Insert,6049625,200,21504
client,client_request,completed,1777553828536272,1,,,1777553828514730,1777553828536272,1777553828514730,1777553828536272,,,,client-1-3,Remove,-14354801,200,21542
client,client_request,completed,1777553828620934,1,,,1777553828536379,1777553828620934,1777553828536379,1777553828620934,,,,client-1-3,Remove,-16223579,200,84555
client,client_request,completed,1777553828642510,1,,,1777553828621075,1777553828642510,1777553828621075,1777553828642510,,,,client-1-3,Insert,-12258583,200,21435
client,client_request,completed,1777553828663431,1,,,1777553828642715,1777553828663431,1777553828642715,1777553828663431,,,,client-1-3,Remove,2190551,200,20716
client,client_request,completed,1777553828684734,1,,,1777553828663534,1777553828684734,1777553828663534,1777553828684734,,,,client-1-3,Remove,874674,200,21200
client,client_request,completed,1777553828706023,1,,,1777553828684838,1777553828706023,1777553828684838,1777553828706023,,,,client-1-3,Remove,-7675875,200,21185
client,client_request,completed,1777553828727026,1,,,1777553828706294,1777553828727026,1777553828706294,1777553828727026,,,,client-1-3,Insert,11981815,200,20732
client,client_request,completed,1777553828748426,1,,,1777553828727133,1777553828748426,1777553828727133,1777553828748426,,,,client-1-3,Insert,-11622172,200,21293
client,client_request,completed,1777553828770058,1,,,1777553828748535,1777553828770058,1777553828748535,1777553828770058,,,,client-1-3,Insert,14620914,200,21523
client,client_request,completed,1777553828791043,1,,,1777553828770399,1777553828791043,1777553828770399,1777553828791043,,,,client-1-3,Remove,-10400717,200,20644
client,client_request,completed,1777553828812757,1,,,1777553828791141,1777553828812757,1777553828791141,1777553828812757,,,,client-1-3,Insert,-4602667,200,21616
client,client_request,completed,1777553828834750,1,,,1777553828812852,1777553828834750,1777553828812852,1777553828834750,,,,client-1-3,Remove,-11756481,200,21898
client,client_request,completed,1777553828856500,1,,,1777553828834853,1777553828856500,1777553828834853,1777553828856500,,,,client-1-3,Remove,-4506858,200,21647
client,client_request,completed,1777553828878231,1,,,1777553828856605,1777553828878231,1777553828856605,1777553828878231,,,,client-1-3,Insert,-13551333,200,21626
client,client_request,completed,1777553828899834,1,,,1777553828878353,1777553828899834,1777553828878353,1777553828899834,,,,client-1-3,Insert,-8670651,200,21481
client,client_request,completed,1777553828921409,1,,,1777553828899941,1777553828921409,1777553828899941,1777553828921409,,,,client-1-3,Insert,-10362313,200,21468
client,client_request,completed,1777553828943193,1,,,1777553828921522,1777553828943193,1777553828921522,1777553828943193,,,,client-1-3,Insert,10573185,200,21671
client,client_request,completed,1777553828965150,1,,,1777553828943299,1777553828965150,1777553828943299,1777553828965150,,,,client-1-3,Remove,13352925,200,21851
client,client_request,completed,1777553828987116,1,,,1777553828965256,1777553828987116,1777553828965256,1777553828987116,,,,client-1-3,Remove,-8054149,200,21860
client,client_request,completed,1777553829008972,1,,,1777553828987222,1777553829008972,1777553828987222,1777553829008972,,,,client-1-3,Remove,-2484568,200,21750
client,client_request,completed,1777553829030703,1,,,1777553829009109,1777553829030703,1777553829009109,1777553829030703,,,,client-1-3,Insert,14103560,200,21594
client,client_request,completed,1777553829052561,1,,,1777553829030839,1777553829052561,1777553829030839,1777553829052561,,,,client-1-3,Remove,10686808,200,21722
client,client_request,completed,1777553829074431,1,,,1777553829052666,1777553829074431,1777553829052666,1777553829074431,,,,client-1-3,Remove,4821703,200,21765
client,client_request,completed,1777553829096145,1,,,1777553829074537,1777553829096145,1777553829074537,1777553829096145,,,,client-1-3,Insert,-10871003,200,21608
client,client_request,completed,1777553829118074,1,,,1777553829096276,1777553829118074,1777553829096276,1777553829118074,,,,client-1-3,Remove,-4792134,200,21798
client,client_request,completed,1777553829139697,1,,,1777553829118178,1777553829139697,1777553829118178,1777553829139697,,,,client-1-3,Remove,9094267,200,21519
client,client_request,completed,1777553829161848,1,,,1777553829139831,1777553829161848,1777553829139831,1777553829161848,,,,client-1-3,Remove,8712183,200,22017
client,client_request,completed,1777553829184347,1,,,1777553829161964,1777553829184347,1777553829161964,1777553829184347,,,,client-1-3,Remove,2304785,200,22383
client,client_request,completed,1777553829206028,1,,,1777553829184564,1777553829206028,1777553829184564,1777553829206028,,,,client-1-3,Remove,-5947904,200,21464
client,client_request,completed,1777553829227897,1,,,1777553829206133,1777553829227897,1777553829206133,1777553829227897,,,,client-1-3,Remove,-7077899,200,21764
client,client_request,completed,1777553829250136,1,,,1777553829228002,1777553829250136,1777553829228002,1777553829250136,,,,client-1-3,Insert,-5404050,200,22134
client,client_request,completed,1777553829272028,1,,,1777553829250240,1777553829272028,1777553829250240,1777553829272028,,,,client-1-3,Insert,1535139,200,21788
client,client_request,completed,1777553829293974,1,,,1777553829272125,1777553829293974,1777553829272125,1777553829293974,,,,client-1-3,Remove,-14611129,200,21849
client,client_request,completed,1777553829316408,1,,,1777553829294110,1777553829316408,1777553829294110,1777553829316408,,,,client-1-3,Insert,13948064,200,22298
client,client_request,completed,1777553829338407,1,,,1777553829316547,1777553829338407,1777553829316547,1777553829338407,,,,client-1-3,Insert,712518,200,21860
client,client_request,completed,1777553829360658,1,,,1777553829338542,1777553829360658,1777553829338542,1777553829360658,,,,client-1-3,Insert,11270008,200,22116
client,client_request,completed,1777553829382383,1,,,1777553829360766,1777553829382383,1777553829360766,1777553829382383,,,,client-1-3,Remove,-4550855,200,21617
client,client_request,completed,1777553829404076,1,,,1777553829382585,1777553829404076,1777553829382585,1777553829404076,,,,client-1-3,Insert,8009105,200,21491
client,client_request,completed,1777553829426880,1,,,1777553829404203,1777553829426880,1777553829404203,1777553829426880,,,,client-1-3,Remove,-11151254,200,22677
client,client_request,completed,1777553829448982,1,,,1777553829426986,1777553829448982,1777553829426986,1777553829448982,,,,client-1-3,Remove,-2241850,200,21996
client,client_request,completed,1777553829470908,1,,,1777553829449109,1777553829470908,1777553829449109,1777553829470908,,,,client-1-3,Remove,-1899128,200,21799
client,client_request,completed,1777553829492693,1,,,1777553829471265,1777553829492693,1777553829471265,1777553829492693,,,,client-1-3,Insert,-345789,200,21428
client,client_request,completed,1777553829514064,1,,,1777553829492902,1777553829514064,1777553829492902,1777553829514064,,,,client-1-3,Insert,-16403931,200,21162
client,client_request,completed,1777553829535537,1,,,1777553829514176,1777553829535537,1777553829514176,1777553829535537,,,,client-1-3,Insert,11188349,200,21361
client,client_request,completed,1777553829620918,1,,,1777553829535642,1777553829620918,1777553829535642,1777553829620918,,,,client-1-3,Insert,10563115,200,85276
client,client_request,completed,1777553829642885,1,,,1777553829621025,1777553829642885,1777553829621025,1777553829642885,,,,client-1-3,Insert,3829065,200,21860
client,client_request,completed,1777553829665142,1,,,1777553829642987,1777553829665142,1777553829642987,1777553829665142,,,,client-1-3,Insert,9231829,200,22155
client,client_request,completed,1777553829687472,1,,,1777553829665356,1777553829687472,1777553829665356,1777553829687472,,,,client-1-3,Remove,5964892,200,22116
client,client_request,completed,1777553829709719,1,,,1777553829687823,1777553829709719,1777553829687823,1777553829709719,,,,client-1-3,Insert,14547524,200,21896
client,client_request,completed,1777553829731703,1,,,1777553829710080,1777553829731703,1777553829710080,1777553829731703,,,,client-1-3,Remove,13371365,200,21623
client,client_request,completed,1777553829753724,1,,,1777553829732050,1777553829753724,1777553829732050,1777553829753724,,,,client-1-3,Remove,16255080,200,21674
client,client_request,completed,1777553829775444,1,,,1777553829753864,1777553829775444,1777553829753864,1777553829775444,,,,client-1-3,Insert,-10497136,200,21580
client,client_request,completed,1777553829797842,1,,,1777553829775544,1777553829797842,1777553829775544,1777553829797842,,,,client-1-3,Remove,1157692,200,22298
client,client_request,completed,1777553829820572,1,,,1777553829797941,1777553829820572,1777553829797941,1777553829820572,,,,client-1-3,Insert,1136630,200,22631
client,client_request,completed,1777553829842956,1,,,1777553829820670,1777553829842956,1777553829820670,1777553829842956,,,,client-1-3,Insert,6810241,200,22286
client,client_request,completed,1777553829865027,1,,,1777553829843061,1777553829865027,1777553829843061,1777553829865027,,,,client-1-3,Insert,6955223,200,21966
client,client_request,completed,1777553829886929,1,,,1777553829865132,1777553829886929,1777553829865132,1777553829886929,,,,client-1-3,Remove,-14820879,200,21797
client,client_request,completed,1777553829909043,1,,,1777553829887053,1777553829909043,1777553829887053,1777553829909043,,,,client-1-3,Remove,-4567072,200,21990
client,client_request,completed,1777553829931128,1,,,1777553829909178,1777553829931128,1777553829909178,1777553829931128,,,,client-1-3,Insert,-15281972,200,21950
client,client_request,completed,1777553829952964,1,,,1777553829931266,1777553829952964,1777553829931266,1777553829952964,,,,client-1-3,Insert,-4921051,200,21698
client,client_request,completed,1777553829974677,1,,,1777553829953066,1777553829974677,1777553829953066,1777553829974677,,,,client-1-3,Insert,11789156,200,21611
client,client_request,completed,1777553829996412,1,,,1777553829974779,1777553829996412,1777553829974779,1777553829996412,,,,client-1-3,Insert,16259194,200,21633
client,client_request,completed,1777553830018891,1,,,1777553829996519,1777553830018891,1777553829996519,1777553830018891,,,,client-1-3,Insert,14228870,200,22372
client,client_request,completed,1777553830041497,1,,,1777553830019032,1777553830041497,1777553830019032,1777553830041497,,,,client-1-3,Remove,468188,200,22465
client,client_request,completed,1777553830063950,1,,,1777553830041600,1777553830063950,1777553830041600,1777553830063950,,,,client-1-3,Remove,-7900437,200,22350
client,client_request,completed,1777553830085493,1,,,1777553830064150,1777553830085493,1777553830064150,1777553830085493,,,,client-1-3,Insert,8124071,200,21343
client,client_request,completed,1777553830107741,1,,,1777553830085630,1777553830107741,1777553830085630,1777553830107741,,,,client-1-3,Insert,6221986,200,22111
client,client_request,completed,1777553830131064,1,,,1777553830107846,1777553830131064,1777553830107846,1777553830131064,,,,client-1-3,Remove,-6408649,200,23218
client,client_request,completed,1777553830152680,1,,,1777553830131265,1777553830152680,1777553830131265,1777553830152680,,,,client-1-3,Remove,7700355,200,21415
client,client_request,completed,1777553830174449,1,,,1777553830152780,1777553830174449,1777553830152780,1777553830174449,,,,client-1-3,Remove,-2387324,200,21669
client,client_request,completed,1777553830196158,1,,,1777553830174544,1777553830196158,1777553830174544,1777553830196158,,,,client-1-3,Remove,-6337626,200,21614
client,client_request,completed,1777553830218441,1,,,1777553830196274,1777553830218441,1777553830196274,1777553830218441,,,,client-1-3,Remove,8764587,200,22167
client,client_request,completed,1777553830240210,1,,,1777553830218546,1777553830240210,1777553830218546,1777553830240210,,,,client-1-3,Remove,6629733,200,21664
client,client_request,completed,1777553830262289,1,,,1777553830240316,1777553830262289,1777553830240316,1777553830262289,,,,client-1-3,Insert,5312884,200,21973
client,client_request,completed,1777553830284273,1,,,1777553830262396,1777553830284273,1777553830262396,1777553830284273,,,,client-1-3,Insert,-905660,200,21877
client,client_request,completed,1777553830306607,1,,,1777553830284381,1777553830306607,1777553830284381,1777553830306607,,,,client-1-3,Remove,-487777,200,22226
client,client_request,completed,1777553830329032,1,,,1777553830306712,1777553830329032,1777553830306712,1777553830329032,,,,client-1-3,Insert,7522643,200,22320
client,client_request,completed,1777553830351330,1,,,1777553830329130,1777553830351330,1777553830329130,1777553830351330,,,,client-1-3,Remove,-2918730,200,22200
client,client_request,completed,1777553830374996,1,,,1777553830351423,1777553830374996,1777553830351423,1777553830374996,,,,client-1-3,Insert,-7576691,200,23573
client,client_request,completed,1777553830398566,1,,,1777553830375216,1777553830398566,1777553830375216,1777553830398566,,,,client-1-3,Insert,-8441057,200,23350
client,client_request,completed,1777553830421301,1,,,1777553830398673,1777553830421301,1777553830398673,1777553830421301,,,,client-1-3,Insert,14658494,200,22628
client,client_request,completed,1777553830444352,1,,,1777553830421398,1777553830444352,1777553830421398,1777553830444352,,,,client-1-3,Remove,16464070,200,22954
client,client_request,completed,1777553830467910,1,,,1777553830444754,1777553830467910,1777553830444754,1777553830467910,,,,client-1-3,Insert,13529979,200,23156
client,client_request,completed,1777553830490033,1,,,1777553830468299,1777553830490033,1777553830468299,1777553830490033,,,,client-1-3,Remove,15387268,200,21734
client,client_request,completed,1777553830512386,1,,,1777553830490230,1777553830512386,1777553830490230,1777553830512386,,,,client-1-3,Remove,-1982274,200,22156
client,client_request,completed,1777553830535136,1,,,1777553830512740,1777553830535136,1777553830512740,1777553830535136,,,,client-1-3,Insert,-258351,200,22396
client,client_request,completed,1777553830621246,1,,,1777553830535252,1777553830621246,1777553830535252,1777553830621246,,,,client-1-3,Insert,15362082,200,85994
client,client_request,completed,1777553830643948,1,,,1777553830621348,1777553830643948,1777553830621348,1777553830643948,,,,client-1-3,Remove,11745188,200,22600
client,client_request,completed,1777553830668724,1,,,1777553830644062,1777553830668724,1777553830644062,1777553830668724,,,,client-1-3,Remove,-11691910,200,24662
client,client_request,completed,1777553830691636,1,,,1777553830669082,1777553830691636,1777553830669082,1777553830691636,,,,client-1-3,Insert,15667043,200,22554
client,client_request,completed,1777553830714262,1,,,1777553830691752,1777553830714262,1777553830691752,1777553830714262,,,,client-1-3,Remove,-14139189,200,22510
client,client_request,completed,1777553830736541,1,,,1777553830714367,1777553830736541,1777553830714367,1777553830736541,,,,client-1-3,Remove,9573816,200,22174
client,client_request,completed,1777553830758172,1,,,1777553830736736,1777553830758172,1777553830736736,1777553830758172,,,,client-1-3,Remove,-16389881,200,21436
client,client_request,completed,1777553830780109,1,,,1777553830758277,1777553830780109,1777553830758277,1777553830780109,,,,client-1-3,Remove,-796450,200,21832
client,client_request,completed,1777553830802897,1,,,1777553830780227,1777553830802897,1777553830780227,1777553830802897,,,,client-1-3,Insert,16090321,200,22670
client,client_request,completed,1777553830825934,1,,,1777553830802995,1777553830825934,1777553830802995,1777553830825934,,,,client-1-3,Remove,7223521,200,22939
client,client_request,completed,1777553830848915,1,,,1777553830826031,1777553830848915,1777553830826031,1777553830848915,,,,client-1-3,Insert,5645129,200,22884
client,client_request,completed,1777553830871484,1,,,1777553830849119,1777553830871484,1777553830849119,1777553830871484,,,,client-1-3,Insert,-8746748,200,22365
client,client_request,completed,1777553830894582,1,,,1777553830871588,1777553830894582,1777553830871588,1777553830894582,,,,client-1-3,Remove,2075596,200,22994
client,client_request,completed,1777553830917194,1,,,1777553830894687,1777553830917194,1777553830894687,1777553830917194,,,,client-1-3,Remove,14180559,200,22507
client,client_request,completed,1777553830939912,1,,,1777553830917317,1777553830939912,1777553830917317,1777553830939912,,,,client-1-3,Insert,-14661140,200,22595
client,client_request,completed,1777553830964374,1,,,1777553830940011,1777553830964374,1777553830940011,1777553830964374,,,,client-1-3,Remove,-1948140,200,24363
client,client_request,completed,1777553830987413,1,,,1777553830964479,1777553830987413,1777553830964479,1777553830987413,,,,client-1-3,Remove,-9130519,200,22934
client,client_request,completed,1777553831010452,1,,,1777553830987518,1777553831010452,1777553830987518,1777553831010452,,,,client-1-3,Insert,12729293,200,22934
client,client_request,completed,1777553831033406,1,,,1777553831010556,1777553831033406,1777553831010556,1777553831033406,,,,client-1-3,Remove,13758335,200,22850
client,client_request,completed,1777553831056799,1,,,1777553831033511,1777553831056799,1777553831033511,1777553831056799,,,,client-1-3,Remove,-10372241,200,23288
client,client_request,completed,1777553831079665,1,,,1777553831057011,1777553831079665,1777553831057011,1777553831079665,,,,client-1-3,Insert,-9989869,200,22654
client,client_request,completed,1777553831103025,1,,,1777553831079778,1777553831103025,1777553831079778,1777553831103025,,,,client-1-3,Remove,10955724,200,23247
client,client_request,completed,1777553831126865,1,,,1777553831103130,1777553831126865,1777553831103130,1777553831126865,,,,client-1-3,Remove,16232257,200,23735
client,client_request,completed,1777553831149605,1,,,1777553831127073,1777553831149605,1777553831127073,1777553831149605,,,,client-1-3,Insert,-13604749,200,22532
client,client_request,completed,1777553831172437,1,,,1777553831149953,1777553831172437,1777553831149953,1777553831172437,,,,client-1-3,Insert,-2841691,200,22484
client,client_request,completed,1777553831195190,1,,,1777553831172567,1777553831195190,1777553831172567,1777553831195190,,,,client-1-3,Insert,-11686098,200,22623
client,client_request,completed,1777553831218148,1,,,1777553831195299,1777553831218148,1777553831195299,1777553831218148,,,,client-1-3,Insert,-10588281,200,22849
client,client_request,completed,1777553831240661,1,,,1777553831218253,1777553831240661,1777553831218253,1777553831240661,,,,client-1-3,Insert,945392,200,22408
client,client_request,completed,1777553831263492,1,,,1777553831240765,1777553831263492,1777553831240765,1777553831263492,,,,client-1-3,Insert,2047018,200,22727
client,client_request,completed,1777553831285985,1,,,1777553831263894,1777553831285985,1777553831263894,1777553831285985,,,,client-1-3,Insert,7844535,200,22091
client,client_request,completed,1777553831308580,1,,,1777553831286107,1777553831308580,1777553831286107,1777553831308580,,,,client-1-3,Remove,-14005639,200,22473
client,client_request,completed,1777553831331522,1,,,1777553831308690,1777553831331522,1777553831308690,1777553831331522,,,,client-1-3,Remove,-2050894,200,22832
client,client_request,completed,1777553831356399,1,,,1777553831331733,1777553831356399,1777553831331733,1777553831356399,,,,client-1-3,Insert,-3653327,200,24666
client,client_request,completed,1777553831379332,1,,,1777553831356505,1777553831379332,1777553831356505,1777553831379332,,,,client-1-3,Insert,-5283720,200,22827
client,client_request,completed,1777553831402150,1,,,1777553831379436,1777553831402150,1777553831379436,1777553831402150,,,,client-1-3,Insert,6047710,200,22714
client,client_request,completed,1777553831425446,1,,,1777553831402254,1777553831425446,1777553831402254,1777553831425446,,,,client-1-3,Insert,10905737,200,23192
client,client_request,completed,1777553831448510,1,,,1777553831425657,1777553831448510,1777553831425657,1777553831448510,,,,client-1-3,Insert,-16078688,200,22853
client,client_request,completed,1777553831471124,1,,,1777553831448646,1777553831471124,1777553831448646,1777553831471124,,,,client-1-3,Insert,-3114172,200,22478
client,client_request,completed,1777553831493625,1,,,1777553831471231,1777553831493625,1777553831471231,1777553831493625,,,,client-1-3,Insert,-9398929,200,22394
client,client_request,completed,1777553831516554,1,,,1777553831493731,1777553831516554,1777553831493731,1777553831516554,,,,client-1-3,Insert,9409859,200,22823
client,client_request,completed,1777553831539452,1,,,1777553831516658,1777553831539452,1777553831516658,1777553831539452,,,,client-1-3,Insert,8435810,200,22794
client,client_request,completed,1777553831628260,1,,,1777553831539556,1777553831628260,1777553831539556,1777553831628260,,,,client-1-3,Insert,8123000,200,88704
client,client_request,completed,1777553831655975,1,,,1777553831628361,1777553831655975,1777553831628361,1777553831655975,,,,client-1-3,Remove,1516438,200,27614
client,client_request,completed,1777553831679412,1,,,1777553831656350,1777553831679412,1777553831656350,1777553831679412,,,,client-1-3,Insert,-3331157,200,23062
client,client_request,completed,1777553831702907,1,,,1777553831679520,1777553831702907,1777553831679520,1777553831702907,,,,client-1-3,Remove,16545591,200,23387
client,client_request,completed,1777553831726785,1,,,1777553831703012,1777553831726785,1777553831703012,1777553831726785,,,,client-1-3,Remove,1492461,200,23773
client,client_request,completed,1777553831749889,1,,,1777553831726995,1777553831749889,1777553831726995,1777553831749889,,,,client-1-3,Remove,-10888420,200,22894
client,client_request,completed,1777553831772609,1,,,1777553831750244,1777553831772609,1777553831750244,1777553831772609,,,,client-1-3,Remove,-11497262,200,22365
client,client_request,completed,1777553831796390,1,,,1777553831772705,1777553831796390,1777553831772705,1777553831796390,,,,client-1-3,Insert,-14825349,200,23685
client,client_request,completed,1777553831820127,1,,,1777553831796488,1777553831820127,1777553831796488,1777553831820127,,,,client-1-3,Insert,-15391149,200,23639
client,client_request,completed,1777553831843687,1,,,1777553831820251,1777553831843687,1777553831820251,1777553831843687,,,,client-1-3,Insert,-606018,200,23436
client,client_request,completed,1777553831867361,1,,,1777553831843792,1777553831867361,1777553831843792,1777553831867361,,,,client-1-3,Remove,-1171726,200,23569
client,client_request,completed,1777553831890226,1,,,1777553831867561,1777553831890226,1777553831867561,1777553831890226,,,,client-1-3,Insert,7268309,200,22665
client,client_request,completed,1777553831913023,1,,,1777553831890331,1777553831913023,1777553831890331,1777553831913023,,,,client-1-3,Insert,4973223,200,22692
client,client_request,completed,1777553831935993,1,,,1777553831913361,1777553831935993,1777553831913361,1777553831935993,,,,client-1-3,Insert,14025195,200,22632
client,client_request,completed,1777553831959355,1,,,1777553831936371,1777553831959355,1777553831936371,1777553831959355,,,,client-1-3,Insert,-5147594,200,22984
client,client_request,completed,1777553831982463,1,,,1777553831959450,1777553831982463,1777553831959450,1777553831982463,,,,client-1-3,Insert,102947,200,23013
client,client_request,completed,1777553832005480,1,,,1777553831982568,1777553832005480,1777553831982568,1777553832005480,,,,client-1-3,Remove,13179030,200,22912
client,client_request,completed,1777553832029339,1,,,1777553832005579,1777553832029339,1777553832005579,1777553832029339,,,,client-1-3,Insert,-4501152,200,23760
client,client_request,completed,1777553832053349,1,,,1777553832029437,1777553832053349,1777553832029437,1777553832053349,,,,client-1-3,Insert,2532967,200,23912
client,client_request,completed,1777553832077058,1,,,1777553832053466,1777553832077058,1777553832053466,1777553832077058,,,,client-1-3,Remove,3952241,200,23592
client,client_request,completed,1777553832100564,1,,,1777553832077164,1777553832100564,1777553832077164,1777553832100564,,,,client-1-3,Insert,-4782941,200,23400
client,client_request,completed,1777553832125137,1,,,1777553832100669,1777553832125137,1777553832100669,1777553832125137,,,,client-1-3,Insert,-11147458,200,24468
client,client_request,completed,1777553832148954,1,,,1777553832125258,1777553832148954,1777553832125258,1777553832148954,,,,client-1-3,Remove,3005640,200,23696
client,client_request,completed,1777553832172427,1,,,1777553832149058,1777553832172427,1777553832149058,1777553832172427,,,,client-1-3,Insert,-4632537,200,23369
client,client_request,completed,1777553832195834,1,,,1777553832172531,1777553832195834,1777553832172531,1777553832195834,,,,client-1-3,Remove,13015667,200,23303
client,client_request,completed,1777553832219373,1,,,1777553832195938,1777553832219373,1777553832195938,1777553832219373,,,,client-1-3,Insert,14182248,200,23435
client,client_request,completed,1777553832242901,1,,,1777553832219570,1777553832242901,1777553832219570,1777553832242901,,,,client-1-3,Insert,-8958807,200,23331
client,client_request,completed,1777553832267163,1,,,1777553832243010,1777553832267163,1777553832243010,1777553832267163,,,,client-1-3,Remove,-7231439,200,24153
client,client_request,completed,1777553832290772,1,,,1777553832267269,1777553832290772,1777553832267269,1777553832290772,,,,client-1-3,Insert,15246212,200,23503
client,client_request,completed,1777553832314250,1,,,1777553832290875,1777553832314250,1777553832290875,1777553832314250,,,,client-1-3,Insert,-11150777,200,23375
client,client_request,completed,1777553832338255,1,,,1777553832314353,1777553832338255,1777553832314353,1777553832338255,,,,client-1-3,Insert,727665,200,23902
client,client_request,completed,1777553832362091,1,,,1777553832338384,1777553832362091,1777553832338384,1777553832362091,,,,client-1-3,Insert,2800913,200,23707
client,client_request,completed,1777553832385575,1,,,1777553832362196,1777553832385575,1777553832362196,1777553832385575,,,,client-1-3,Insert,-2035356,200,23379
client,client_request,completed,1777553832409476,1,,,1777553832385670,1777553832409476,1777553832385670,1777553832409476,,,,client-1-3,Remove,9485703,200,23806
client,client_request,completed,1777553832433467,1,,,1777553832409675,1777553832433467,1777553832409675,1777553832433467,,,,client-1-3,Remove,13903680,200,23792
client,client_request,completed,1777553832457280,1,,,1777553832433564,1777553832457280,1777553832433564,1777553832457280,,,,client-1-3,Remove,16422173,200,23716
client,client_request,completed,1777553832481032,1,,,1777553832457377,1777553832481032,1777553832457377,1777553832481032,,,,client-1-3,Remove,8918162,200,23655
client,client_request,completed,1777553832504262,1,,,1777553832481231,1777553832504262,1777553832481231,1777553832504262,,,,client-1-3,Insert,-8011601,200,23031
client,client_request,completed,1777553832527867,1,,,1777553832504473,1777553832527867,1777553832504473,1777553832527867,,,,client-1-3,Remove,-61790,200,23394
client,client_request,completed,1777553832615088,1,,,1777553832527989,1777553832615088,1777553832527989,1777553832615088,,,,client-1-3,Remove,14159769,200,87099
client,client_request,completed,1777553832638135,1,,,1777553832615228,1777553832638135,1777553832615228,1777553832638135,,,,client-1-3,Insert,-12583752,200,22907
client,client_request,completed,1777553832661007,1,,,1777553832638271,1777553832661007,1777553832638271,1777553832661007,,,,client-1-3,Insert,-9244555,200,22736
client,client_request,completed,1777553832684012,1,,,1777553832661130,1777553832684012,1777553832661130,1777553832684012,,,,client-1-3,Insert,13560339,200,22882
client,client_request,completed,1777553832706949,1,,,1777553832684108,1777553832706949,1777553832684108,1777553832706949,,,,client-1-3,Insert,-9598359,200,22841
client,client_request,completed,1777553832729766,1,,,1777553832707065,1777553832729766,1777553832707065,1777553832729766,,,,client-1-3,Remove,13587507,200,22701
client,client_request,completed,1777553832752504,1,,,1777553832729885,1777553832752504,1777553832729885,1777553832752504,,,,client-1-3,Insert,70150,200,22619
client,client_request,completed,1777553832775685,1,,,1777553832752835,1777553832775685,1777553832752835,1777553832775685,,,,client-1-3,Remove,2552561,200,22850
client,client_request,completed,1777553832799457,1,,,1777553832775782,1777553832799457,1777553832775782,1777553832799457,,,,client-1-3,Remove,-9318974,200,23675
client,client_request,completed,1777553832823095,1,,,1777553832799557,1777553832823095,1777553832799557,1777553832823095,,,,client-1-3,Remove,16461422,200,23538
client,client_request,completed,1777553832846874,1,,,1777553832823191,1777553832846874,1777553832823191,1777553832846874,,,,client-1-3,Remove,-398181,200,23683
client,client_request,completed,1777553832869938,1,,,1777553832846981,1777553832869938,1777553832846981,1777553832869938,,,,client-1-3,Insert,5796558,200,22957
client,client_request,completed,1777553832893411,1,,,1777553832870046,1777553832893411,1777553832870046,1777553832893411,,,,client-1-3,Remove,14523673,200,23365
client,client_request,completed,1777553832916919,1,,,1777553832893619,1777553832916919,1777553832893619,1777553832916919,,,,client-1-3,Insert,16717305,200,23300
client,client_request,completed,1777553832942537,1,,,1777553832917125,1777553832942537,1777553832917125,1777553832942537,,,,client-1-3,Remove,-5247574,200,25412
client,client_request,completed,1777553832972899,1,,,1777553832942897,1777553832972899,1777553832942897,1777553832972899,,,,client-1-3,Remove,-5276452,200,30002
client,client_request,completed,1777553833002789,1,,,1777553832973105,1777553833002789,1777553832973105,1777553833002789,,,,client-1-3,Remove,-15220757,200,29684
client,client_request,completed,1777553833030172,1,,,1777553833002901,1777553833030172,1777553833002901,1777553833030172,,,,client-1-3,Insert,8586749,200,27271
client,client_request,completed,1777553833056002,1,,,1777553833030251,1777553833056002,1777553833030251,1777553833056002,,,,client-1-3,Insert,-14977794,200,25751
client,client_request,completed,1777553833079422,1,,,1777553833056284,1777553833079422,1777553833056284,1777553833079422,,,,client-1-3,Remove,16035822,200,23138
client,client_request,completed,1777553833102807,1,,,1777553833079552,1777553833102807,1777553833079552,1777553833102807,,,,client-1-3,Insert,-7322721,200,23255
client,client_request,completed,1777553833126808,1,,,1777553833102922,1777553833126808,1777553833102922,1777553833126808,,,,client-1-3,Insert,-8729174,200,23886
client,client_request,completed,1777553833149998,1,,,1777553833126913,1777553833149998,1777553833126913,1777553833149998,,,,client-1-3,Insert,-10547026,200,23085
client,client_request,completed,1777553833173244,1,,,1777553833150103,1777553833173244,1777553833150103,1777553833173244,,,,client-1-3,Remove,-9518260,200,23141
client,client_request,completed,1777553833196703,1,,,1777553833173348,1777553833196703,1777553833173348,1777553833196703,,,,client-1-3,Remove,4993678,200,23355
client,client_request,completed,1777553833220304,1,,,1777553833196808,1777553833220304,1777553833196808,1777553833220304,,,,client-1-3,Remove,-151123,200,23496
client,client_request,completed,1777553833244300,1,,,1777553833220426,1777553833244300,1777553833220426,1777553833244300,,,,client-1-3,Remove,11710685,200,23874
client,client_request,completed,1777553833267977,1,,,1777553833244408,1777553833267977,1777553833244408,1777553833267977,,,,client-1-3,Insert,-14546568,200,23569
client,client_request,completed,1777553833291633,1,,,1777553833268080,1777553833291633,1777553833268080,1777553833291633,,,,client-1-3,Insert,-4704506,200,23553
client,client_request,completed,1777553833315326,1,,,1777553833291844,1777553833315326,1777553833291844,1777553833315326,,,,client-1-3,Remove,11006330,200,23482
client,client_request,completed,1777553833339089,1,,,1777553833315674,1777553833339089,1777553833315674,1777553833339089,,,,client-1-3,Remove,14895288,200,23415
client,client_request,completed,1777553833362886,1,,,1777553833339197,1777553833362886,1777553833339197,1777553833362886,,,,client-1-3,Insert,-6842998,200,23689
client,client_request,completed,1777553833386626,1,,,1777553833362992,1777553833386626,1777553833362992,1777553833386626,,,,client-1-3,Insert,-1776035,200,23634
client,client_request,completed,1777553833410418,1,,,1777553833386731,1777553833410418,1777553833386731,1777553833410418,,,,client-1-3,Remove,-6362964,200,23687
client,client_request,completed,1777553833434724,1,,,1777553833410522,1777553833434724,1777553833410522,1777553833434724,,,,client-1-3,Insert,-2615143,200,24202
client,client_request,completed,1777553833458427,1,,,1777553833434838,1777553833458427,1777553833434838,1777553833458427,,,,client-1-3,Remove,-2402857,200,23589
client,client_request,completed,1777553833482125,1,,,1777553833458532,1777553833482125,1777553833458532,1777553833482125,,,,client-1-3,Insert,-14510724,200,23593
client,client_request,completed,1777553833505907,1,,,1777553833482230,1777553833505907,1777553833482230,1777553833505907,,,,client-1-3,Remove,-6243217,200,23677
client,client_request,completed,1777553833531222,1,,,1777553833506011,1777553833531222,1777553833506011,1777553833531222,,,,client-1-3,Remove,7522808,200,25211
client,client_request,completed,1777553833617742,1,,,1777553833531566,1777553833617742,1777553833531566,1777553833617742,,,,client-1-3,Remove,338410,200,86176
client,client_request,completed,1777553833642310,1,,,1777553833617848,1777553833642310,1777553833617848,1777553833642310,,,,client-1-3,Remove,2790635,200,24462
client,client_request,completed,1777553833666189,1,,,1777553833642662,1777553833666189,1777553833642662,1777553833666189,,,,client-1-3,Remove,7350217,200,23527
client,client_request,completed,1777553833689405,1,,,1777553833666293,1777553833689405,1777553833666293,1777553833689405,,,,client-1-3,Insert,12482701,200,23112
client,client_request,completed,1777553833713288,1,,,1777553833689511,1777553833713288,1777553833689511,1777553833713288,,,,client-1-3,Insert,2277506,200,23777
client,client_request,completed,1777553833737214,1,,,1777553833713392,1777553833737214,1777553833713392,1777553833737214,,,,client-1-3,Remove,7608007,200,23822
client,client_request,completed,1777553833761137,1,,,1777553833737320,1777553833761137,1777553833737320,1777553833761137,,,,client-1-3,Remove,-10295212,200,23817
client,client_request,completed,1777553833785025,1,,,1777553833761342,1777553833785025,1777553833761342,1777553833785025,,,,client-1-3,Insert,-16207385,200,23683
client,client_request,completed,1777553833809334,1,,,1777553833785123,1777553833809334,1777553833785123,1777553833809334,,,,client-1-3,Remove,-14573630,200,24211
client,client_request,completed,1777553833833936,1,,,1777553833809433,1777553833833936,1777553833809433,1777553833833936,,,,client-1-3,Remove,9106823,200,24503
client,client_request,completed,1777553833858203,1,,,1777553833834032,1777553833858203,1777553833834032,1777553833858203,,,,client-1-3,Insert,8774813,200,24171
client,client_request,completed,1777553833882516,1,,,1777553833858306,1777553833882516,1777553833858306,1777553833882516,,,,client-1-3,Insert,15610509,200,24210
client,client_request,completed,1777553833906822,1,,,1777553833882725,1777553833906822,1777553833882725,1777553833906822,,,,client-1-3,Insert,-8710674,200,24097
client,client_request,completed,1777553833931940,1,,,1777553833907188,1777553833931940,1777553833907188,1777553833931940,,,,client-1-3,Insert,-4552494,200,24752
client,client_request,completed,1777553833956101,1,,,1777553833932148,1777553833956101,1777553833932148,1777553833956101,,,,client-1-3,Remove,749694,200,23953
client,client_request,completed,1777553833980108,1,,,1777553833956473,1777553833980108,1777553833956473,1777553833980108,,,,client-1-3,Insert,-12670536,200,23635
client,client_request,completed,1777553834004255,1,,,1777553833980263,1777553834004255,1777553833980263,1777553834004255,,,,client-1-3,Remove,-2014615,200,23992
client,client_request,completed,1777553834028245,1,,,1777553834004380,1777553834028245,1777553834004380,1777553834028245,,,,client-1-3,Insert,-8962398,200,23865
client,client_request,completed,1777553834052446,1,,,1777553834028375,1777553834052446,1777553834028375,1777553834052446,,,,client-1-3,Insert,10706683,200,24071
client,client_request,completed,1777553834076389,1,,,1777553834052551,1777553834076389,1777553834052551,1777553834076389,,,,client-1-3,Remove,-7043578,200,23838
client,client_request,completed,1777553834100212,1,,,1777553834076494,1777553834100212,1777553834076494,1777553834100212,,,,client-1-3,Remove,-8997996,200,23718
client,client_request,completed,1777553834124363,1,,,1777553834100317,1777553834124363,1777553834100317,1777553834124363,,,,client-1-3,Insert,373359,200,24046
client,client_request,completed,1777553834148506,1,,,1777553834124465,1777553834148506,1777553834124465,1777553834148506,,,,client-1-3,Insert,11309414,200,24041
client,client_request,completed,1777553834172635,1,,,1777553834148611,1777553834172635,1777553834148611,1777553834172635,,,,client-1-3,Insert,15717189,200,24024
client,client_request,completed,1777553834196613,1,,,1777553834172739,1777553834196613,1777553834172739,1777553834196613,,,,client-1-3,Insert,-5873150,200,23874
client,client_request,completed,1777553834220349,1,,,1777553834196718,1777553834220349,1777553834196718,1777553834220349,,,,client-1-3,Remove,3472461,200,23631
client,client_request,completed,1777553834244942,1,,,1777553834220454,1777553834244942,1777553834220454,1777553834244942,,,,client-1-3,Insert,16391135,200,24488
client,client_request,completed,1777553834269710,1,,,1777553834245078,1777553834269710,1777553834245078,1777553834269710,,,,client-1-3,Remove,11630061,200,24632
client,client_request,completed,1777553834293345,1,,,1777553834270065,1777553834293345,1777553834270065,1777553834293345,,,,client-1-3,Insert,7895886,200,23280
client,client_request,completed,1777553834317353,1,,,1777553834293703,1777553834317353,1777553834293703,1777553834317353,,,,client-1-3,Insert,13150893,200,23650
client,client_request,completed,1777553834340841,1,,,1777553834317705,1777553834340841,1777553834317705,1777553834340841,,,,client-1-3,Remove,11004329,200,23136
client,client_request,completed,1777553834364259,1,,,1777553834341046,1777553834364259,1777553834341046,1777553834364259,,,,client-1-3,Remove,12942297,200,23213
client,client_request,completed,1777553834387767,1,,,1777553834364388,1777553834387767,1777553834364388,1777553834387767,,,,client-1-3,Remove,5887939,200,23379
client,client_request,completed,1777553834411711,1,,,1777553834387894,1777553834411711,1777553834387894,1777553834411711,,,,client-1-3,Remove,12661131,200,23817
client,client_request,completed,1777553834435928,1,,,1777553834411847,1777553834435928,1777553834411847,1777553834435928,,,,client-1-3,Insert,-13278767,200,24081
client,client_request,completed,1777553834459366,1,,,1777553834436029,1777553834459366,1777553834436029,1777553834459366,,,,client-1-3,Insert,11183954,200,23337
client,client_request,completed,1777553834486409,1,,,1777553834459472,1777553834486409,1777553834459472,1777553834486409,,,,client-1-3,Remove,-5364139,200,26937
client,client_request,completed,1777553834514005,1,,,1777553834486804,1777553834514005,1777553834486804,1777553834514005,,,,client-1-3,Insert,14046483,200,27201
client,client_request,completed,1777553834539210,1,,,1777553834514116,1777553834539210,1777553834514116,1777553834539210,,,,client-1-3,Insert,1514191,200,25094
client,client_request,completed,1777553834627214,1,,,1777553834539561,1777553834627214,1777553834539561,1777553834627214,,,,client-1-3,Remove,-9065453,200,87653
client,client_request,completed,1777553834650788,1,,,1777553834627322,1777553834650788,1777553834627322,1777553834650788,,,,client-1-3,Remove,1084296,200,23466
client,client_request,completed,1777553834674901,1,,,1777553834650963,1777553834674901,1777553834650963,1777553834674901,,,,client-1-3,Insert,14887635,200,23938
client,client_request,completed,1777553834699102,1,,,1777553834675013,1777553834699102,1777553834675013,1777553834699102,,,,client-1-3,Insert,-4078748,200,24089
client,client_request,completed,1777553834722959,1,,,1777553834699207,1777553834722959,1777553834699207,1777553834722959,,,,client-1-3,Insert,-11283863,200,23752
client,client_request,completed,1777553834746206,1,,,1777553834723065,1777553834746206,1777553834723065,1777553834746206,,,,client-1-3,Remove,-14996288,200,23141
client,client_request,completed,1777553834769690,1,,,1777553834746310,1777553834769690,1777553834746310,1777553834769690,,,,client-1-3,Remove,-8411740,200,23380
client,client_request,completed,1777553834793995,1,,,1777553834769795,1777553834793995,1777553834769795,1777553834793995,,,,client-1-3,Insert,-4604379,200,24200
client,client_request,completed,1777553834818308,1,,,1777553834794091,1777553834818308,1777553834794091,1777553834818308,,,,client-1-3,Insert,8680933,200,24217
client,client_request,completed,1777553834842484,1,,,1777553834818406,1777553834842484,1777553834818406,1777553834842484,,,,client-1-3,Insert,-5995001,200,24078
client,client_request,completed,1777553834866223,1,,,1777553834842637,1777553834866223,1777553834842637,1777553834866223,,,,client-1-3,Remove,-5337612,200,23586
client,client_request,completed,1777553834889743,1,,,1777553834866493,1777553834889743,1777553834866493,1777553834889743,,,,client-1-3,Remove,-1377049,200,23250
client,client_request,completed,1777553834913568,1,,,1777553834889848,1777553834913568,1777553834889848,1777553834913568,,,,client-1-3,Remove,-1302205,200,23720
client,client_request,completed,1777553834940267,1,,,1777553834913677,1777553834940267,1777553834913677,1777553834940267,,,,client-1-3,Remove,11872515,200,26590
client,client_request,completed,1777553834964661,1,,,1777553834940448,1777553834964661,1777553834940448,1777553834964661,,,,client-1-3,Insert,14923199,200,24213
client,client_request,completed,1777553834992337,1,,,1777553834965021,1777553834992337,1777553834965021,1777553834992337,,,,client-1-3,Remove,-4124431,200,27316
client,client_request,completed,1777553835017937,1,,,1777553834992515,1777553835017937,1777553834992515,1777553835017937,,,,client-1-3,Remove,-8183820,200,25422
client,client_request,completed,1777553835045191,1,,,1777553835018044,1777553835045191,1777553835018044,1777553835045191,,,,client-1-3,Remove,12129397,200,27147
client,client_request,completed,1777553835072534,1,,,1777553835045320,1777553835072534,1777553835045320,1777553835072534,,,,client-1-3,Remove,9685186,200,27214
client,client_request,completed,1777553835097812,1,,,1777553835072639,1777553835097812,1777553835072639,1777553835097812,,,,client-1-3,Insert,12600667,200,25173
client,client_request,completed,1777553835123146,1,,,1777553835097917,1777553835123146,1777553835097917,1777553835123146,,,,client-1-3,Remove,11498901,200,25229
client,client_request,completed,1777553835147626,1,,,1777553835123383,1777553835147626,1777553835123383,1777553835147626,,,,client-1-3,Remove,-242203,200,24243
client,client_request,completed,1777553835172128,1,,,1777553835147732,1777553835172128,1777553835147732,1777553835172128,,,,client-1-3,Insert,11840637,200,24396
client,client_request,completed,1777553835196780,1,,,1777553835172259,1777553835196780,1777553835172259,1777553835196780,,,,client-1-3,Remove,12631627,200,24521
client,client_request,completed,1777553835221138,1,,,1777553835196915,1777553835221138,1777553835196915,1777553835221138,,,,client-1-3,Remove,-3999170,200,24223
client,client_request,completed,1777553835245508,1,,,1777553835221241,1777553835245508,1777553835221241,1777553835245508,,,,client-1-3,Remove,-11953713,200,24267
client,client_request,completed,1777553835270380,1,,,1777553835245644,1777553835270380,1777553835245644,1777553835270380,,,,client-1-3,Insert,1503668,200,24736
client,client_request,completed,1777553835294585,1,,,1777553835270736,1777553835294585,1777553835270736,1777553835294585,,,,client-1-3,Remove,11320955,200,23849
client,client_request,completed,1777553835319171,1,,,1777553835294682,1777553835319171,1777553835294682,1777553835319171,,,,client-1-3,Remove,-5519432,200,24489
client,client_request,completed,1777553835343712,1,,,1777553835319274,1777553835343712,1777553835319274,1777553835343712,,,,client-1-3,Insert,11764535,200,24438
client,client_request,completed,1777553835368331,1,,,1777553835343818,1777553835368331,1777553835343818,1777553835368331,,,,client-1-3,Remove,7730805,200,24513
client,client_request,completed,1777553835391979,1,,,1777553835368688,1777553835391979,1777553835368688,1777553835391979,,,,client-1-3,Remove,-4381818,200,23291
client,client_request,completed,1777553835416489,1,,,1777553835392083,1777553835416489,1777553835392083,1777553835416489,,,,client-1-3,Remove,7039617,200,24406
client,client_request,completed,1777553835441167,1,,,1777553835416595,1777553835441167,1777553835416595,1777553835441167,,,,client-1-3,Remove,14292805,200,24572
client,client_request,completed,1777553835465959,1,,,1777553835441275,1777553835465959,1777553835441275,1777553835465959,,,,client-1-3,Insert,7572406,200,24684
client,client_request,completed,1777553835490621,1,,,1777553835466095,1777553835490621,1777553835466095,1777553835490621,,,,client-1-3,Insert,-13204907,200,24526
client,client_request,completed,1777553835515567,1,,,1777553835490978,1777553835515567,1777553835490978,1777553835515567,,,,client-1-3,Insert,-8832131,200,24589
client,client_request,completed,1777553835540664,1,,,1777553835515809,1777553835540664,1777553835515809,1777553835540664,,,,client-1-3,Remove,-10675612,200,24855
client,client_request,completed,1777553835629806,1,,,1777553835540769,1777553835629806,1777553835540769,1777553835629806,,,,client-1-3,Remove,13722351,200,89037
client,client_request,completed,1777553835654381,1,,,1777553835630019,1777553835654381,1777553835630019,1777553835654381,,,,client-1-3,Insert,-12309735,200,24362
client,client_request,completed,1777553835679991,1,,,1777553835654478,1777553835679991,1777553835654478,1777553835679991,,,,client-1-3,Remove,-15632389,200,25513
client,client_request,completed,1777553835705766,1,,,1777553835680221,1777553835705766,1777553835680221,1777553835705766,,,,client-1-3,Remove,2165363,200,25545
client,client_request,completed,1777553835730644,1,,,1777553835705903,1777553835730644,1777553835705903,1777553835730644,,,,client-1-3,Remove,16141807,200,24741
client,client_request,completed,1777553835755388,1,,,1777553835731001,1777553835755388,1777553835731001,1777553835755388,,,,client-1-3,Remove,-8648495,200,24387
client,client_request,completed,1777553835779522,1,,,1777553835755637,1777553835779522,1777553835755637,1777553835779522,,,,client-1-3,Insert,7925127,200,23885
client,client_request,completed,1777553835804567,1,,,1777553835779621,1777553835804567,1777553835779621,1777553835804567,,,,client-1-3,Insert,-15410664,200,24946
client,client_request,completed,1777553835829356,1,,,1777553835804663,1777553835829356,1777553835804663,1777553835829356,,,,client-1-3,Remove,1743551,200,24693
client,client_request,completed,1777553835854175,1,,,1777553835829454,1777553835854175,1777553835829454,1777553835854175,,,,client-1-3,Insert,-7960885,200,24721
client,client_request,completed,1777553835878591,1,,,1777553835854282,1777553835878591,1777553835854282,1777553835878591,,,,client-1-3,Insert,2525609,200,24309
client,client_request,completed,1777553835902946,1,,,1777553835878717,1777553835902946,1777553835878717,1777553835902946,,,,client-1-3,Insert,121449,200,24229
client,client_request,completed,1777553835927537,1,,,1777553835903051,1777553835927537,1777553835903051,1777553835927537,,,,client-1-3,Remove,14464209,200,24486
client,client_request,completed,1777553835952384,1,,,1777553835927642,1777553835952384,1777553835927642,1777553835952384,,,,client-1-3,Remove,-2124185,200,24742
client,client_request,completed,1777553835977204,1,,,1777553835952490,1777553835977204,1777553835952490,1777553835977204,,,,client-1-3,Remove,8465375,200,24714
client,client_request,completed,1777553836004550,1,,,1777553835977306,1777553836004550,1777553835977306,1777553836004550,,,,client-1-3,Remove,8939466,200,27244
client,client_request,completed,1777553836029645,1,,,1777553836004670,1777553836029645,1777553836004670,1777553836029645,,,,client-1-3,Remove,-610528,200,24975
client,client_request,completed,1777553836055337,1,,,1777553836029749,1777553836055337,1777553836029749,1777553836055337,,,,client-1-3,Insert,-9178659,200,25588
client,client_request,completed,1777553836080286,1,,,1777553836055442,1777553836080286,1777553836055442,1777553836080286,,,,client-1-3,Insert,16537907,200,24844
client,client_request,completed,1777553836105379,1,,,1777553836080393,1777553836105379,1777553836080393,1777553836105379,,,,client-1-3,Remove,14747875,200,24986
client,client_request,completed,1777553836131169,1,,,1777553836105509,1777553836131169,1777553836105509,1777553836131169,,,,client-1-3,Remove,11936417,200,25660
client,client_request,completed,1777553836156964,1,,,1777553836131376,1777553836156964,1777553836131376,1777553836156964,,,,client-1-3,Remove,-13654521,200,25588
client,client_request,completed,1777553836182202,1,,,1777553836157068,1777553836182202,1777553836157068,1777553836182202,,,,client-1-3,Insert,-8164329,200,25134
client,client_request,completed,1777553836207300,1,,,1777553836182309,1777553836207300,1777553836182309,1777553836207300,,,,client-1-3,Insert,-8653177,200,24991
client,client_request,completed,1777553836232267,1,,,1777553836207657,1777553836232267,1777553836207657,1777553836232267,,,,client-1-3,Insert,7572635,200,24610
client,client_request,completed,1777553836257233,1,,,1777553836232379,1777553836257233,1777553836232379,1777553836257233,,,,client-1-3,Insert,-10422383,200,24854
client,client_request,completed,1777553836282185,1,,,1777553836257339,1777553836282185,1777553836257339,1777553836282185,,,,client-1-3,Insert,15535011,200,24846
client,client_request,completed,1777553836308531,1,,,1777553836282297,1777553836308531,1777553836282297,1777553836308531,,,,client-1-3,Remove,-3163692,200,26234
client,client_request,completed,1777553836333549,1,,,1777553836308893,1777553836333549,1777553836308893,1777553836333549,,,,client-1-3,Remove,-7781003,200,24656
client,client_request,completed,1777553836358729,1,,,1777553836333901,1777553836358729,1777553836333901,1777553836358729,,,,client-1-3,Insert,-15170540,200,24828
client,client_request,completed,1777553836385601,1,,,1777553836358943,1777553836385601,1777553836358943,1777553836385601,,,,client-1-3,Insert,-5227869,200,26658
client,client_request,completed,1777553836412212,1,,,1777553836385804,1777553836412212,1777553836385804,1777553836412212,,,,client-1-3,Remove,4741278,200,26408
client,client_request,completed,1777553836438253,1,,,1777553836412326,1777553836438253,1777553836412326,1777553836438253,,,,client-1-3,Remove,4811502,200,25927
client,client_request,completed,1777553836463167,1,,,1777553836438465,1777553836463167,1777553836438465,1777553836463167,,,,client-1-3,Insert,-12269783,200,24702
client,client_request,completed,1777553836488196,1,,,1777553836463519,1777553836488196,1777553836463519,1777553836488196,,,,client-1-3,Insert,-12717922,200,24677
client,client_request,completed,1777553836512979,1,,,1777553836488314,1777553836512979,1777553836488314,1777553836512979,,,,client-1-3,Insert,-12409131,200,24665
client,client_request,completed,1777553836538261,1,,,1777553836513102,1777553836538261,1777553836513102,1777553836538261,,,,client-1-3,Insert,1548361,200,25159
client,client_request,completed,1777553836628025,1,,,1777553836538367,1777553836628025,1777553836538367,1777553836628025,,,,client-1-3,Remove,-7186918,200,89658
client,client_request,completed,1777553836652740,1,,,1777553836628133,1777553836652740,1777553836628133,1777553836652740,,,,client-1-3,Insert,-3045843,200,24607
client,client_request,completed,1777553836677261,1,,,1777553836652846,1777553836677261,1777553836652846,1777553836677261,,,,client-1-3,Insert,-11428564,200,24415
client,client_request,completed,1777553836703388,1,,,1777553836677366,1777553836703388,1777553836677366,1777553836703388,,,,client-1-3,Remove,-4562221,200,26022
client,client_request,completed,1777553836728091,1,,,1777553836703491,1777553836728091,1777553836703491,1777553836728091,,,,client-1-3,Insert,10717550,200,24600
client,client_request,completed,1777553836752867,1,,,1777553836728223,1777553836752867,1777553836728223,1777553836752867,,,,client-1-3,Insert,11732453,200,24644
client,client_request,completed,1777553836778013,1,,,1777553836752974,1777553836778013,1777553836752974,1777553836778013,,,,client-1-3,Remove,-11260930,200,25039
client,client_request,completed,1777553836802800,1,,,1777553836778116,1777553836802800,1777553836778116,1777553836802800,,,,client-1-3,Remove,-441251,200,24684
client,client_request,completed,1777553836827984,1,,,1777553836802906,1777553836827984,1777553836802906,1777553836827984,,,,client-1-3,Insert,15246756,200,25078
client,client_request,completed,1777553836853347,1,,,1777553836828080,1777553836853347,1777553836828080,1777553836853347,,,,client-1-3,Insert,3096250,200,25267
client,client_request,completed,1777553836878842,1,,,1777553836853453,1777553836878842,1777553836853453,1777553836878842,,,,client-1-3,Remove,16445339,200,25389
client,client_request,completed,1777553836903734,1,,,1777553836878945,1777553836903734,1777553836878945,1777553836903734,,,,client-1-3,Insert,11975414,200,24789
client,client_request,completed,1777553836947553,1,,,1777553836903842,1777553836947553,1777553836903842,1777553836947553,,,,client-1-3,Remove,-950,200,43711
client,client_request,completed,1777553836972226,1,,,1777553836947601,1777553836972226,1777553836947601,1777553836972226,,,,client-1-3,Remove,15944177,200,24625
client,client_request,completed,1777553836997014,1,,,1777553836972304,1777553836997014,1777553836972304,1777553836997014,,,,client-1-3,Insert,-13037377,200,24710
client,client_request,completed,1777553837021730,1,,,1777553836997118,1777553837021730,1777553836997118,1777553837021730,,,,client-1-3,Remove,-6888207,200,24612
client,client_request,completed,1777553837046403,1,,,1777553837021867,1777553837046403,1777553837021867,1777553837046403,,,,client-1-3,Insert,-10317959,200,24536
client,client_request,completed,1777553837071122,1,,,1777553837046512,1777553837071122,1777553837046512,1777553837071122,,,,client-1-3,Remove,1161886,200,24610
client,client_request,completed,1777553837095525,1,,,1777553837071226,1777553837095525,1777553837071226,1777553837095525,,,,client-1-3,Remove,14451144,200,24299
client,client_request,completed,1777553837120518,1,,,1777553837095641,1777553837120518,1777553837095641,1777553837120518,,,,client-1-3,Insert,-2789847,200,24877
client,client_request,completed,1777553837144611,1,,,1777553837120729,1777553837144611,1777553837120729,1777553837144611,,,,client-1-3,Insert,11715610,200,23882
client,client_request,completed,1777553837169152,1,,,1777553837144715,1777553837169152,1777553837144715,1777553837169152,,,,client-1-3,Remove,13647061,200,24437
client,client_request,completed,1777553837193279,1,,,1777553837169280,1777553837193279,1777553837169280,1777553837193279,,,,client-1-3,Remove,6145482,200,23999
client,client_request,completed,1777553837218032,1,,,1777553837193381,1777553837218032,1777553837193381,1777553837218032,,,,client-1-3,Remove,-184569,200,24651
client,client_request,completed,1777553837242988,1,,,1777553837218155,1777553837242988,1777553837218155,1777553837242988,,,,client-1-3,Remove,16221614,200,24833
client,client_request,completed,1777553837267913,1,,,1777553837243090,1777553837267913,1777553837243090,1777553837267913,,,,client-1-3,Remove,-977265,200,24823
client,client_request,completed,1777553837292072,1,,,1777553837268233,1777553837292072,1777553837268233,1777553837292072,,,,client-1-3,Insert,5917345,200,23839
client,client_request,completed,1777553837316746,1,,,1777553837292209,1777553837316746,1777553837292209,1777553837316746,,,,client-1-3,Remove,3230015,200,24537
client,client_request,completed,1777553837341872,1,,,1777553837316831,1777553837341872,1777553837316831,1777553837341872,,,,client-1-3,Remove,15324495,200,25041
client,client_request,completed,1777553837366922,1,,,1777553837342229,1777553837366922,1777553837342229,1777553837366922,,,,client-1-3,Insert,-5377900,200,24693
client,client_request,completed,1777553837391723,1,,,1777553837367028,1777553837391723,1777553837367028,1777553837391723,,,,client-1-3,Insert,-9377287,200,24695
client,client_request,completed,1777553837417206,1,,,1777553837391829,1777553837417206,1777553837391829,1777553837417206,,,,client-1-3,Remove,14859375,200,25377
client,client_request,completed,1777553837442645,1,,,1777553837417311,1777553837442645,1777553837417311,1777553837442645,,,,client-1-3,Remove,-8064923,200,25334
client,client_request,completed,1777553837467882,1,,,1777553837442774,1777553837467882,1777553837442774,1777553837467882,,,,client-1-3,Insert,-2504248,200,25108
client,client_request,completed,1777553837492993,1,,,1777553837468251,1777553837492993,1777553837468251,1777553837492993,,,,client-1-3,Insert,13515038,200,24742
client,client_request,completed,1777553837518035,1,,,1777553837493205,1777553837518035,1777553837493205,1777553837518035,,,,client-1-3,Remove,-2361430,200,24830
client,client_request,completed,1777553837542961,1,,,1777553837518138,1777553837542961,1777553837518138,1777553837542961,,,,client-1-3,Insert,3711869,200,24823
client,client_request,completed,1777553837631499,1,,,1777553837543064,1777553837631499,1777553837543064,1777553837631499,,,,client-1-3,Insert,409969,200,88435
client,client_request,completed,1777553837656062,1,,,1777553837631606,1777553837656062,1777553837631606,1777553837656062,,,,client-1-3,Remove,-2239176,200,24456
client,client_request,completed,1777553837680690,1,,,1777553837656166,1777553837680690,1777553837656166,1777553837680690,,,,client-1-3,Remove,-14182448,200,24524
client,client_request,completed,1777553837705373,1,,,1777553837680794,1777553837705373,1777553837680794,1777553837705373,,,,client-1-3,Insert,-16142780,200,24579
client,client_request,completed,1777553837730309,1,,,1777553837705477,1777553837730309,1777553837705477,1777553837730309,,,,client-1-3,Remove,-4413566,200,24832
client,client_request,completed,1777553837755338,1,,,1777553837730414,1777553837755338,1777553837730414,1777553837755338,,,,client-1-3,Insert,8247546,200,24924
client,client_request,completed,1777553837783169,1,,,1777553837755543,1777553837783169,1777553837755543,1777553837783169,,,,client-1-3,Remove,1728603,200,27626
client,client_request,completed,1777553837810399,1,,,1777553837783270,1777553837810399,1777553837783270,1777553837810399,,,,client-1-3,Remove,11874131,200,27129
client,client_request,completed,1777553837835667,1,,,1777553837810498,1777553837835667,1777553837810498,1777553837835667,,,,client-1-3,Insert,-3594266,200,25169
client,client_request,completed,1777553837861216,1,,,1777553837835805,1777553837861216,1777553837835805,1777553837861216,,,,client-1-3,Insert,7750370,200,25411
client,client_request,completed,1777553837886109,1,,,1777553837861439,1777553837886109,1777553837861439,1777553837886109,,,,client-1-3,Remove,-15889491,200,24670
client,client_request,completed,1777553837911610,1,,,1777553837886215,1777553837911610,1777553837886215,1777553837911610,,,,client-1-3,Insert,4589487,200,25395
client,client_request,completed,1777553837937111,1,,,1777553837911714,1777553837937111,1777553837911714,1777553837937111,,,,client-1-3,Remove,10336629,200,25397
client,client_request,completed,1777553837962660,1,,,1777553837937238,1777553837962660,1777553837937238,1777553837962660,,,,client-1-3,Insert,-12392236,200,25422
client,client_request,completed,1777553837988142,1,,,1777553837962765,1777553837988142,1777553837962765,1777553837988142,,,,client-1-3,Insert,16639964,200,25377
client,client_request,completed,1777553838013984,1,,,1777553837988274,1777553838013984,1777553837988274,1777553838013984,,,,client-1-3,Insert,9090267,200,25710
client,client_request,completed,1777553838039702,1,,,1777553838014090,1777553838039702,1777553838014090,1777553838039702,,,,client-1-3,Remove,-2734119,200,25612
client,client_request,completed,1777553838065487,1,,,1777553838039808,1777553838065487,1777553838039808,1777553838065487,,,,client-1-3,Remove,11546053,200,25679
client,client_request,completed,1777553838091049,1,,,1777553838065593,1777553838091049,1777553838065593,1777553838091049,,,,client-1-3,Remove,-4131131,200,25456
client,client_request,completed,1777553838116578,1,,,1777553838091188,1777553838116578,1777553838091188,1777553838116578,,,,client-1-3,Insert,-12565322,200,25390
client,client_request,completed,1777553838142340,1,,,1777553838116935,1777553838142340,1777553838116935,1777553838142340,,,,client-1-3,Insert,12973850,200,25405
client,client_request,completed,1777553838168053,1,,,1777553838142550,1777553838168053,1777553838142550,1777553838168053,,,,client-1-3,Remove,-7251776,200,25503
client,client_request,completed,1777553838193987,1,,,1777553838168156,1777553838193987,1777553838168156,1777553838193987,,,,client-1-3,Remove,10054475,200,25831
client,client_request,completed,1777553838219232,1,,,1777553838194090,1777553838219232,1777553838194090,1777553838219232,,,,client-1-3,Insert,10355605,200,25142
client,client_request,completed,1777553838244821,1,,,1777553838219343,1777553838244821,1777553838219343,1777553838244821,,,,client-1-3,Remove,-11634861,200,25478
client,client_request,completed,1777553838270004,1,,,1777553838245034,1777553838270004,1777553838245034,1777553838270004,,,,client-1-3,Remove,889465,200,24970
client,client_request,completed,1777553838294958,1,,,1777553838270107,1777553838294958,1777553838270107,1777553838294958,,,,client-1-3,Remove,11804349,200,24851
client,client_request,completed,1777553838320170,1,,,1777553838295088,1777553838320170,1777553838295088,1777553838320170,,,,client-1-3,Remove,-121192,200,25082
client,client_request,completed,1777553838344932,1,,,1777553838320405,1777553838344932,1777553838320405,1777553838344932,,,,client-1-3,Remove,11877390,200,24527
client,client_request,completed,1777553838370619,1,,,1777553838345036,1777553838370619,1777553838345036,1777553838370619,,,,client-1-3,Insert,3215669,200,25583
client,client_request,completed,1777553838396081,1,,,1777553838370723,1777553838396081,1777553838370723,1777553838396081,,,,client-1-3,Remove,-3841236,200,25358
client,client_request,completed,1777553838421778,1,,,1777553838396263,1777553838421778,1777553838396263,1777553838421778,,,,client-1-3,Remove,-6291602,200,25515
client,client_request,completed,1777553838447391,1,,,1777553838421957,1777553838447391,1777553838421957,1777553838447391,,,,client-1-3,Insert,-11766739,200,25434
client,client_request,completed,1777553838472588,1,,,1777553838447495,1777553838472588,1777553838447495,1777553838472588,,,,client-1-3,Insert,9077793,200,25093
client,client_request,completed,1777553838498041,1,,,1777553838472693,1777553838498041,1777553838472693,1777553838498041,,,,client-1-3,Insert,-4849081,200,25348
client,client_request,completed,1777553838523474,1,,,1777553838498147,1777553838523474,1777553838498147,1777553838523474,,,,client-1-3,Insert,6139210,200,25327
client,client_request,completed,1777553838610846,1,,,1777553838523826,1777553838610846,1777553838523826,1777553838610846,,,,client-1-3,Remove,13853034,200,87020
client,client_request,completed,1777553838637996,1,,,1777553838610951,1777553838637996,1777553838610951,1777553838637996,,,,client-1-3,Insert,12894423,200,27045
client,client_request,completed,1777553838663261,1,,,1777553838638119,1777553838663261,1777553838638119,1777553838663261,,,,client-1-3,Insert,-8925800,200,25142
client,client_request,completed,1777553838688740,1,,,1777553838663369,1777553838688740,1777553838663369,1777553838688740,,,,client-1-3,Insert,12898824,200,25371
client,client_request,completed,1777553838714406,1,,,1777553838688870,1777553838714406,1777553838688870,1777553838714406,,,,client-1-3,Remove,7891863,200,25536
client,client_request,completed,1777553838739387,1,,,1777553838714766,1777553838739387,1777553838714766,1777553838739387,,,,client-1-3,Insert,-11873780,200,24621
client,client_request,completed,1777553838764778,1,,,1777553838739491,1777553838764778,1777553838739491,1777553838764778,,,,client-1-3,Insert,14042103,200,25287
client,client_request,completed,1777553838790305,1,,,1777553838764884,1777553838790305,1777553838764884,1777553838790305,,,,client-1-3,Remove,13625081,200,25421
client,client_request,completed,1777553838816295,1,,,1777553838790402,1777553838816295,1777553838790402,1777553838816295,,,,client-1-3,Remove,16264982,200,25893
client,client_request,completed,1777553838842475,1,,,1777553838816394,1777553838842475,1777553838816394,1777553838842475,,,,client-1-3,Remove,-517144,200,26081
client,client_request,completed,1777553838867988,1,,,1777553838842578,1777553838867988,1777553838842578,1777553838867988,,,,client-1-3,Remove,-8743072,200,25410
client,client_request,completed,1777553838893667,1,,,1777553838868093,1777553838893667,1777553838868093,1777553838893667,,,,client-1-3,Remove,5438181,200,25574
client,client_request,completed,1777553838923709,1,,,1777553838893788,1777553838923709,1777553838893788,1777553838923709,,,,client-1-3,Insert,13073402,200,29921
client,client_request,completed,1777553838951500,1,,,1777553838923816,1777553838951500,1777553838923816,1777553838951500,,,,client-1-3,Remove,-5896241,200,27684
client,client_request,completed,1777553838980783,1,,,1777553838951642,1777553838980783,1777553838951642,1777553838980783,,,,client-1-3,Remove,2265103,200,29141
client,client_request,completed,1777553839008821,1,,,1777553838981149,1777553839008821,1777553838981149,1777553839008821,,,,client-1-3,Insert,-862232,200,27672
client,client_request,completed,1777553839035833,1,,,1777553839008925,1777553839035833,1777553839008925,1777553839035833,,,,client-1-3,Remove,-1824434,200,26908
client,client_request,completed,1777553839062017,1,,,1777553839035938,1777553839062017,1777553839035938,1777553839062017,,,,client-1-3,Insert,-9394824,200,26079
client,client_request,completed,1777553839091509,1,,,1777553839062122,1777553839091509,1777553839062122,1777553839091509,,,,client-1-3,Remove,9644429,200,29387
client,client_request,completed,1777553839118808,1,,,1777553839091585,1777553839118808,1777553839091585,1777553839118808,,,,client-1-3,Insert,11021897,200,27223
client,client_request,completed,1777553839144753,1,,,1777553839118944,1777553839144753,1777553839118944,1777553839144753,,,,client-1-3,Insert,1543390,200,25809
client,client_request,completed,1777553839170580,1,,,1777553839144857,1777553839170580,1777553839144857,1777553839170580,,,,client-1-3,Remove,3709966,200,25723
client,client_request,completed,1777553839196614,1,,,1777553839170684,1777553839196614,1777553839170684,1777553839196614,,,,client-1-3,Insert,-1453479,200,25930
client,client_request,completed,1777553839222688,1,,,1777553839196719,1777553839222688,1777553839196719,1777553839222688,,,,client-1-3,Remove,13511627,200,25969
client,client_request,completed,1777553839254688,1,,,1777553839222894,1777553839254688,1777553839222894,1777553839254688,,,,client-1-3,Insert,15823911,200,31794
client,client_request,completed,1777553839274974,1,,,1777553839255824,1777553839274974,1777553839255824,1777553839274974,,,,client-1-3,Insert,-757579,200,19150
client,client_request,completed,1777553839300923,1,,,1777553839275274,1777553839300923,1777553839275274,1777553839300923,,,,client-1-3,Remove,-12198482,200,25649
client,client_request,completed,1777553839326945,1,,,1777553839301058,1777553839326945,1777553839301058,1777553839326945,,,,client-1-3,Remove,-8306916,200,25887
client,client_request,completed,1777553839352611,1,,,1777553839327071,1777553839352611,1777553839327071,1777553839352611,,,,client-1-3,Remove,3552129,200,25540
client,client_request,completed,1777553839378260,1,,,1777553839352740,1777553839378260,1777553839352740,1777553839378260,,,,client-1-3,Remove,12087872,200,25520
client,client_request,completed,1777553839403668,1,,,1777553839378387,1777553839403668,1777553839378387,1777553839403668,,,,client-1-3,Remove,5268913,200,25281
client,client_request,completed,1777553839430610,1,,,1777553839404026,1777553839430610,1777553839404026,1777553839430610,,,,client-1-3,Remove,5695800,200,26584
client,client_request,completed,1777553839457134,1,,,1777553839430721,1777553839457134,1777553839430721,1777553839457134,,,,client-1-3,Remove,2553357,200,26413
client,client_request,completed,1777553839482975,1,,,1777553839457230,1777553839482975,1777553839457230,1777553839482975,,,,client-1-3,Remove,5363816,200,25745
client,client_request,completed,1777553839508429,1,,,1777553839483077,1777553839508429,1777553839483077,1777553839508429,,,,client-1-3,Remove,-16354057,200,25352
client,client_request,completed,1777553839534037,1,,,1777553839508531,1777553839534037,1777553839508531,1777553839534037,,,,client-1-3,Remove,8959607,200,25506
client,client_request,completed,1777553839624694,1,,,1777553839534138,1777553839624694,1777553839534138,1777553839624694,,,,client-1-3,Remove,4680909,200,90556
client,client_request,completed,1777553839650113,1,,,1777553839624900,1777553839650113,1777553839624900,1777553839650113,,,,client-1-3,Insert,-3451081,200,25213
client,client_request,completed,1777553839675666,1,,,1777553839650216,1777553839675666,1777553839650216,1777553839675666,,,,client-1-3,Insert,-6306794,200,25450
client,client_request,completed,1777553839700860,1,,,1777553839675760,1777553839700860,1777553839675760,1777553839700860,,,,client-1-3,Remove,4622892,200,25100
client,client_request,completed,1777553839726832,1,,,1777553839700961,1777553839726832,1777553839700961,1777553839726832,,,,client-1-3,Remove,-14474119,200,25871
client,client_request,completed,1777553839752706,1,,,1777553839727188,1777553839752706,1777553839727188,1777553839752706,,,,client-1-3,Insert,-6141352,200,25518
client,client_request,completed,1777553839778312,1,,,1777553839753069,1777553839778312,1777553839753069,1777553839778312,,,,client-1-3,Remove,13386981,200,25243
client,client_request,completed,1777553839804578,1,,,1777553839778403,1777553839804578,1777553839778403,1777553839804578,,,,client-1-3,Remove,-10178989,200,26175
client,client_request,completed,1777553839830561,1,,,1777553839804677,1777553839830561,1777553839804677,1777553839830561,,,,client-1-3,Remove,-6952921,200,25884
client,client_request,completed,1777553839856384,1,,,1777553839830940,1777553839856384,1777553839830940,1777553839856384,,,,client-1-3,Insert,979394,200,25444
client,client_request,completed,1777553839882505,1,,,1777553839856749,1777553839882505,1777553839856749,1777553839882505,,,,client-1-3,Remove,-3217437,200,25756
client,client_request,completed,1777553839907969,1,,,1777553839882715,1777553839907969,1777553839882715,1777553839907969,,,,client-1-3,Remove,15627125,200,25254
client,client_request,completed,1777553839934034,1,,,1777553839908104,1777553839934034,1777553839908104,1777553839934034,,,,client-1-3,Remove,-7141401,200,25930
client,client_request,completed,1777553839960837,1,,,1777553839934137,1777553839960837,1777553839934137,1777553839960837,,,,client-1-3,Insert,4911136,200,26700
client,client_request,completed,1777553839990833,1,,,1777553839960939,1777553839990833,1777553839960939,1777553839990833,,,,client-1-3,Insert,1861204,200,29894
client,client_request,completed,1777553840018424,1,,,1777553839990930,1777553840018424,1777553839990930,1777553840018424,,,,client-1-3,Insert,-2160141,200,27494
client,client_request,completed,1777553840045194,1,,,1777553840018529,1777553840045194,1777553840018529,1777553840045194,,,,client-1-3,Remove,-16328659,200,26665
client,client_request,completed,1777553840073438,1,,,1777553840045317,1777553840073438,1777553840045317,1777553840073438,,,,client-1-3,Insert,11711609,200,28121
client,client_request,completed,1777553840100664,1,,,1777553840073540,1777553840100664,1777553840073540,1777553840100664,,,,client-1-3,Insert,-10315996,200,27124
client,client_request,completed,1777553840127405,1,,,1777553840100864,1777553840127405,1777553840100864,1777553840127405,,,,client-1-3,Insert,11584938,200,26541
client,client_request,completed,1777553840153335,1,,,1777553840127614,1777553840153335,1777553840127614,1777553840153335,,,,client-1-3,Remove,13314781,200,25721
client,client_request,completed,1777553840181600,1,,,1777553840153431,1777553840181600,1777553840153431,1777553840181600,,,,client-1-3,Insert,-7347710,200,28169
client,client_request,completed,1777553840209389,1,,,1777553840181694,1777553840209389,1777553840181694,1777553840209389,,,,client-1-3,Insert,-10221141,200,27695
client,client_request,completed,1777553840235552,1,,,1777553840209590,1777553840235552,1777553840209590,1777553840235552,,,,client-1-3,Remove,-10919951,200,25962
client,client_request,completed,1777553840262060,1,,,1777553840235654,1777553840262060,1777553840235654,1777553840262060,,,,client-1-3,Insert,-13784656,200,26406
client,client_request,completed,1777553840290005,1,,,1777553840262187,1777553840290005,1777553840262187,1777553840290005,,,,client-1-3,Insert,-5643428,200,27818
client,client_request,completed,1777553840316112,1,,,1777553840290107,1777553840316112,1777553840290107,1777553840316112,,,,client-1-3,Remove,-13718751,200,26005
client,client_request,completed,1777553840342687,1,,,1777553840316231,1777553840342687,1777553840316231,1777553840342687,,,,client-1-3,Insert,222860,200,26456
client,client_request,completed,1777553840370707,1,,,1777553840342790,1777553840370707,1777553840342790,1777553840370707,,,,client-1-3,Insert,1758869,200,27917
client,client_request,completed,1777553840397508,1,,,1777553840370810,1777553840397508,1777553840370810,1777553840397508,,,,client-1-3,Remove,9813552,200,26698
client,client_request,completed,1777553840425955,1,,,1777553840397612,1777553840425955,1777553840397612,1777553840425955,,,,client-1-3,Insert,-14799299,200,28343
client,client_request,completed,1777553840453289,1,,,1777553840426060,1777553840453289,1777553840426060,1777553840453289,,,,client-1-3,Insert,-16492718,200,27229
client,client_request,completed,1777553840480896,1,,,1777553840453389,1777553840480896,1777553840453389,1777553840480896,,,,client-1-3,Insert,-6381549,200,27507
client,client_request,completed,1777553840508009,1,,,1777553840480990,1777553840508009,1777553840480990,1777553840508009,,,,client-1-3,Remove,14440641,200,27019
client,client_request,completed,1777553840535385,1,,,1777553840508103,1777553840535385,1777553840508103,1777553840535385,,,,client-1-3,Remove,15372121,200,27282
client,client_request,completed,1777553840627764,1,,,1777553840535488,1777553840627764,1777553840535488,1777553840627764,,,,client-1-3,Remove,315792,200,92276
client,client_request,completed,1777553840655717,1,,,1777553840627862,1777553840655717,1777553840627862,1777553840655717,,,,client-1-3,Remove,12778509,200,27855
client,client_request,completed,1777553840682680,1,,,1777553840655823,1777553840682680,1777553840655823,1777553840682680,,,,client-1-3,Insert,4219149,200,26857
client,client_request,completed,1777553840710750,1,,,1777553840682783,1777553840710750,1777553840682783,1777553840710750,,,,client-1-3,Insert,-14626363,200,27967
client,client_request,completed,1777553840738867,1,,,1777553840710854,1777553840738867,1777553840710854,1777553840738867,,,,client-1-3,Insert,-9136132,200,28013
client,client_request,completed,1777553840765847,1,,,1777553840739072,1777553840765847,1777553840739072,1777553840765847,,,,client-1-3,Remove,-9640922,200,26775
client,client_request,completed,1777553840794220,1,,,1777553840765961,1777553840794220,1777553840765961,1777553840794220,,,,client-1-3,Remove,15221708,200,28259
client,client_request,completed,1777553840822119,1,,,1777553840794331,1777553840822119,1777553840794331,1777553840822119,,,,client-1-3,Insert,9038086,200,27788
client,client_request,completed,1777553840850964,1,,,1777553840822220,1777553840850964,1777553840822220,1777553840850964,,,,client-1-3,Insert,5483029,200,28744
client,client_request,completed,1777553840878286,1,,,1777553840851067,1777553840878286,1777553840851067,1777553840878286,,,,client-1-3,Remove,10097641,200,27219
client,client_request,completed,1777553840907295,1,,,1777553840878504,1777553840907295,1777553840878504,1777553840907295,,,,client-1-3,Remove,-7402607,200,28791
client,client_request,completed,1777553840934390,1,,,1777553840907411,1777553840934390,1777553840907411,1777553840934390,,,,client-1-3,Remove,-4019988,200,26979
client,client_request,completed,1777553840963290,1,,,1777553840934493,1777553840963290,1777553840934493,1777553840963290,,,,client-1-3,Insert,15241564,200,28797
client,client_request,completed,1777553840991265,1,,,1777553840963395,1777553840991265,1777553840963395,1777553840991265,,,,client-1-3,Remove,11254541,200,27870
client,client_request,completed,1777553841018407,1,,,1777553840991622,1777553841018407,1777553840991622,1777553841018407,,,,client-1-3,Insert,4982012,200,26785
client,client_request,completed,1777553841047600,1,,,1777553841018511,1777553841047600,1777553841018511,1777553841047600,,,,client-1-3,Remove,9617870,200,29089
client,client_request,completed,1777553841075638,1,,,1777553841047693,1777553841075638,1777553841047693,1777553841075638,,,,client-1-3,Insert,8719790,200,27945
client,client_request,completed,1777553841102890,1,,,1777553841075741,1777553841102890,1777553841075741,1777553841102890,,,,client-1-3,Insert,4521309,200,27149
client,client_request,completed,1777553841131031,1,,,1777553841102992,1777553841131031,1777553841102992,1777553841131031,,,,client-1-3,Insert,5728737,200,28039
client,client_request,completed,1777553841159311,1,,,1777553841131134,1777553841159311,1777553841131134,1777553841159311,,,,client-1-3,Insert,7376532,200,28177
client,client_request,completed,1777553841186830,1,,,1777553841159418,1777553841186830,1777553841159418,1777553841186830,,,,client-1-3,Insert,14391309,200,27412
client,client_request,completed,1777553841215531,1,,,1777553841187037,1777553841215531,1777553841187037,1777553841215531,,,,client-1-3,Insert,-13304016,200,28494
client,client_request,completed,1777553841243143,1,,,1777553841215637,1777553841243143,1777553841215637,1777553841243143,,,,client-1-3,Remove,-7172896,200,27506
client,client_request,completed,1777553841270905,1,,,1777553841243245,1777553841270905,1777553841243245,1777553841270905,,,,client-1-3,Remove,-8585008,200,27660
client,client_request,completed,1777553841298572,1,,,1777553841271259,1777553841298572,1777553841271259,1777553841298572,,,,client-1-3,Remove,2133403,200,27313
client,client_request,completed,1777553841327207,1,,,1777553841298677,1777553841327207,1777553841298677,1777553841327207,,,,client-1-3,Remove,-7899164,200,28530
client,client_request,completed,1777553841356896,1,,,1777553841327337,1777553841356896,1777553841327337,1777553841356896,,,,client-1-3,Insert,3825802,200,29559
client,client_request,completed,1777553841384487,1,,,1777553841357000,1777553841384487,1777553841357000,1777553841384487,,,,client-1-3,Insert,5145002,200,27487
client,client_request,completed,1777553841413141,1,,,1777553841384852,1777553841413141,1777553841384852,1777553841413141,,,,client-1-3,Insert,9348782,200,28289
client,client_request,completed,1777553841443769,1,,,1777553841413495,1777553841443769,1777553841413495,1777553841443769,,,,client-1-3,Remove,-9130131,200,30274
client,client_request,completed,1777553841471972,1,,,1777553841443876,1777553841471972,1777553841443876,1777553841471972,,,,client-1-3,Insert,1474758,200,28096
client,client_request,completed,1777553841499493,1,,,1777553841472083,1777553841499493,1777553841472083,1777553841499493,,,,client-1-3,Remove,-14606921,200,27410
client,client_request,completed,1777553841527327,1,,,1777553841499616,1777553841527327,1777553841499616,1777553841527327,,,,client-1-3,Remove,1077217,200,27711
client,client_request,completed,1777553841619573,1,,,1777553841527430,1777553841619573,1777553841527430,1777553841619573,,,,client-1-3,Remove,15977137,200,92143
client,client_request,completed,1777553841646715,1,,,1777553841619785,1777553841646715,1777553841619785,1777553841646715,,,,client-1-3,Insert,8626807,200,26930
client,client_request,completed,1777553841675844,1,,,1777553841646818,1777553841675844,1777553841646818,1777553841675844,,,,client-1-3,Insert,15927783,200,29026
client,client_request,completed,1777553841703190,1,,,1777553841675948,1777553841703190,1777553841675948,1777553841703190,,,,client-1-3,Remove,10545989,200,27242
client,client_request,completed,1777553841731512,1,,,1777553841703287,1777553841731512,1777553841703287,1777553841731512,,,,client-1-3,Remove,-7908009,200,28225
client,client_request,completed,1777553841758744,1,,,1777553841731616,1777553841758744,1777553841731616,1777553841758744,,,,client-1-3,Insert,-3288188,200,27128
client,client_request,completed,1777553841786114,1,,,1777553841758846,1777553841786114,1777553841758846,1777553841786114,,,,client-1-3,Insert,2932916,200,27268
client,client_request,completed,1777553841814891,1,,,1777553841786214,1777553841814891,1777553841786214,1777553841814891,,,,client-1-3,Insert,-1435224,200,28677
client,client_request,completed,1777553841843056,1,,,1777553841814984,1777553841843056,1777553841814984,1777553841843056,,,,client-1-3,Insert,56898,200,28072
client,client_request,completed,1777553841870373,1,,,1777553841843167,1777553841870373,1777553841843167,1777553841870373,,,,client-1-3,Remove,-3049106,200,27206
client,client_request,completed,1777553841897132,1,,,1777553841870477,1777553841897132,1777553841870477,1777553841897132,,,,client-1-3,Remove,-7031773,200,26655
client,client_request,completed,1777553841926339,1,,,1777553841897234,1777553841926339,1777553841897234,1777553841926339,,,,client-1-3,Insert,1519518,200,29105
client,client_request,completed,1777553841953957,1,,,1777553841926446,1777553841953957,1777553841926446,1777553841953957,,,,client-1-3,Insert,12088,200,27511
client,client_request,completed,1777553841981216,1,,,1777553841954060,1777553841981216,1777553841954060,1777553841981216,,,,client-1-3,Remove,-10062627,200,27156
client,client_request,completed,1777553842010464,1,,,1777553841981317,1777553842010464,1777553841981317,1777553842010464,,,,client-1-3,Remove,-4805140,200,29147
client,client_request,completed,1777553842038548,1,,,1777553842010809,1777553842038548,1777553842010809,1777553842038548,,,,client-1-3,Insert,340472,200,27739
client,client_request,completed,1777553842066883,1,,,1777553842038648,1777553842066883,1777553842038648,1777553842066883,,,,client-1-3,Remove,-5453847,200,28235
client,client_request,completed,1777553842094514,1,,,1777553842067250,1777553842094514,1777553842067250,1777553842094514,,,,client-1-3,Insert,10895713,200,27264
client,client_request,completed,1777553842122092,1,,,1777553842094619,1777553842122092,1777553842094619,1777553842122092,,,,client-1-3,Insert,2094842,200,27473
client,client_request,completed,1777553842149317,1,,,1777553842122196,1777553842149317,1777553842122196,1777553842149317,,,,client-1-3,Remove,-8279478,200,27121
client,client_request,completed,1777553842176583,1,,,1777553842149412,1777553842176583,1777553842149412,1777553842176583,,,,client-1-3,Insert,6349700,200,27171
client,client_request,completed,1777553842204304,1,,,1777553842176790,1777553842204304,1777553842176790,1777553842204304,,,,client-1-3,Insert,-5068946,200,27514
client,client_request,completed,1777553842231355,1,,,1777553842204439,1777553842231355,1777553842204439,1777553842231355,,,,client-1-3,Insert,3340310,200,26916
client,client_request,completed,1777553842258442,1,,,1777553842231460,1777553842258442,1777553842231460,1777553842258442,,,,client-1-3,Remove,7145892,200,26982
client,client_request,completed,1777553842286282,1,,,1777553842258546,1777553842286282,1777553842258546,1777553842286282,,,,client-1-3,Insert,16395870,200,27736
client,client_request,completed,1777553842313621,1,,,1777553842286404,1777553842313621,1777553842286404,1777553842313621,,,,client-1-3,Insert,-3997441,200,27217
client,client_request,completed,1777553842341449,1,,,1777553842313716,1777553842341449,1777553842313716,1777553842341449,,,,client-1-3,Remove,6759061,200,27733
client,client_request,completed,1777553842368597,1,,,1777553842341656,1777553842368597,1777553842341656,1777553842368597,,,,client-1-3,Insert,-8761332,200,26941
client,client_request,completed,1777553842395765,1,,,1777553842368692,1777553842395765,1777553842368692,1777553842395765,,,,client-1-3,Insert,8541474,200,27073
client,client_request,completed,1777553842423267,1,,,1777553842395870,1777553842423267,1777553842395870,1777553842423267,,,,client-1-3,Insert,-13319203,200,27397
client,client_request,completed,1777553842450656,1,,,1777553842423371,1777553842450656,1777553842423371,1777553842450656,,,,client-1-3,Insert,-9386817,200,27285
client,client_request,completed,1777553842478746,1,,,1777553842450759,1777553842478746,1777553842450759,1777553842478746,,,,client-1-3,Remove,-8563937,200,27987
client,client_request,completed,1777553842505936,1,,,1777553842478883,1777553842505936,1777553842478883,1777553842505936,,,,client-1-3,Insert,-15924057,200,27053
client,client_request,completed,1777553842533042,1,,,1777553842506041,1777553842533042,1777553842506041,1777553842533042,,,,client-1-3,Insert,-5711466,200,27001
client,client_request,completed,1777553842625920,1,,,1777553842533143,1777553842625920,1777553842533143,1777553842625920,,,,client-1-3,Insert,12630643,200,92777
client,client_request,completed,1777553842654689,1,,,1777553842626026,1777553842654689,1777553842626026,1777553842654689,,,,client-1-3,Remove,-5889543,200,28663
client,client_request,completed,1777553842681942,1,,,1777553842654793,1777553842681942,1777553842654793,1777553842681942,,,,client-1-3,Remove,-6590465,200,27149
client,client_request,completed,1777553842708699,1,,,1777553842682046,1777553842708699,1777553842682046,1777553842708699,,,,client-1-3,Remove,-11783077,200,26653
client,client_request,completed,1777553842735534,1,,,1777553842708800,1777553842735534,1777553842708800,1777553842735534,,,,client-1-3,Remove,-2974513,200,26734
client,client_request,completed,1777553842762102,1,,,1777553842735637,1777553842762102,1777553842735637,1777553842762102,,,,client-1-3,Remove,-1547045,200,26465
client,client_request,completed,1777553842788706,1,,,1777553842762203,1777553842788706,1777553842762203,1777553842788706,,,,client-1-3,Remove,4260202,200,26503
client,client_request,completed,1777553842816081,1,,,1777553842788805,1777553842816081,1777553842788805,1777553842816081,,,,client-1-3,Remove,-4710645,200,27276
client,client_request,completed,1777553842843324,1,,,1777553842816203,1777553842843324,1777553842816203,1777553842843324,,,,client-1-3,Insert,15827434,200,27121
client,client_request,completed,1777553842870330,1,,,1777553842843425,1777553842870330,1777553842843425,1777553842870330,,,,client-1-3,Insert,-8189765,200,26905
client,client_request,completed,1777553842896787,1,,,1777553842870430,1777553842896787,1777553842870430,1777553842896787,,,,client-1-3,Remove,10982554,200,26357
client,client_request,completed,1777553842924171,1,,,1777553842896889,1777553842924171,1777553842896889,1777553842924171,,,,client-1-3,Remove,10220553,200,27282
client,client_request,completed,1777553842953252,1,,,1777553842924298,1777553842953252,1777553842924298,1777553842953252,,,,client-1-3,Insert,-11151596,200,28954
client,client_request,completed,1777553842981956,1,,,1777553842953356,1777553842981956,1777553842953356,1777553842981956,,,,client-1-3,Insert,-9559392,200,28600
client,client_request,completed,1777553843012615,1,,,1777553842982060,1777553843012615,1777553842982060,1777553843012615,,,,client-1-3,Insert,3929449,200,30555
client,client_request,completed,1777553843045300,1,,,1777553843012745,1777553843045300,1777553843012745,1777553843045300,,,,client-1-3,Insert,-8443563,200,32555
client,client_request,completed,1777553843074089,1,,,1777553843045430,1777553843074089,1777553843045430,1777553843074089,,,,client-1-3,Remove,13555047,200,28659
client,client_request,completed,1777553843101593,1,,,1777553843074282,1777553843101593,1777553843074282,1777553843101593,,,,client-1-3,Remove,2464618,200,27311
client,client_request,completed,1777553843130107,1,,,1777553843101693,1777553843130107,1777553843101693,1777553843130107,,,,client-1-3,Insert,-2330591,200,28414
client,client_request,completed,1777553843157560,1,,,1777553843130476,1777553843157560,1777553843130476,1777553843157560,,,,client-1-3,Remove,-2829014,200,27084
client,client_request,completed,1777553843185260,1,,,1777553843157658,1777553843185260,1777553843157658,1777553843185260,,,,client-1-3,Remove,9092021,200,27602
client,client_request,completed,1777553843212386,1,,,1777553843185593,1777553843212386,1777553843185593,1777553843212386,,,,client-1-3,Remove,-15211694,200,26793
client,client_request,completed,1777553843240860,1,,,1777553843212486,1777553843240860,1777553843212486,1777553843240860,,,,client-1-3,Remove,-2447924,200,28374
client,client_request,completed,1777553843268476,1,,,1777553843240970,1777553843268476,1777553843240970,1777553843268476,,,,client-1-3,Insert,5347488,200,27506
client,client_request,completed,1777553843295805,1,,,1777553843268573,1777553843295805,1777553843268573,1777553843295805,,,,client-1-3,Remove,-9903831,200,27232
client,client_request,completed,1777553843323767,1,,,1777553843295909,1777553843323767,1777553843295909,1777553843323767,,,,client-1-3,Insert,-7482485,200,27858
client,client_request,completed,1777553843351034,1,,,1777553843323868,1777553843351034,1777553843323868,1777553843351034,,,,client-1-3,Remove,13582314,200,27166
client,client_request,completed,1777553843378885,1,,,1777553843351135,1777553843378885,1777553843351135,1777553843378885,,,,client-1-3,Insert,708981,200,27750
client,client_request,completed,1777553843406826,1,,,1777553843378983,1777553843406826,1777553843378983,1777553843406826,,,,client-1-3,Remove,9773055,200,27843
client,client_request,completed,1777553843434607,1,,,1777553843406926,1777553843434607,1777553843406926,1777553843434607,,,,client-1-3,Remove,-1868814,200,27681
client,client_request,completed,1777553843462536,1,,,1777553843434706,1777553843462536,1777553843434706,1777553843462536,,,,client-1-3,Insert,-3461316,200,27830
client,client_request,completed,1777553843490713,1,,,1777553843462633,1777553843490713,1777553843462633,1777553843490713,,,,client-1-3,Insert,-11034802,200,28080
client,client_request,completed,1777553843519151,1,,,1777553843490815,1777553843519151,1777553843490815,1777553843519151,,,,client-1-3,Insert,-13653068,200,28336
client,client_request,completed,1777553843603522,1,,,1777553843519491,1777553843603522,1777553843519491,1777553843603522,,,,client-1-3,Remove,-6521878,200,84031
client,client_request,completed,1777553843631997,1,,,1777553843603628,1777553843631997,1777553843603628,1777553843631997,,,,client-1-3,Insert,8601578,200,28369
client,client_request,completed,1777553843660044,1,,,1777553843632102,1777553843660044,1777553843632102,1777553843660044,,,,client-1-3,Insert,11570528,200,27942
client,client_request,completed,1777553843688085,1,,,1777553843660272,1777553843688085,1777553843660272,1777553843688085,,,,client-1-3,Insert,-16158479,200,27813
client,client_request,completed,1777553843716133,1,,,1777553843688217,1777553843716133,1777553843688217,1777553843716133,,,,client-1-3,Insert,6997635,200,27916
client,client_request,completed,1777553843743538,1,,,1777553843716255,1777553843743538,1777553843716255,1777553843743538,,,,client-1-3,Remove,4355830,200,27283
client,client_request,completed,1777553843770726,1,,,1777553843743641,1777553843770726,1777553843743641,1777553843770726,,,,client-1-3,Insert,-4707115,200,27085
client,client_request,completed,1777553843798129,1,,,1777553843770826,1777553843798129,1777553843770826,1777553843798129,,,,client-1-3,Remove,-5939659,200,27303
client,client_request,completed,1777553843825649,1,,,1777553843798247,1777553843825649,1777553843798247,1777553843825649,,,,client-1-3,Remove,7262767,200,27402
client,client_request,completed,1777553843853344,1,,,1777553843825748,1777553843853344,1777553843825748,1777553843853344,,,,client-1-3,Remove,12784358,200,27596
client,client_request,completed,1777553843880340,1,,,1777553843853445,1777553843880340,1777553843853445,1777553843880340,,,,client-1-3,Remove,14124183,200,26895
client,client_request,completed,1777553843906688,1,,,1777553843880447,1777553843906688,1777553843880447,1777553843906688,,,,client-1-3,Remove,-2237881,200,26241
client,client_request,completed,1777553843933186,1,,,1777553843906790,1777553843933186,1777553843906790,1777553843933186,,,,client-1-3,Insert,-7859954,200,26396
client,client_request,completed,1777553843959790,1,,,1777553843933289,1777553843959790,1777553843933289,1777553843959790,,,,client-1-3,Remove,12270974,200,26501
client,client_request,completed,1777553843987275,1,,,1777553843959893,1777553843987275,1777553843959893,1777553843987275,,,,client-1-3,Insert,-628654,200,27382
client,client_request,completed,1777553844014431,1,,,1777553843987379,1777553844014431,1777553843987379,1777553844014431,,,,client-1-3,Insert,15590157,200,27052
client,client_request,completed,1777553844041935,1,,,1777553844014536,1777553844041935,1777553844014536,1777553844041935,,,,client-1-3,Remove,6630988,200,27399
client,client_request,completed,1777553844068734,1,,,1777553844042037,1777553844068734,1777553844042037,1777553844068734,,,,client-1-3,Remove,8780574,200,26697
client,client_request,completed,1777553844095742,1,,,1777553844068837,1777553844095742,1777553844068837,1777553844095742,,,,client-1-3,Insert,5593113,200,26905
client,client_request,completed,1777553844123573,1,,,1777553844095846,1777553844123573,1777553844095846,1777553844123573,,,,client-1-3,Remove,-13299413,200,27727
client,client_request,completed,1777553844150936,1,,,1777553844123676,1777553844150936,1777553844123676,1777553844150936,,,,client-1-3,Insert,723405,200,27260
client,client_request,completed,1777553844178147,1,,,1777553844151040,1777553844178147,1777553844151040,1777553844178147,,,,client-1-3,Remove,-9348026,200,27107
client,client_request,completed,1777553844204668,1,,,1777553844178255,1777553844204668,1777553844178255,1777553844204668,,,,client-1-3,Remove,-5733744,200,26413
client,client_request,completed,1777553844232433,1,,,1777553844204769,1777553844232433,1777553844204769,1777553844232433,,,,client-1-3,Remove,14709774,200,27664
client,client_request,completed,1777553844260247,1,,,1777553844232547,1777553844260247,1777553844232547,1777553844260247,,,,client-1-3,Remove,-6942788,200,27700
client,client_request,completed,1777553844288262,1,,,1777553844260620,1777553844288262,1777553844260620,1777553844288262,,,,client-1-3,Remove,13170076,200,27642
client,client_request,completed,1777553844316070,1,,,1777553844288365,1777553844316070,1777553844288365,1777553844316070,,,,client-1-3,Remove,4206520,200,27705
client,client_request,completed,1777553844343437,1,,,1777553844316321,1777553844343437,1777553844316321,1777553844343437,,,,client-1-3,Remove,-1988346,200,27116
client,client_request,completed,1777553844370749,1,,,1777553844343563,1777553844370749,1777553844343563,1777553844370749,,,,client-1-3,Insert,-10230676,200,27186
client,client_request,completed,1777553844398150,1,,,1777553844370877,1777553844398150,1777553844370877,1777553844398150,,,,client-1-3,Remove,4884388,200,27273
client,client_request,completed,1777553844425781,1,,,1777553844398278,1777553844425781,1777553844398278,1777553844425781,,,,client-1-3,Insert,-15924930,200,27503
client,client_request,completed,1777553844453355,1,,,1777553844426146,1777553844453355,1777553844426146,1777553844453355,,,,client-1-3,Insert,9384016,200,27209
client,client_request,completed,1777553844480686,1,,,1777553844453480,1777553844480686,1777553844453480,1777553844480686,,,,client-1-3,Insert,-6354609,200,27206
client,client_request,completed,1777553844507832,1,,,1777553844480818,1777553844507832,1777553844480818,1777553844507832,,,,client-1-3,Remove,-12461040,200,27014
client,client_request,completed,1777553844535270,1,,,1777553844508209,1777553844535270,1777553844508209,1777553844535270,,,,client-1-3,Insert,222479,200,27061
client,client_request,completed,1777553844627792,1,,,1777553844535630,1777553844627792,1777553844535630,1777553844627792,,,,client-1-3,Insert,5398310,200,92162
client,client_request,completed,1777553844656299,1,,,1777553844627906,1777553844656299,1777553844627906,1777553844656299,,,,client-1-3,Remove,-1306617,200,28393
client,client_request,completed,1777553844684954,1,,,1777553844656402,1777553844684954,1777553844656402,1777553844684954,,,,client-1-3,Insert,6486954,200,28552
client,client_request,completed,1777553844712510,1,,,1777553844685087,1777553844712510,1777553844685087,1777553844712510,,,,client-1-3,Insert,11716831,200,27423
client,client_request,completed,1777553844740094,1,,,1777553844712875,1777553844740094,1777553844712875,1777553844740094,,,,client-1-3,Insert,7796590,200,27219
client,client_request,completed,1777553844767834,1,,,1777553844740463,1777553844767834,1777553844740463,1777553844767834,,,,client-1-3,Insert,-7271652,200,27371
client,client_request,completed,1777553844795603,1,,,1777553844768205,1777553844795603,1777553844768205,1777553844795603,,,,client-1-3,Remove,1132821,200,27398
client,client_request,completed,1777553844824294,1,,,1777553844795704,1777553844824294,1777553844795704,1777553844824294,,,,client-1-3,Insert,-2585194,200,28590
client,client_request,completed,1777553844852666,1,,,1777553844824392,1777553844852666,1777553844824392,1777553844852666,,,,client-1-3,Insert,-8005458,200,28274
client,client_request,completed,1777553844880732,1,,,1777553844852794,1777553844880732,1777553844852794,1777553844880732,,,,client-1-3,Remove,-507978,200,27938
client,client_request,completed,1777553844908535,1,,,1777553844880857,1777553844908535,1777553844880857,1777553844908535,,,,client-1-3,Remove,4946301,200,27678
client,client_request,completed,1777553844936049,1,,,1777553844908638,1777553844936049,1777553844908638,1777553844936049,,,,client-1-3,Insert,-3858233,200,27411
client,client_request,completed,1777553844964606,1,,,1777553844936154,1777553844964606,1777553844936154,1777553844964606,,,,client-1-3,Insert,13572620,200,28452
client,client_request,completed,1777553844992578,1,,,1777553844964817,1777553844992578,1777553844964817,1777553844992578,,,,client-1-3,Remove,3034758,200,27761
client,client_request,completed,1777553845024788,1,,,1777553844992692,1777553845024788,1777553844992692,1777553845024788,,,,client-1-3,Remove,5017672,200,32096
client,client_request,completed,1777553845056017,1,,,1777553845024865,1777553845056017,1777553845024865,1777553845056017,,,,client-1-3,Insert,-7513138,200,31152
client,client_request,completed,1777553845086972,1,,,1777553845056121,1777553845086972,1777553845056121,1777553845086972,,,,client-1-3,Insert,6958066,200,30851
client,client_request,completed,1777553845116563,1,,,1777553845087086,1777553845116563,1777553845087086,1777553845116563,,,,client-1-3,Remove,15355643,200,29477
client,client_request,completed,1777553845145370,1,,,1777553845116932,1777553845145370,1777553845116932,1777553845145370,,,,client-1-3,Remove,5143470,200,28438
client,client_request,completed,1777553845173559,1,,,1777553845145721,1777553845173559,1777553845145721,1777553845173559,,,,client-1-3,Remove,12362455,200,27838
client,client_request,completed,1777553845201643,1,,,1777553845173915,1777553845201643,1777553845173915,1777553845201643,,,,client-1-3,Remove,3612198,200,27728
client,client_request,completed,1777553845228926,1,,,1777553845201753,1777553845228926,1777553845201753,1777553845228926,,,,client-1-3,Remove,-8986280,200,27173
client,client_request,completed,1777553845256447,1,,,1777553845229289,1777553845256447,1777553845229289,1777553845256447,,,,client-1-3,Remove,15707396,200,27158
client,client_request,completed,1777553845283723,1,,,1777553845256667,1777553845283723,1777553845256667,1777553845283723,,,,client-1-3,Insert,2281459,200,27056
client,client_request,completed,1777553845311496,1,,,1777553845283842,1777553845311496,1777553845283842,1777553845311496,,,,client-1-3,Insert,6208450,200,27654
client,client_request,completed,1777553845339522,1,,,1777553845311598,1777553845339522,1777553845311598,1777553845339522,,,,client-1-3,Insert,12756516,200,27924
client,client_request,completed,1777553845367703,1,,,1777553845339625,1777553845367703,1777553845339625,1777553845367703,,,,client-1-3,Insert,13500032,200,28078
client,client_request,completed,1777553845395469,1,,,1777553845368128,1777553845395469,1777553845368128,1777553845395469,,,,client-1-3,Remove,-12107355,200,27341
client,client_request,completed,1777553845422926,1,,,1777553845395571,1777553845422926,1777553845395571,1777553845422926,,,,client-1-3,Insert,9138817,200,27355
client,client_request,completed,1777553845450195,1,,,1777553845423030,1777553845450195,1777553845423030,1777553845450195,,,,client-1-3,Insert,-2996664,200,27165
client,client_request,completed,1777553845477806,1,,,1777553845450305,1777553845477806,1777553845450305,1777553845477806,,,,client-1-3,Remove,16083237,200,27501
client,client_request,completed,1777553845505329,1,,,1777553845477931,1777553845505329,1777553845477931,1777553845505329,,,,client-1-3,Insert,903326,200,27398
client,client_request,completed,1777553845532746,1,,,1777553845505532,1777553845532746,1777553845505532,1777553845532746,,,,client-1-3,Insert,-6437555,200,27214
client,client_request,completed,1777553845627465,1,,,1777553845532850,1777553845627465,1777553845532850,1777553845627465,,,,client-1-3,Remove,-2081782,200,94615
client,client_request,completed,1777553845655770,1,,,1777553845627570,1777553845655770,1777553845627570,1777553845655770,,,,client-1-3,Remove,-8113624,200,28200
client,client_request,completed,1777553845683924,1,,,1777553845655873,1777553845683924,1777553845655873,1777553845683924,,,,client-1-3,Remove,1424638,200,28051
client,client_request,completed,1777553845712080,1,,,1777553845684027,1777553845712080,1777553845684027,1777553845712080,,,,client-1-3,Remove,1594940,200,28053
client,client_request,completed,1777553845740119,1,,,1777553845712212,1777553845740119,1777553845712212,1777553845740119,,,,client-1-3,Remove,9621377,200,27907
client,client_request,completed,1777553845768313,1,,,1777553845740252,1777553845768313,1777553845740252,1777553845768313,,,,client-1-3,Remove,13293332,200,28061
client,client_request,completed,1777553845796818,1,,,1777553845768415,1777553845796818,1777553845768415,1777553845796818,,,,client-1-3,Remove,-16359065,200,28403
client,client_request,completed,1777553845826326,1,,,1777553845796918,1777553845826326,1777553845796918,1777553845826326,,,,client-1-3,Remove,6516876,200,29408
client,client_request,completed,1777553845854989,1,,,1777553845826428,1777553845854989,1777553845826428,1777553845854989,,,,client-1-3,Insert,6824477,200,28561
client,client_request,completed,1777553845882830,1,,,1777553845855095,1777553845882830,1777553845855095,1777553845882830,,,,client-1-3,Insert,-13013892,200,27735
client,client_request,completed,1777553845911336,1,,,1777553845882932,1777553845911336,1777553845882932,1777553845911336,,,,client-1-3,Insert,4279624,200,28404
client,client_request,completed,1777553845940277,1,,,1777553845911439,1777553845940277,1777553845911439,1777553845940277,,,,client-1-3,Insert,9056422,200,28838
client,client_request,completed,1777553845968981,1,,,1777553845940382,1777553845968981,1777553845940382,1777553845968981,,,,client-1-3,Insert,-14498097,200,28599
client,client_request,completed,1777553845998363,1,,,1777553845969082,1777553845998363,1777553845969082,1777553845998363,,,,client-1-3,Remove,7459266,200,29281
client,client_request,completed,1777553846027346,1,,,1777553845998467,1777553846027346,1777553845998467,1777553846027346,,,,client-1-3,Remove,-14600271,200,28879
client,client_request,completed,1777553846056260,1,,,1777553846027450,1777553846056260,1777553846027450,1777553846056260,,,,client-1-3,Remove,9595959,200,28810
client,client_request,completed,1777553846085559,1,,,1777553846056436,1777553846085559,1777553846056436,1777553846085559,,,,client-1-3,Remove,-533734,200,29123
client,client_request,completed,1777553846114666,1,,,1777553846085660,1777553846114666,1777553846085660,1777553846114666,,,,client-1-3,Insert,7695771,200,29006
client,client_request,completed,1777553846143590,1,,,1777553846114770,1777553846143590,1777553846114770,1777553846143590,,,,client-1-3,Insert,16744327,200,28820
client,client_request,completed,1777553846172158,1,,,1777553846143693,1777553846172158,1777553846143693,1777553846172158,,,,client-1-3,Insert,-14136851,200,28465
client,client_request,completed,1777553846200840,1,,,1777553846172352,1777553846200840,1777553846172352,1777553846200840,,,,client-1-3,Insert,-12863008,200,28488
client,client_request,completed,1777553846230033,1,,,1777553846200945,1777553846230033,1777553846200945,1777553846230033,,,,client-1-3,Insert,16099723,200,29088
client,client_request,completed,1777553846259746,1,,,1777553846230137,1777553846259746,1777553846230137,1777553846259746,,,,client-1-3,Remove,-13661338,200,29609
client,client_request,completed,1777553846289069,1,,,1777553846259854,1777553846289069,1777553846259854,1777553846289069,,,,client-1-3,Remove,7965928,200,29215
client,client_request,completed,1777553846318362,1,,,1777553846289229,1777553846318362,1777553846289229,1777553846318362,,,,client-1-3,Insert,9241232,200,29133
client,client_request,completed,1777553846347061,1,,,1777553846318465,1777553846347061,1777553846318465,1777553846347061,,,,client-1-3,Insert,10481381,200,28596
client,client_request,completed,1777553846375884,1,,,1777553846347165,1777553846375884,1777553846347165,1777553846375884,,,,client-1-3,Insert,12249982,200,28719
client,client_request,completed,1777553846407404,1,,,1777553846375987,1777553846407404,1777553846375987,1777553846407404,,,,client-1-3,Insert,14704073,200,31417
client,client_request,completed,1777553846437021,1,,,1777553846407462,1777553846437021,1777553846407462,1777553846437021,,,,client-1-3,Insert,-11948767,200,29559
client,client_request,completed,1777553846466700,1,,,1777553846437123,1777553846466700,1777553846437123,1777553846466700,,,,client-1-3,Remove,-7313457,200,29577
client,client_request,completed,1777553846495992,1,,,1777553846466919,1777553846495992,1777553846466919,1777553846495992,,,,client-1-3,Insert,10655737,200,29073
client,client_request,completed,1777553846524917,1,,,1777553846496221,1777553846524917,1777553846496221,1777553846524917,,,,client-1-3,Insert,16619815,200,28696
client,client_request,completed,1777553846615475,1,,,1777553846525286,1777553846615475,1777553846525286,1777553846615475,,,,client-1-3,Remove,-14744444,200,90189
client,client_request,completed,1777553846647196,1,,,1777553846615589,1777553846647196,1777553846615589,1777553846647196,,,,client-1-3,Remove,13912357,200,31607
client,client_request,completed,1777553846678614,1,,,1777553846647303,1777553846678614,1777553846647303,1777553846678614,,,,client-1-3,Remove,-4722852,200,31311
client,client_request,completed,1777553846709083,1,,,1777553846678670,1777553846709083,1777553846678670,1777553846709083,,,,client-1-3,Remove,2046565,200,30413
client,client_request,completed,1777553846738459,1,,,1777553846709217,1777553846738459,1777553846709217,1777553846738459,,,,client-1-3,Remove,-4994675,200,29242
client,client_request,completed,1777553846767430,1,,,1777553846738567,1777553846767430,1777553846738567,1777553846767430,,,,client-1-3,Remove,10136056,200,28863
client,client_request,completed,1777553846796566,1,,,1777553846767533,1777553846796566,1777553846767533,1777553846796566,,,,client-1-3,Remove,10849402,200,29033
client,client_request,completed,1777553846825826,1,,,1777553846796667,1777553846825826,1777553846796667,1777553846825826,,,,client-1-3,Remove,-5286214,200,29159
client,client_request,completed,1777553846854602,1,,,1777553846825926,1777553846854602,1777553846825926,1777553846854602,,,,client-1-3,Insert,-10472191,200,28676
client,client_request,completed,1777553846883297,1,,,1777553846854705,1777553846883297,1777553846854705,1777553846883297,,,,client-1-3,Remove,6798516,200,28592
client,client_request,completed,1777553846911483,1,,,1777553846883423,1777553846911483,1777553846883423,1777553846911483,,,,client-1-3,Insert,-16107723,200,28060
client,client_request,completed,1777553846940308,1,,,1777553846911587,1777553846940308,1777553846911587,1777553846940308,,,,client-1-3,Remove,-7066968,200,28721
client,client_request,completed,1777553846968909,1,,,1777553846940411,1777553846968909,1777553846940411,1777553846968909,,,,client-1-3,Insert,-7783807,200,28498
client,client_request,completed,1777553846998383,1,,,1777553846969010,1777553846998383,1777553846969010,1777553846998383,,,,client-1-3,Insert,9985301,200,29373
client,client_request,completed,1777553847028159,1,,,1777553846998495,1777553847028159,1777553846998495,1777553847028159,,,,client-1-3,Insert,-5984646,200,29664
client,client_request,completed,1777553847057163,1,,,1777553847028282,1777553847057163,1777553847028282,1777553847057163,,,,client-1-3,Insert,15709711,200,28881
client,client_request,completed,1777553847086433,1,,,1777553847057265,1777553847086433,1777553847057265,1777553847086433,,,,client-1-3,Insert,16379396,200,29168
client,client_request,completed,1777553847114709,1,,,1777553847086611,1777553847114709,1777553847086611,1777553847114709,,,,client-1-3,Insert,-5327343,200,28098
client,client_request,completed,1777553847143650,1,,,1777553847115003,1777553847143650,1777553847115003,1777553847143650,,,,client-1-3,Insert,3803945,200,28647
client,client_request,completed,1777553847172765,1,,,1777553847143820,1777553847172765,1777553847143820,1777553847172765,,,,client-1-3,Remove,-1116357,200,28945
client,client_request,completed,1777553847201583,1,,,1777553847172867,1777553847201583,1777553847172867,1777553847201583,,,,client-1-3,Remove,13778292,200,28716
client,client_request,completed,1777553847230116,1,,,1777553847201684,1777553847230116,1777553847201684,1777553847230116,,,,client-1-3,Remove,6240006,200,28432
client,client_request,completed,1777553847258729,1,,,1777553847230218,1777553847258729,1777553847230218,1777553847258729,,,,client-1-3,Remove,12550783,200,28511
client,client_request,completed,1777553847287301,1,,,1777553847258832,1777553847287301,1777553847258832,1777553847287301,,,,client-1-3,Insert,2211494,200,28469
client,client_request,completed,1777553847316340,1,,,1777553847287406,1777553847316340,1777553847287406,1777553847316340,,,,client-1-3,Remove,-3825042,200,28934
client,client_request,completed,1777553847344844,1,,,1777553847316708,1777553847344844,1777553847316708,1777553847344844,,,,client-1-3,Remove,-8405246,200,28136
client,client_request,completed,1777553847373223,1,,,1777553847344955,1777553847373223,1777553847344955,1777553847373223,,,,client-1-3,Insert,-13708615,200,28268
client,client_request,completed,1777553847402150,1,,,1777553847373589,1777553847402150,1777553847373589,1777553847402150,,,,client-1-3,Insert,11396832,200,28561
client,client_request,completed,1777553847431105,1,,,1777553847402274,1777553847431105,1777553847402274,1777553847431105,,,,client-1-3,Remove,4228901,200,28831
client,client_request,completed,1777553847460061,1,,,1777553847431229,1777553847460061,1777553847431229,1777553847460061,,,,client-1-3,Remove,-12454768,200,28832
client,client_request,completed,1777553847488657,1,,,1777553847460198,1777553847488657,1777553847460198,1777553847488657,,,,client-1-3,Remove,109726,200,28459
client,client_request,completed,1777553847517266,1,,,1777553847488761,1777553847517266,1777553847488761,1777553847517266,,,,client-1-3,Insert,-7104552,200,28505
client,client_request,completed,1777553847546127,1,,,1777553847517369,1777553847546127,1777553847517369,1777553847546127,,,,client-1-3,Insert,-5625922,200,28758
client,client_request,completed,1777553847639502,1,,,1777553847546230,1777553847639502,1777553847546230,1777553847639502,,,,client-1-3,Insert,304518,200,93272
client,client_request,completed,1777553847668521,1,,,1777553847639687,1777553847668521,1777553847639687,1777553847668521,,,,client-1-3,Remove,14578840,200,28834
client,client_request,completed,1777553847698291,1,,,1777553847668678,1777553847698291,1777553847668678,1777553847698291,,,,client-1-3,Remove,-14074614,200,29613
client,client_request,completed,1777553847728029,1,,,1777553847698396,1777553847728029,1777553847698396,1777553847728029,,,,client-1-3,Insert,3550203,200,29633
client,client_request,completed,1777553847757414,1,,,1777553847728132,1777553847757414,1777553847728132,1777553847757414,,,,client-1-3,Remove,7577690,200,29282
client,client_request,completed,1777553847786902,1,,,1777553847757516,1777553847786902,1777553847757516,1777553847786902,,,,client-1-3,Insert,-6987049,200,29386
client,client_request,completed,1777553847816830,1,,,1777553847787004,1777553847816830,1777553847787004,1777553847816830,,,,client-1-3,Remove,11199076,200,29826
client,client_request,completed,1777553847850410,1,,,1777553847816934,1777553847850410,1777553847816934,1777553847850410,,,,client-1-3,Remove,-14935349,200,33476
client,client_request,completed,1777553847882125,1,,,1777553847850516,1777553847882125,1777553847850516,1777553847882125,,,,client-1-3,Remove,-4840577,200,31609
client,client_request,completed,1777553847911350,1,,,1777553847882494,1777553847911350,1777553847882494,1777553847911350,,,,client-1-3,Remove,619646,200,28856
client,client_request,completed,1777553847939826,1,,,1777553847911464,1777553847939826,1777553847911464,1777553847939826,,,,client-1-3,Insert,834495,200,28362
client,client_request,completed,1777553847968700,1,,,1777553847939931,1777553847968700,1777553847939931,1777553847968700,,,,client-1-3,Remove,-12969908,200,28769
client,client_request,completed,1777553847998349,1,,,1777553847968803,1777553847998349,1777553847968803,1777553847998349,,,,client-1-3,Insert,3227522,200,29546
client,client_request,completed,1777553848026950,1,,,1777553847998473,1777553848026950,1777553847998473,1777553848026950,,,,client-1-3,Remove,-12914127,200,28477
client,client_request,completed,1777553848056045,1,,,1777553848027054,1777553848056045,1777553848027054,1777553848056045,,,,client-1-3,Insert,-12143484,200,28991
client,client_request,completed,1777553848084746,1,,,1777553848056151,1777553848084746,1777553848056151,1777553848084746,,,,client-1-3,Insert,2074497,200,28595
client,client_request,completed,1777553848112972,1,,,1777553848084849,1777553848112972,1777553848084849,1777553848112972,,,,client-1-3,Remove,-10551588,200,28123
client,client_request,completed,1777553848141564,1,,,1777553848113078,1777553848141564,1777553848113078,1777553848141564,,,,client-1-3,Remove,10168466,200,28486
client,client_request,completed,1777553848169582,1,,,1777553848141691,1777553848169582,1777553848141691,1777553848169582,,,,client-1-3,Remove,124254,200,27891
client,client_request,completed,1777553848197959,1,,,1777553848169677,1777553848197959,1777553848169677,1777553848197959,,,,client-1-3,Remove,13104912,200,28282
client,client_request,completed,1777553848226309,1,,,1777553848198061,1777553848226309,1777553848198061,1777553848226309,,,,client-1-3,Remove,6613269,200,28248
client,client_request,completed,1777553848255807,1,,,1777553848226414,1777553848255807,1777553848226414,1777553848255807,,,,client-1-3,Insert,-7496339,200,29393
client,client_request,completed,1777553848284523,1,,,1777553848255913,1777553848284523,1777553848255913,1777553848284523,,,,client-1-3,Remove,10344472,200,28610
client,client_request,completed,1777553848312906,1,,,1777553848284627,1777553848312906,1777553848284627,1777553848312906,,,,client-1-3,Insert,-16423035,200,28279
client,client_request,completed,1777553848341490,1,,,1777553848313009,1777553848341490,1777553848313009,1777553848341490,,,,client-1-3,Remove,-2175954,200,28481
client,client_request,completed,1777553848369947,1,,,1777553848341595,1777553848369947,1777553848341595,1777553848369947,,,,client-1-3,Insert,-26027,200,28352
client,client_request,completed,1777553848398525,1,,,1777553848370049,1777553848398525,1777553848370049,1777553848398525,,,,client-1-3,Remove,4974330,200,28476
client,client_request,completed,1777553848427780,1,,,1777553848398648,1777553848427780,1777553848398648,1777553848427780,,,,client-1-3,Remove,-1658119,200,29132
client,client_request,completed,1777553848456953,1,,,1777553848427883,1777553848456953,1777553848427883,1777553848456953,,,,client-1-3,Remove,1197944,200,29070
client,client_request,completed,1777553848486267,1,,,1777553848457055,1777553848486267,1777553848457055,1777553848486267,,,,client-1-3,Remove,-15138213,200,29212
client,client_request,completed,1777553848514824,1,,,1777553848486374,1777553848514824,1777553848486374,1777553848514824,,,,client-1-3,Insert,11360768,200,28450
client,client_request,completed,1777553848543492,1,,,1777553848514927,1777553848543492,1777553848514927,1777553848543492,,,,client-1-3,Remove,-16425382,200,28565
client,client_request,completed,1777553848636595,1,,,1777553848543595,1777553848636595,1777553848543595,1777553848636595,,,,client-1-3,Remove,3093127,200,93000
client,client_request,completed,1777553848665626,1,,,1777553848636699,1777553848665626,1777553848636699,1777553848665626,,,,client-1-3,Remove,14664305,200,28927
client,client_request,completed,1777553848695364,1,,,1777553848665722,1777553848695364,1777553848665722,1777553848695364,,,,client-1-3,Insert,-2716872,200,29642
client,client_request,completed,1777553848724114,1,,,1777553848695724,1777553848724114,1777553848695724,1777553848724114,,,,client-1-3,Insert,6822334,200,28390
client,client_request,completed,1777553848753022,1,,,1777553848724490,1777553848753022,1777553848724490,1777553848753022,,,,client-1-3,Insert,-9350155,200,28532
client,client_request,completed,1777553848781327,1,,,1777553848753375,1777553848781327,1777553848753375,1777553848781327,,,,client-1-3,Remove,-3952650,200,27952
client,client_request,completed,1777553848810178,1,,,1777553848781428,1777553848810178,1777553848781428,1777553848810178,,,,client-1-3,Remove,6088920,200,28750
client,client_request,completed,1777553848839033,1,,,1777553848810281,1777553848839033,1777553848810281,1777553848839033,,,,client-1-3,Insert,-13096483,200,28752
client,client_request,completed,1777553848867959,1,,,1777553848839136,1777553848867959,1777553848839136,1777553848867959,,,,client-1-3,Insert,6439586,200,28823
client,client_request,completed,1777553848896392,1,,,1777553848868062,1777553848896392,1777553848868062,1777553848896392,,,,client-1-3,Insert,-7943938,200,28330
client,client_request,completed,1777553848925710,1,,,1777553848896493,1777553848925710,1777553848896493,1777553848925710,,,,client-1-3,Remove,219793,200,29217
client,client_request,completed,1777553848956946,1,,,1777553848925812,1777553848956946,1777553848925812,1777553848956946,,,,client-1-3,Insert,1655496,200,31134
client,client_request,completed,1777553848988603,1,,,1777553848957051,1777553848988603,1777553848957051,1777553848988603,,,,client-1-3,Insert,13897509,200,31552
client,client_request,completed,1777553849018076,1,,,1777553848988709,1777553849018076,1777553848988709,1777553849018076,,,,client-1-3,Insert,15731294,200,29367
client,client_request,completed,1777553849046894,1,,,1777553849018181,1777553849046894,1777553849018181,1777553849046894,,,,client-1-3,Remove,1913287,200,28713
client,client_request,completed,1777553849075936,1,,,1777553849046999,1777553849075936,1777553849046999,1777553849075936,,,,client-1-3,Remove,-22669,200,28937
client,client_request,completed,1777553849104928,1,,,1777553849076041,1777553849104928,1777553849076041,1777553849104928,,,,client-1-3,Remove,14111777,200,28887
client,client_request,completed,1777553849134429,1,,,1777553849105033,1777553849134429,1777553849105033,1777553849134429,,,,client-1-3,Remove,-2541577,200,29396
client,client_request,completed,1777553849163101,1,,,1777553849134531,1777553849163101,1777553849134531,1777553849163101,,,,client-1-3,Insert,7837838,200,28570
client,client_request,completed,1777553849191904,1,,,1777553849163204,1777553849191904,1777553849163204,1777553849191904,,,,client-1-3,Insert,-14427817,200,28700
client,client_request,completed,1777553849220734,1,,,1777553849191999,1777553849220734,1777553849191999,1777553849220734,,,,client-1-3,Insert,11461842,200,28735
client,client_request,completed,1777553849249444,1,,,1777553849220998,1777553849249444,1777553849220998,1777553849249444,,,,client-1-3,Insert,-15380497,200,28446
client,client_request,completed,1777553849278267,1,,,1777553849249539,1777553849278267,1777553849249539,1777553849278267,,,,client-1-3,Remove,-12856464,200,28728
client,client_request,completed,1777553849306889,1,,,1777553849278369,1777553849306889,1777553849278369,1777553849306889,,,,client-1-3,Remove,-7276242,200,28520
client,client_request,completed,1777553849335824,1,,,1777553849306991,1777553849335824,1777553849306991,1777553849335824,,,,client-1-3,Remove,-5410793,200,28833
client,client_request,completed,1777553849364550,1,,,1777553849335929,1777553849364550,1777553849335929,1777553849364550,,,,client-1-3,Insert,1479575,200,28621
client,client_request,completed,1777553849393418,1,,,1777553849364654,1777553849393418,1777553849364654,1777553849393418,,,,client-1-3,Remove,-13256000,200,28764
client,client_request,completed,1777553849422646,1,,,1777553849393521,1777553849422646,1777553849393521,1777553849422646,,,,client-1-3,Insert,14541721,200,29125
client,client_request,completed,1777553849453892,1,,,1777553849422751,1777553849453892,1777553849422751,1777553849453892,,,,client-1-3,Remove,-12722889,200,31141
client,client_request,completed,1777553849487248,1,,,1777553849453998,1777553849487248,1777553849453998,1777553849487248,,,,client-1-3,Insert,7949587,200,33250
client,client_request,completed,1777553849520971,1,,,1777553849487349,1777553849520971,1777553849487349,1777553849520971,,,,client-1-3,Remove,6521359,200,33622
client,client_request,completed,1777553849614869,1,,,1777553849521328,1777553849614869,1777553849521328,1777553849614869,,,,client-1-3,Insert,5650247,200,93541
client,client_request,completed,1777553849644453,1,,,1777553849614976,1777553849644453,1777553849614976,1777553849644453,,,,client-1-3,Remove,-1090925,200,29477
client,client_request,completed,1777553849673406,1,,,1777553849644557,1777553849673406,1777553849644557,1777553849673406,,,,client-1-3,Insert,-3954411,200,28849
client,client_request,completed,1777553849702511,1,,,1777553849673509,1777553849702511,1777553849673509,1777553849702511,,,,client-1-3,Remove,-14513335,200,29002
client,client_request,completed,1777553849732317,1,,,1777553849702615,1777553849732317,1777553849702615,1777553849732317,,,,client-1-3,Remove,-2841939,200,29702
client,client_request,completed,1777553849761140,1,,,1777553849732421,1777553849761140,1777553849732421,1777553849761140,,,,client-1-3,Remove,-8635908,200,28719
client,client_request,completed,1777553849789550,1,,,1777553849761245,1777553849789550,1777553849761245,1777553849789550,,,,client-1-3,Remove,-1297097,200,28305
client,client_request,completed,1777553849819463,1,,,1777553849789648,1777553849819463,1777553849789648,1777553849819463,,,,client-1-3,Remove,-775370,200,29815
client,client_request,completed,1777553849848568,1,,,1777553849819564,1777553849848568,1777553849819564,1777553849848568,,,,client-1-3,Remove,-16429744,200,29004
client,client_request,completed,1777553849877536,1,,,1777553849848671,1777553849877536,1777553849848671,1777553849877536,,,,client-1-3,Remove,-16068869,200,28865
client,client_request,completed,1777553849906123,1,,,1777553849877630,1777553849906123,1777553849877630,1777553849906123,,,,client-1-3,Remove,7832188,200,28493
client,client_request,completed,1777553849934378,1,,,1777553849906225,1777553849934378,1777553849906225,1777553849934378,,,,client-1-3,Insert,3866895,200,28153
client,client_request,completed,1777553849963008,1,,,1777553849934483,1777553849963008,1777553849934483,1777553849963008,,,,client-1-3,Remove,12309996,200,28525
client,client_request,completed,1777553849991738,1,,,1777553849963111,1777553849991738,1777553849963111,1777553849991738,,,,client-1-3,Insert,1656201,200,28627
client,client_request,completed,1777553850020624,1,,,1777553849991899,1777553850020624,1777553849991899,1777553850020624,,,,client-1-3,Insert,-11979952,200,28725
client,client_request,completed,1777553850049547,1,,,1777553850020756,1777553850049547,1777553850020756,1777553850049547,,,,client-1-3,Remove,-2145557,200,28791
client,client_request,completed,1777553850078542,1,,,1777553850049650,1777553850078542,1777553850049650,1777553850078542,,,,client-1-3,Remove,-13628922,200,28892
client,client_request,completed,1777553850107105,1,,,1777553850078646,1777553850107105,1777553850078646,1777553850107105,,,,client-1-3,Remove,10393975,200,28459
client,client_request,completed,1777553850135810,1,,,1777553850107216,1777553850135810,1777553850107216,1777553850135810,,,,client-1-3,Insert,-11424193,200,28594
client,client_request,completed,1777553850164711,1,,,1777553850136009,1777553850164711,1777553850136009,1777553850164711,,,,client-1-3,Remove,-7959726,200,28702
client,client_request,completed,1777553850193462,1,,,1777553850164814,1777553850193462,1777553850164814,1777553850193462,,,,client-1-3,Remove,-368070,200,28648
client,client_request,completed,1777553850221967,1,,,1777553850193563,1777553850221967,1777553850193563,1777553850221967,,,,client-1-3,Remove,-2629431,200,28404
client,client_request,completed,1777553850250689,1,,,1777553850222070,1777553850250689,1777553850222070,1777553850250689,,,,client-1-3,Insert,-12246034,200,28619
client,client_request,completed,1777553850280167,1,,,1777553850250816,1777553850280167,1777553850250816,1777553850280167,,,,client-1-3,Remove,-6134262,200,29351
client,client_request,completed,1777553850309591,1,,,1777553850280557,1777553850309591,1777553850280557,1777553850309591,,,,client-1-3,Insert,-6795781,200,29034
client,client_request,completed,1777553850338505,1,,,1777553850309686,1777553850338505,1777553850309686,1777553850338505,,,,client-1-3,Remove,8427218,200,28819
client,client_request,completed,1777553850367734,1,,,1777553850338608,1777553850367734,1777553850338608,1777553850367734,,,,client-1-3,Remove,-10998374,200,29126
client,client_request,completed,1777553850396235,1,,,1777553850367837,1777553850396235,1777553850367837,1777553850396235,,,,client-1-3,Insert,4758834,200,28398
client,client_request,completed,1777553850427120,1,,,1777553850396339,1777553850427120,1777553850396339,1777553850427120,,,,client-1-3,Insert,9918322,200,30781
client,client_request,completed,1777553850456893,1,,,1777553850427225,1777553850456893,1777553850427225,1777553850456893,,,,client-1-3,Remove,12080379,200,29668
client,client_request,completed,1777553850486741,1,,,1777553850456998,1777553850486741,1777553850456998,1777553850486741,,,,client-1-3,Remove,-2048795,200,29743
client,client_request,completed,1777553850516293,1,,,1777553850486845,1777553850516293,1777553850486845,1777553850516293,,,,client-1-3,Insert,-3670166,200,29448
client,client_request,completed,1777553850606336,1,,,1777553850516422,1777553850606336,1777553850516422,1777553850606336,,,,client-1-3,Remove,-14907343,200,89914
client,client_request,completed,1777553850639334,1,,,1777553850606446,1777553850639334,1777553850606446,1777553850639334,,,,client-1-3,Remove,5098758,200,32888
client,client_request,completed,1777553850668685,1,,,1777553850639438,1777553850668685,1777553850639438,1777553850668685,,,,client-1-3,Insert,7025620,200,29247
client,client_request,completed,1777553850698781,1,,,1777553850668792,1777553850698781,1777553850668792,1777553850698781,,,,client-1-3,Remove,-12598540,200,29989
client,client_request,completed,1777553850728968,1,,,1777553850698886,1777553850728968,1777553850698886,1777553850728968,,,,client-1-3,Insert,12270250,200,30082
client,client_request,completed,1777553850758355,1,,,1777553850729071,1777553850758355,1777553850729071,1777553850758355,,,,client-1-3,Insert,16573505,200,29284
client,client_request,completed,1777553850787736,1,,,1777553850758459,1777553850787736,1777553850758459,1777553850787736,,,,client-1-3,Insert,12862007,200,29277
client,client_request,completed,1777553850818355,1,,,1777553850787837,1777553850818355,1777553850787837,1777553850818355,,,,client-1-3,Remove,-2194241,200,30518
client,client_request,completed,1777553850848484,1,,,1777553850818477,1777553850848484,1777553850818477,1777553850848484,,,,client-1-3,Remove,10570353,200,30007
client,client_request,completed,1777553850878164,1,,,1777553850848589,1777553850878164,1777553850848589,1777553850878164,,,,client-1-3,Remove,13849768,200,29575
client,client_request,completed,1777553850908210,1,,,1777553850878270,1777553850908210,1777553850878270,1777553850908210,,,,client-1-3,Insert,4697316,200,29940
client,client_request,completed,1777553850939168,1,,,1777553850908315,1777553850939168,1777553850908315,1777553850939168,,,,client-1-3,Insert,-11267583,200,30853
client,client_request,completed,1777553850969043,1,,,1777553850939533,1777553850969043,1777553850939533,1777553850969043,,,,client-1-3,Remove,11887499,200,29510
client,client_request,completed,1777553850999294,1,,,1777553850969158,1777553850999294,1777553850969158,1777553850999294,,,,client-1-3,Remove,2906177,200,30136
client,client_request,completed,1777553851029086,1,,,1777553850999399,1777553851029086,1777553850999399,1777553851029086,,,,client-1-3,Insert,-16682999,200,29687
client,client_request,completed,1777553851058798,1,,,1777553851029188,1777553851058798,1777553851029188,1777553851058798,,,,client-1-3,Remove,13289121,200,29610
client,client_request,completed,1777553851088479,1,,,1777553851058902,1777553851088479,1777553851058902,1777553851088479,,,,client-1-3,Insert,9743962,200,29577
client,client_request,completed,1777553851118582,1,,,1777553851088582,1777553851118582,1777553851088582,1777553851118582,,,,client-1-3,Insert,15683651,200,30000
client,client_request,completed,1777553851148062,1,,,1777553851118687,1777553851148062,1777553851118687,1777553851148062,,,,client-1-3,Remove,-1472577,200,29375
client,client_request,completed,1777553851177447,1,,,1777553851148165,1777553851177447,1777553851148165,1777553851177447,,,,client-1-3,Remove,-3627841,200,29282
client,client_request,completed,1777553851206707,1,,,1777553851177551,1777553851206707,1777553851177551,1777553851206707,,,,client-1-3,Insert,14061692,200,29156
client,client_request,completed,1777553851236420,1,,,1777553851206842,1777553851236420,1777553851206842,1777553851236420,,,,client-1-3,Remove,-7655408,200,29578
client,client_request,completed,1777553851266046,1,,,1777553851236527,1777553851266046,1777553851236527,1777553851266046,,,,client-1-3,Insert,9391431,200,29519
client,client_request,completed,1777553851296252,1,,,1777553851266151,1777553851296252,1777553851266151,1777553851296252,,,,client-1-3,Insert,-13474978,200,30101
client,client_request,completed,1777553851325953,1,,,1777553851296360,1777553851325953,1777553851296360,1777553851325953,,,,client-1-3,Remove,-15124877,200,29593
client,client_request,completed,1777553851355227,1,,,1777553851326056,1777553851355227,1777553851326056,1777553851355227,,,,client-1-3,Insert,-7085840,200,29171
client,client_request,completed,1777553851384830,1,,,1777553851355361,1777553851384830,1777553851355361,1777553851384830,,,,client-1-3,Insert,-12680247,200,29469
client,client_request,completed,1777553851414650,1,,,1777553851385191,1777553851414650,1777553851385191,1777553851414650,,,,client-1-3,Insert,-5939126,200,29459
client,client_request,completed,1777553851444316,1,,,1777553851415016,1777553851444316,1777553851415016,1777553851444316,,,,client-1-3,Insert,10519272,200,29300
client,client_request,completed,1777553851474145,1,,,1777553851444413,1777553851474145,1777553851444413,1777553851474145,,,,client-1-3,Insert,-4504842,200,29732
client,client_request,completed,1777553851504132,1,,,1777553851474249,1777553851504132,1777553851474249,1777553851504132,,,,client-1-3,Insert,13369116,200,29883
client,client_request,completed,1777553851533530,1,,,1777553851504279,1777553851533530,1777553851504279,1777553851533530,,,,client-1-3,Remove,4330733,200,29251
client,client_request,completed,1777553851627820,1,,,1777553851533637,1777553851627820,1777553851533637,1777553851627820,,,,client-1-3,Insert,15018141,200,94183
client,client_request,completed,1777553851658785,1,,,1777553851627944,1777553851658785,1777553851627944,1777553851658785,,,,client-1-3,Insert,-557386,200,30841
client,client_request,completed,1777553851688619,1,,,1777553851659135,1777553851688619,1777553851659135,1777553851688619,,,,client-1-3,Remove,-15769164,200,29484
client,client_request,completed,1777553851718897,1,,,1777553851688725,1777553851718897,1777553851688725,1777553851718897,,,,client-1-3,Remove,9607840,200,30172
client,client_request,completed,1777553851748577,1,,,1777553851719002,1777553851748577,1777553851719002,1777553851748577,,,,client-1-3,Insert,-8322004,200,29575
client,client_request,completed,1777553851778841,1,,,1777553851748709,1777553851778841,1777553851748709,1777553851778841,,,,client-1-3,Insert,-3818124,200,30132
client,client_request,completed,1777553851809459,1,,,1777553851778942,1777553851809459,1777553851778942,1777553851809459,,,,client-1-3,Remove,-5635700,200,30517
client,client_request,completed,1777553851839404,1,,,1777553851809561,1777553851839404,1777553851809561,1777553851839404,,,,client-1-3,Insert,-7200297,200,29843
client,client_request,completed,1777553851869374,1,,,1777553851839616,1777553851869374,1777553851839616,1777553851869374,,,,client-1-3,Remove,-3629394,200,29758
client,client_request,completed,1777553851899052,1,,,1777553851869585,1777553851899052,1777553851869585,1777553851899052,,,,client-1-3,Remove,-9235539,200,29467
client,client_request,completed,1777553851929137,1,,,1777553851899415,1777553851929137,1777553851899415,1777553851929137,,,,client-1-3,Insert,-12379409,200,29722
client,client_request,completed,1777553851959876,1,,,1777553851929241,1777553851959876,1777553851929241,1777553851959876,,,,client-1-3,Insert,-14516167,200,30635
client,client_request,completed,1777553851993385,1,,,1777553851959981,1777553851993385,1777553851959981,1777553851993385,,,,client-1-3,Insert,9301054,200,33404
client,client_request,completed,1777553852025676,1,,,1777553851993487,1777553852025676,1777553851993487,1777553852025676,,,,client-1-3,Remove,13802836,200,32189
client,client_request,completed,1777553852057933,1,,,1777553852025780,1777553852057933,1777553852025780,1777553852057933,,,,client-1-3,Remove,-3792474,200,32153
client,client_request,completed,1777553852106014,1,,,1777553852058038,1777553852106014,1777553852058038,1777553852106014,,,,client-1-3,Remove,-7724111,200,47976
client,client_request,completed,1777553852137517,1,,,1777553852106067,1777553852137517,1777553852106067,1777553852137517,,,,client-1-3,Insert,1704197,200,31450
client,client_request,completed,1777553852170685,1,,,1777553852137620,1777553852170685,1777553852137620,1777553852170685,,,,client-1-3,Remove,10782695,200,33065
client,client_request,completed,1777553852201314,1,,,1777553852170788,1777553852201314,1777553852170788,1777553852201314,,,,client-1-3,Remove,3746576,200,30526
client,client_request,completed,1777553852231599,1,,,1777553852201416,1777553852231599,1777553852201416,1777553852231599,,,,client-1-3,Remove,-7009734,200,30183
client,client_request,completed,1777553852261986,1,,,1777553852231705,1777553852261986,1777553852231705,1777553852261986,,,,client-1-3,Remove,8551340,200,30281
client,client_request,completed,1777553852295162,1,,,1777553852262110,1777553852295162,1777553852262110,1777553852295162,,,,client-1-3,Insert,-3026096,200,33052
client,client_request,completed,1777553852325152,1,,,1777553852295526,1777553852325152,1777553852295526,1777553852325152,,,,client-1-3,Insert,-15612225,200,29626
client,client_request,completed,1777553852356872,1,,,1777553852325255,1777553852356872,1777553852325255,1777553852356872,,,,client-1-3,Remove,-7217141,200,31617
client,client_request,completed,1777553852387824,1,,,1777553852357095,1777553852387824,1777553852357095,1777553852387824,,,,client-1-3,Insert,-15071158,200,30729
client,client_request,completed,1777553852418811,1,,,1777553852387928,1777553852418811,1777553852387928,1777553852418811,,,,client-1-3,Insert,-12691261,200,30883
client,client_request,completed,1777553852450390,1,,,1777553852418914,1777553852450390,1777553852418914,1777553852450390,,,,client-1-3,Remove,-15022785,200,31476
client,client_request,completed,1777553852481049,1,,,1777553852450602,1777553852481049,1777553852450602,1777553852481049,,,,client-1-3,Remove,6285853,200,30447
client,client_request,completed,1777553852512997,1,,,1777553852481182,1777553852512997,1777553852481182,1777553852512997,,,,client-1-3,Remove,15283269,200,31815
client,client_request,completed,1777553852543443,1,,,1777553852513100,1777553852543443,1777553852513100,1777553852543443,,,,client-1-3,Remove,-7087685,200,30343
client,client_request,completed,1777553852638726,1,,,1777553852543651,1777553852638726,1777553852543651,1777553852638726,,,,client-1-3,Insert,-900458,200,95075
client,client_request,completed,1777553852670494,1,,,1777553852638831,1777553852670494,1777553852638831,1777553852670494,,,,client-1-3,Insert,12369996,200,31663
client,client_request,completed,1777553852701176,1,,,1777553852670707,1777553852701176,1777553852670707,1777553852701176,,,,client-1-3,Insert,-593050,200,30469
client,client_request,completed,1777553852734589,1,,,1777553852701308,1777553852734589,1777553852701308,1777553852734589,,,,client-1-3,Insert,-4440544,200,33281
client,client_request,completed,1777553852765474,1,,,1777553852734799,1777553852765474,1777553852734799,1777553852765474,,,,client-1-3,Remove,-10414904,200,30675
client,client_request,completed,1777553852796714,1,,,1777553852765578,1777553852796714,1777553852765578,1777553852796714,,,,client-1-3,Insert,5893823,200,31136
client,client_request,completed,1777553852828009,1,,,1777553852796816,1777553852828009,1777553852796816,1777553852828009,,,,client-1-3,Remove,8495380,200,31193
client,client_request,completed,1777553852859066,1,,,1777553852828108,1777553852859066,1777553852828108,1777553852859066,,,,client-1-3,Remove,-5720273,200,30958
client,client_request,completed,1777553852889782,1,,,1777553852859169,1777553852889782,1777553852859169,1777553852889782,,,,client-1-3,Insert,-2361374,200,30613
client,client_request,completed,1777553852921360,1,,,1777553852889886,1777553852921360,1777553852889886,1777553852921360,,,,client-1-3,Insert,-6707872,200,31474
client,client_request,completed,1777553852954528,1,,,1777553852921459,1777553852954528,1777553852921459,1777553852954528,,,,client-1-3,Insert,-9273033,200,33069
client,client_request,completed,1777553852987918,1,,,1777553852954631,1777553852987918,1777553852954631,1777553852987918,,,,client-1-3,Insert,-16118548,200,33287
client,client_request,completed,1777553853026754,1,,,1777553852988026,1777553853026754,1777553852988026,1777553853026754,,,,client-1-3,Insert,-11192435,200,38728
client,client_request,completed,1777553853063824,1,,,1777553853026869,1777553853063824,1777553853026869,1777553853063824,,,,client-1-3,Insert,-364020,200,36955
